id,Gender,Customer Type,Age,Type of Travel,Class,Flight Distance,Inflight wifi service,Departure/Arrival time convenient,Ease of Online booking,Gate location,Food and drink,Online boarding,Seat comfort,Inflight entertainment,On-board service,Leg room service,Baggage handling,Checkin service,Inflight service,Cleanliness,Departure Delay in Minutes,Arrival Delay in Minutes,satisfaction
26463,Female,Loyal Customer,54,Personal Travel,Eco,925,3,4,4,4,3,3,4,4,4,4,4,3,4,2,0,1.0,neutral or dissatisfied
46257,Female,Loyal Customer,69,Personal Travel,Eco,624,3,1,3,4,4,3,3,4,4,3,4,1,4,3,36,33.0,neutral or dissatisfied
33133,Male,Loyal Customer,48,Personal Travel,Eco,102,4,4,4,3,1,4,1,1,4,3,5,5,5,1,1,4.0,satisfied
74876,Female,Loyal Customer,52,Personal Travel,Eco,2239,0,5,1,3,5,5,4,3,3,1,3,5,3,3,0,0.0,satisfied
113702,Female,Loyal Customer,26,Personal Travel,Eco,414,1,4,1,4,1,1,2,1,3,2,3,4,4,1,0,1.0,neutral or dissatisfied
41096,Female,Loyal Customer,35,Business travel,Eco,191,4,1,1,1,4,4,4,4,2,4,1,5,3,4,0,0.0,satisfied
56695,Male,Loyal Customer,48,Personal Travel,Eco,997,4,4,3,3,3,3,3,3,4,4,4,5,5,3,0,6.0,neutral or dissatisfied
50895,Male,Loyal Customer,30,Personal Travel,Eco,199,1,5,0,3,5,0,5,5,3,3,5,4,4,5,0,0.0,neutral or dissatisfied
49983,Male,Loyal Customer,41,Business travel,Eco,308,1,5,5,5,1,1,1,1,2,3,4,2,3,1,0,0.0,neutral or dissatisfied
67231,Male,Loyal Customer,28,Personal Travel,Eco,1121,1,3,1,3,5,1,5,5,3,1,4,3,3,5,8,0.0,neutral or dissatisfied
61852,Male,Loyal Customer,27,Personal Travel,Eco Plus,1635,0,4,0,2,5,0,5,5,1,2,3,3,5,5,14,8.0,satisfied
50265,Male,Loyal Customer,34,Business travel,Business,2501,3,1,1,1,4,4,3,4,4,4,3,1,4,1,0,0.0,neutral or dissatisfied
128622,Male,disloyal Customer,46,Business travel,Business,954,5,5,5,1,1,5,5,1,3,4,4,5,5,1,0,0.0,satisfied
45431,Male,Loyal Customer,28,Business travel,Business,649,3,3,3,3,2,2,2,2,1,2,5,4,5,2,0,0.0,satisfied
53334,Female,Loyal Customer,63,Personal Travel,Eco Plus,758,4,5,4,3,4,4,4,4,3,4,5,4,4,4,146,124.0,neutral or dissatisfied
110659,Female,disloyal Customer,27,Business travel,Business,829,1,1,1,4,1,1,1,1,4,3,4,5,5,1,0,0.0,neutral or dissatisfied
91069,Male,Loyal Customer,57,Personal Travel,Eco,406,2,1,2,4,3,2,3,3,2,5,3,4,3,3,0,12.0,neutral or dissatisfied
49490,Male,Loyal Customer,35,Business travel,Business,2783,2,5,5,5,4,3,4,2,2,2,2,4,2,3,0,1.0,neutral or dissatisfied
118151,Male,Loyal Customer,31,Business travel,Business,1444,4,4,4,4,5,5,5,5,2,4,5,5,5,5,194,231.0,satisfied
72718,Female,Loyal Customer,59,Business travel,Business,2658,4,4,4,4,2,5,5,4,4,4,4,4,4,4,89,71.0,satisfied
106072,Male,Loyal Customer,32,Business travel,Business,302,1,1,1,1,4,4,4,4,5,4,4,5,4,4,21,6.0,satisfied
44266,Male,Loyal Customer,16,Personal Travel,Eco,222,3,1,3,3,1,3,5,1,1,4,3,3,3,1,0,0.0,neutral or dissatisfied
10303,Female,Loyal Customer,53,Business travel,Business,2553,1,1,1,1,5,5,4,4,4,4,4,3,4,5,9,8.0,satisfied
71407,Male,Loyal Customer,52,Business travel,Eco,334,3,4,4,4,3,3,3,3,4,1,3,2,4,3,98,91.0,neutral or dissatisfied
9327,Female,Loyal Customer,58,Personal Travel,Eco,542,1,4,1,5,3,5,3,1,1,1,3,1,1,1,5,0.0,neutral or dissatisfied
14107,Female,Loyal Customer,65,Personal Travel,Eco,453,3,2,3,3,3,4,4,4,3,3,3,4,4,4,514,624.0,neutral or dissatisfied
116555,Male,Loyal Customer,68,Personal Travel,Eco,358,1,5,1,5,3,1,3,3,5,2,4,5,5,3,11,8.0,neutral or dissatisfied
128279,Male,Loyal Customer,42,Personal Travel,Business,646,1,3,1,3,2,3,4,1,1,1,1,4,1,4,0,15.0,neutral or dissatisfied
98088,Female,Loyal Customer,28,Business travel,Eco,845,2,5,5,5,2,2,2,2,4,5,3,3,4,2,0,0.0,neutral or dissatisfied
33281,Female,Loyal Customer,42,Personal Travel,Eco Plus,216,4,2,4,3,1,2,3,2,2,4,4,3,2,4,0,0.0,satisfied
53291,Female,Loyal Customer,45,Business travel,Eco,758,5,3,3,3,4,5,3,5,5,5,5,5,5,3,1,0.0,satisfied
114640,Male,Loyal Customer,51,Business travel,Business,308,2,2,2,2,5,4,5,4,4,4,4,4,4,3,19,15.0,satisfied
54847,Male,Loyal Customer,25,Business travel,Business,862,5,5,5,5,4,4,4,4,4,4,4,4,5,4,0,0.0,satisfied
127058,Female,Loyal Customer,57,Business travel,Business,3516,1,1,2,1,2,5,5,4,4,4,4,3,4,5,0,0.0,satisfied
74327,Female,Loyal Customer,49,Business travel,Business,3386,4,1,1,1,2,4,3,4,4,4,4,4,4,3,7,3.0,neutral or dissatisfied
101661,Female,Loyal Customer,44,Business travel,Business,2106,2,2,2,2,5,3,4,4,4,4,4,3,4,5,0,0.0,satisfied
21674,Female,Loyal Customer,31,Business travel,Business,2353,1,1,1,1,4,4,4,4,5,1,3,2,2,4,0,0.0,satisfied
104092,Male,disloyal Customer,30,Business travel,Eco,588,4,2,4,3,4,4,3,4,1,3,3,2,4,4,0,0.0,neutral or dissatisfied
94846,Male,Loyal Customer,16,Business travel,Business,1912,2,4,4,4,2,2,2,2,2,2,3,3,4,2,3,0.0,neutral or dissatisfied
40291,Female,Loyal Customer,30,Personal Travel,Eco,347,2,5,2,3,2,2,2,2,3,2,5,3,1,2,65,49.0,neutral or dissatisfied
105288,Female,Loyal Customer,58,Business travel,Business,2089,4,4,4,4,3,5,5,4,4,4,4,5,4,5,0,0.0,satisfied
114395,Male,Loyal Customer,44,Business travel,Business,373,5,5,5,5,3,4,4,4,4,4,4,5,4,4,0,0.0,satisfied
111902,Female,Loyal Customer,7,Personal Travel,Eco,804,3,4,3,4,4,3,4,4,2,4,4,2,3,4,15,15.0,neutral or dissatisfied
5347,Female,Loyal Customer,57,Business travel,Business,3409,1,1,1,1,5,5,5,2,2,2,2,4,2,5,0,0.0,satisfied
121038,Male,Loyal Customer,68,Personal Travel,Eco,861,0,4,0,3,5,0,5,5,4,2,4,3,5,5,0,0.0,satisfied
4057,Male,Loyal Customer,29,Personal Travel,Eco,479,2,4,2,1,1,2,1,1,1,2,5,5,1,1,67,39.0,neutral or dissatisfied
100325,Male,Loyal Customer,29,Business travel,Eco,1034,2,3,3,3,2,2,2,2,4,4,2,3,3,2,10,20.0,neutral or dissatisfied
101987,Female,Loyal Customer,49,Personal Travel,Eco,628,3,4,3,2,4,5,4,5,5,3,5,4,5,5,0,0.0,neutral or dissatisfied
38266,Male,disloyal Customer,27,Business travel,Business,1133,4,4,4,3,4,4,5,4,4,3,3,2,3,4,0,8.0,neutral or dissatisfied
102085,Male,Loyal Customer,45,Business travel,Business,391,4,4,4,4,3,5,4,4,4,4,4,5,4,3,0,0.0,satisfied
66616,Female,Loyal Customer,54,Business travel,Business,802,5,5,5,5,3,4,4,5,5,4,5,5,5,4,71,70.0,satisfied
80062,Female,Loyal Customer,12,Personal Travel,Eco,1076,2,2,2,4,5,2,5,5,3,5,3,3,3,5,1,0.0,neutral or dissatisfied
9909,Male,Loyal Customer,35,Business travel,Business,357,3,3,3,3,2,4,4,4,4,4,4,5,4,4,0,0.0,satisfied
19650,Female,Loyal Customer,28,Business travel,Business,1563,5,5,5,5,4,4,4,4,1,2,5,3,4,4,0,0.0,satisfied
100963,Male,Loyal Customer,70,Personal Travel,Eco,1142,1,5,1,4,2,1,4,2,3,5,5,3,5,2,14,34.0,neutral or dissatisfied
80614,Female,Loyal Customer,32,Business travel,Business,236,2,5,5,5,2,2,2,2,1,1,3,3,4,2,0,0.0,neutral or dissatisfied
49624,Male,Loyal Customer,38,Business travel,Eco,373,2,5,5,5,2,2,2,2,5,4,1,3,2,2,0,0.0,satisfied
118333,Female,Loyal Customer,42,Business travel,Eco,602,1,2,2,2,3,3,4,1,1,1,1,3,1,3,28,6.0,neutral or dissatisfied
8830,Male,Loyal Customer,57,Personal Travel,Eco,552,3,5,3,3,4,3,4,4,4,5,4,3,5,4,0,0.0,neutral or dissatisfied
26642,Female,disloyal Customer,40,Business travel,Business,581,3,3,3,3,2,3,2,2,1,5,4,2,1,2,0,0.0,neutral or dissatisfied
86990,Female,Loyal Customer,43,Personal Travel,Eco,907,1,4,1,1,2,5,4,2,2,1,2,3,2,3,52,47.0,neutral or dissatisfied
34450,Female,Loyal Customer,58,Business travel,Business,2930,4,4,4,4,4,2,1,4,4,4,4,5,4,4,0,0.0,satisfied
27615,Female,Loyal Customer,45,Personal Travel,Eco,697,3,4,3,3,5,3,4,5,5,3,5,4,5,2,1,7.0,neutral or dissatisfied
14617,Male,Loyal Customer,40,Business travel,Business,450,3,5,4,4,4,4,3,3,3,4,3,3,3,1,38,29.0,neutral or dissatisfied
88492,Male,Loyal Customer,38,Business travel,Business,2533,1,2,2,2,1,1,4,1,1,1,1,2,1,2,4,0.0,neutral or dissatisfied
56905,Female,Loyal Customer,54,Business travel,Business,2565,2,2,2,2,5,5,5,5,2,5,5,5,3,5,23,26.0,satisfied
29843,Male,Loyal Customer,34,Business travel,Business,2482,4,4,4,4,1,1,4,5,5,5,3,1,5,1,0,0.0,satisfied
23931,Male,Loyal Customer,15,Business travel,Eco Plus,589,5,3,4,3,5,5,4,5,2,2,4,3,1,5,0,2.0,satisfied
115246,Male,disloyal Customer,37,Business travel,Business,337,4,4,4,1,5,4,5,5,5,2,4,3,4,5,0,0.0,satisfied
59554,Female,Loyal Customer,55,Business travel,Business,2237,5,5,4,5,2,4,5,4,4,4,4,4,4,4,39,26.0,satisfied
31238,Female,Loyal Customer,41,Business travel,Eco,472,4,4,4,4,4,4,4,4,4,5,1,5,4,4,11,8.0,satisfied
47514,Female,Loyal Customer,39,Personal Travel,Eco,599,4,5,4,2,5,4,5,5,5,5,2,5,4,5,6,0.0,neutral or dissatisfied
10558,Female,Loyal Customer,48,Business travel,Business,201,4,4,4,4,2,4,5,4,4,5,5,3,4,3,0,9.0,satisfied
5991,Female,Loyal Customer,54,Business travel,Business,691,3,3,3,3,3,5,4,2,2,2,2,5,2,3,0,36.0,satisfied
73023,Female,Loyal Customer,46,Personal Travel,Eco,1096,3,3,3,3,3,4,3,2,2,3,2,1,2,3,0,0.0,neutral or dissatisfied
76066,Female,Loyal Customer,25,Business travel,Business,2973,4,4,4,4,3,3,3,3,5,2,5,4,4,3,0,0.0,satisfied
35214,Female,Loyal Customer,48,Business travel,Eco,1028,5,3,3,3,3,3,1,5,5,5,5,3,5,1,0,7.0,satisfied
6373,Female,Loyal Customer,60,Business travel,Eco,296,3,3,2,2,3,3,4,3,3,3,3,4,3,4,0,15.0,neutral or dissatisfied
42508,Female,Loyal Customer,43,Business travel,Eco Plus,541,1,2,2,2,5,4,3,1,1,1,1,4,1,2,0,0.0,neutral or dissatisfied
7956,Male,disloyal Customer,25,Business travel,Business,594,2,5,2,3,2,2,2,2,5,2,5,3,5,2,2,0.0,neutral or dissatisfied
3155,Female,Loyal Customer,23,Personal Travel,Eco,140,3,5,3,4,4,3,4,4,3,1,2,1,2,4,0,0.0,neutral or dissatisfied
105385,Male,Loyal Customer,31,Business travel,Eco,369,4,3,3,3,4,4,4,4,1,4,4,1,4,4,26,13.0,neutral or dissatisfied
28228,Female,Loyal Customer,55,Personal Travel,Business,1009,4,2,4,4,1,3,4,4,4,4,4,2,4,3,0,0.0,neutral or dissatisfied
86085,Female,Loyal Customer,41,Business travel,Business,3852,4,4,4,4,3,5,4,4,4,4,4,3,4,3,0,0.0,satisfied
101789,Female,disloyal Customer,14,Business travel,Eco,1521,3,3,3,4,2,3,2,2,1,2,4,3,4,2,35,40.0,neutral or dissatisfied
106569,Female,Loyal Customer,24,Business travel,Business,1506,3,3,1,3,4,4,4,4,5,3,4,4,5,4,87,78.0,satisfied
112496,Male,Loyal Customer,59,Personal Travel,Eco,850,2,5,2,3,3,2,3,3,4,2,4,5,4,3,13,5.0,neutral or dissatisfied
25239,Male,Loyal Customer,64,Personal Travel,Eco,925,3,3,3,2,2,3,2,2,2,5,3,4,2,2,0,10.0,neutral or dissatisfied
78240,Male,Loyal Customer,64,Business travel,Eco Plus,259,1,1,1,1,1,1,1,1,2,5,3,3,3,1,12,10.0,neutral or dissatisfied
89315,Male,Loyal Customer,9,Personal Travel,Business,1587,4,5,4,2,5,4,5,5,3,3,4,4,5,5,44,41.0,neutral or dissatisfied
81144,Female,Loyal Customer,26,Personal Travel,Business,1310,2,4,2,4,2,2,2,2,3,3,5,5,5,2,0,0.0,neutral or dissatisfied
56961,Male,Loyal Customer,61,Business travel,Business,925,3,3,3,3,3,3,3,3,5,4,4,3,4,3,0,2.0,neutral or dissatisfied
3273,Male,Loyal Customer,51,Business travel,Eco,479,4,2,2,2,4,4,4,4,3,2,4,5,4,4,0,0.0,satisfied
85436,Female,Loyal Customer,60,Business travel,Eco,332,3,1,1,1,5,3,2,2,2,3,2,2,2,1,0,1.0,neutral or dissatisfied
92320,Female,Loyal Customer,49,Business travel,Business,2486,2,2,3,2,5,5,5,5,3,4,4,5,5,5,0,9.0,satisfied
108418,Male,disloyal Customer,27,Business travel,Business,1444,4,4,4,4,5,4,5,5,4,5,4,3,4,5,7,1.0,neutral or dissatisfied
80260,Male,Loyal Customer,57,Personal Travel,Eco,1969,2,3,2,3,1,2,1,1,1,5,3,2,4,1,11,3.0,neutral or dissatisfied
70510,Male,Loyal Customer,32,Personal Travel,Eco,867,3,4,3,2,4,3,2,4,4,2,5,1,5,4,0,0.0,neutral or dissatisfied
118201,Female,Loyal Customer,31,Personal Travel,Eco,1444,1,4,1,3,4,1,4,4,4,3,4,4,3,4,1,,neutral or dissatisfied
124385,Male,Loyal Customer,39,Personal Travel,Eco,808,2,4,2,4,3,2,3,3,4,1,3,2,3,3,15,3.0,neutral or dissatisfied
85756,Male,disloyal Customer,20,Business travel,Business,666,0,4,0,3,4,0,4,4,4,3,5,4,5,4,28,25.0,satisfied
54376,Male,disloyal Customer,28,Business travel,Eco,305,3,5,3,3,2,3,2,2,2,1,3,1,4,2,6,0.0,neutral or dissatisfied
128887,Female,Loyal Customer,43,Business travel,Eco,2454,4,2,2,2,4,4,4,4,4,2,3,4,3,4,30,27.0,neutral or dissatisfied
66627,Female,Loyal Customer,70,Personal Travel,Business,802,1,2,1,3,1,3,3,4,4,1,4,2,4,1,0,0.0,neutral or dissatisfied
35058,Female,disloyal Customer,20,Business travel,Business,828,2,2,2,2,5,2,5,5,1,2,3,4,3,5,0,21.0,neutral or dissatisfied
91321,Male,disloyal Customer,22,Business travel,Eco,240,1,1,1,4,4,1,5,4,4,4,3,4,4,4,0,23.0,neutral or dissatisfied
19061,Female,Loyal Customer,42,Business travel,Business,642,4,4,4,4,5,1,4,4,4,4,4,4,4,2,12,6.0,satisfied
32191,Male,disloyal Customer,36,Business travel,Eco,102,4,3,4,4,5,4,3,5,5,4,4,1,4,5,0,0.0,neutral or dissatisfied
41232,Male,Loyal Customer,36,Business travel,Business,2260,3,4,4,4,2,3,4,3,3,3,3,3,3,4,17,8.0,neutral or dissatisfied
95442,Male,Loyal Customer,32,Business travel,Business,248,0,1,1,3,4,4,4,4,3,2,4,5,4,4,77,81.0,satisfied
15541,Female,Loyal Customer,67,Personal Travel,Eco,812,2,3,2,4,2,3,3,2,2,2,2,1,2,3,61,70.0,neutral or dissatisfied
4719,Male,disloyal Customer,23,Business travel,Eco,888,3,3,3,3,1,3,1,1,4,5,4,3,4,1,56,46.0,neutral or dissatisfied
86475,Female,Loyal Customer,49,Business travel,Eco,762,5,3,3,3,2,1,5,5,5,5,5,2,5,5,16,3.0,satisfied
64930,Female,disloyal Customer,18,Business travel,Eco,190,3,2,3,4,2,3,2,2,1,4,3,1,3,2,0,0.0,neutral or dissatisfied
10321,Female,Loyal Customer,52,Business travel,Business,3524,0,4,0,5,5,4,4,4,4,4,4,3,4,3,0,0.0,satisfied
20815,Female,Loyal Customer,58,Business travel,Eco,534,2,5,5,5,5,3,4,2,2,2,2,4,2,3,15,23.0,neutral or dissatisfied
32804,Female,disloyal Customer,73,Business travel,Eco,102,3,0,2,2,5,2,5,5,2,4,5,2,3,5,0,0.0,neutral or dissatisfied
101460,Male,Loyal Customer,51,Business travel,Business,2562,5,5,5,5,4,4,4,5,5,5,5,5,5,3,48,41.0,satisfied
30200,Female,disloyal Customer,25,Business travel,Eco Plus,95,3,1,3,4,4,3,5,4,1,2,4,4,4,4,0,0.0,neutral or dissatisfied
74438,Female,disloyal Customer,36,Business travel,Business,1431,3,3,3,1,2,3,2,2,3,4,5,5,4,2,0,0.0,neutral or dissatisfied
26593,Female,Loyal Customer,27,Business travel,Eco,545,5,3,3,3,5,5,5,5,4,2,2,3,2,5,0,0.0,satisfied
94901,Female,disloyal Customer,24,Business travel,Eco,341,2,0,2,3,2,2,2,2,5,5,5,3,3,2,0,0.0,neutral or dissatisfied
41183,Male,Loyal Customer,51,Business travel,Business,395,5,5,5,5,4,2,4,4,4,4,4,4,4,1,41,21.0,satisfied
47691,Male,Loyal Customer,15,Personal Travel,Eco,1504,1,4,1,2,3,1,3,3,4,3,4,4,5,3,4,2.0,neutral or dissatisfied
66858,Female,Loyal Customer,55,Personal Travel,Eco,731,3,2,3,2,2,2,2,4,4,3,4,2,4,3,0,0.0,neutral or dissatisfied
37614,Female,Loyal Customer,65,Personal Travel,Eco,1005,3,4,2,1,3,5,4,3,3,2,3,5,3,4,70,62.0,neutral or dissatisfied
76263,Male,Loyal Customer,34,Business travel,Business,1927,1,1,1,1,4,4,5,2,2,2,2,4,2,3,28,34.0,satisfied
3494,Female,Loyal Customer,40,Personal Travel,Eco,1080,4,3,4,4,3,4,3,3,3,5,5,5,3,3,0,0.0,neutral or dissatisfied
30608,Male,Loyal Customer,58,Personal Travel,Eco,472,2,5,2,3,3,2,3,3,1,1,2,2,1,3,0,0.0,neutral or dissatisfied
27714,Female,Loyal Customer,43,Business travel,Business,1448,1,1,5,1,5,3,4,1,1,1,1,1,1,3,0,0.0,neutral or dissatisfied
2440,Male,Loyal Customer,11,Personal Travel,Eco,641,3,4,3,3,4,3,4,4,5,4,4,5,4,4,0,0.0,neutral or dissatisfied
89286,Female,Loyal Customer,16,Business travel,Business,453,1,5,5,5,1,1,1,1,3,2,3,4,4,1,0,0.0,neutral or dissatisfied
40596,Male,Loyal Customer,40,Business travel,Eco,391,4,5,5,5,4,4,4,4,1,4,3,3,3,4,4,0.0,neutral or dissatisfied
113174,Female,Loyal Customer,27,Personal Travel,Eco,628,2,4,2,1,2,2,2,2,4,5,4,5,5,2,11,1.0,neutral or dissatisfied
15065,Male,Loyal Customer,22,Personal Travel,Eco,488,1,4,1,3,5,1,1,5,3,3,5,5,5,5,12,16.0,neutral or dissatisfied
60781,Male,Loyal Customer,42,Personal Travel,Eco,804,2,5,2,2,2,2,2,2,1,2,5,2,2,2,0,11.0,neutral or dissatisfied
82021,Male,Loyal Customer,28,Personal Travel,Eco,1589,4,5,4,3,4,4,4,4,5,2,4,5,5,4,9,41.0,neutral or dissatisfied
73598,Female,Loyal Customer,50,Business travel,Business,192,4,3,4,4,3,5,5,5,5,5,5,4,5,3,9,6.0,satisfied
50054,Female,Loyal Customer,40,Business travel,Business,262,2,3,3,3,5,3,4,2,2,2,2,4,2,4,106,106.0,neutral or dissatisfied
58863,Female,Loyal Customer,37,Business travel,Business,888,4,4,4,4,2,5,5,4,4,4,4,3,4,3,14,0.0,satisfied
53564,Female,Loyal Customer,27,Business travel,Business,1195,5,2,5,5,5,5,5,5,5,4,4,1,2,5,0,0.0,satisfied
43835,Female,Loyal Customer,52,Business travel,Business,114,4,1,4,4,5,3,5,5,5,5,5,2,5,2,0,0.0,satisfied
52921,Female,Loyal Customer,19,Business travel,Business,679,2,5,2,5,2,2,2,2,1,3,4,3,4,2,9,21.0,neutral or dissatisfied
53791,Male,Loyal Customer,29,Business travel,Eco,191,5,3,5,3,5,5,5,5,1,2,2,2,2,5,15,2.0,satisfied
117946,Male,Loyal Customer,45,Business travel,Business,3212,2,2,2,2,2,5,4,5,5,5,5,3,5,5,0,1.0,satisfied
35615,Female,Loyal Customer,37,Personal Travel,Eco Plus,1010,3,3,3,3,4,3,4,4,4,2,4,1,3,4,0,20.0,neutral or dissatisfied
6322,Male,Loyal Customer,63,Business travel,Business,296,5,5,5,5,5,4,5,4,4,4,4,4,4,5,24,13.0,satisfied
60250,Female,Loyal Customer,39,Personal Travel,Eco,1546,4,4,4,3,2,4,2,2,3,3,3,2,4,2,11,10.0,neutral or dissatisfied
75829,Female,Loyal Customer,27,Business travel,Business,1440,1,1,2,1,4,4,4,4,5,3,4,3,5,4,56,129.0,satisfied
38238,Female,Loyal Customer,65,Business travel,Eco,1173,4,1,1,1,2,3,1,4,4,4,4,5,4,3,70,80.0,satisfied
27442,Female,Loyal Customer,33,Business travel,Business,3811,5,5,5,5,1,5,4,5,5,5,5,4,5,3,0,2.0,satisfied
23782,Female,Loyal Customer,31,Business travel,Business,2827,5,5,5,5,5,5,5,5,5,3,2,5,4,5,0,19.0,satisfied
34568,Female,disloyal Customer,34,Business travel,Eco,1576,2,2,2,3,5,2,5,5,2,4,3,2,2,5,7,14.0,neutral or dissatisfied
25568,Female,Loyal Customer,31,Business travel,Business,3040,2,2,2,2,2,2,2,2,4,1,2,4,3,2,27,42.0,satisfied
106235,Male,Loyal Customer,56,Personal Travel,Eco,471,3,3,3,5,5,3,5,5,5,1,1,5,3,5,0,0.0,neutral or dissatisfied
29891,Female,disloyal Customer,26,Business travel,Eco,95,0,4,0,4,4,0,4,4,5,2,2,3,1,4,17,29.0,satisfied
19741,Female,Loyal Customer,29,Business travel,Eco Plus,475,4,4,4,4,4,4,4,4,2,1,4,3,5,4,3,0.0,satisfied
63927,Female,Loyal Customer,21,Personal Travel,Eco,1192,4,4,4,4,3,4,3,3,1,4,2,1,4,3,0,26.0,satisfied
101766,Female,Loyal Customer,13,Personal Travel,Eco,1590,2,4,2,4,3,2,1,3,5,2,5,4,5,3,35,30.0,neutral or dissatisfied
69145,Male,Loyal Customer,26,Business travel,Business,2248,2,2,2,2,5,5,5,5,3,4,5,4,5,5,10,0.0,satisfied
53787,Male,Loyal Customer,57,Personal Travel,Business,191,4,4,4,1,3,5,5,3,3,4,3,3,3,4,0,0.0,satisfied
77461,Male,Loyal Customer,54,Business travel,Business,3255,5,5,5,5,2,5,4,4,4,4,4,4,4,4,1,0.0,satisfied
117747,Male,Loyal Customer,55,Personal Travel,Eco,833,4,5,4,3,2,4,2,2,5,3,5,5,4,2,75,58.0,neutral or dissatisfied
38952,Male,Loyal Customer,50,Personal Travel,Eco Plus,162,1,4,1,4,5,1,5,5,3,3,5,5,5,5,0,0.0,neutral or dissatisfied
36695,Female,Loyal Customer,55,Personal Travel,Eco,1010,3,3,3,1,3,3,4,2,5,2,5,4,2,4,157,152.0,neutral or dissatisfied
60217,Female,Loyal Customer,46,Business travel,Business,1607,5,5,5,5,2,3,5,5,5,5,5,4,5,4,95,92.0,satisfied
43491,Female,Loyal Customer,31,Personal Travel,Eco,679,2,5,2,2,2,2,3,2,4,5,5,4,5,2,0,0.0,neutral or dissatisfied
90890,Male,disloyal Customer,43,Business travel,Eco,406,3,4,4,3,5,4,3,5,2,2,3,4,3,5,0,2.0,neutral or dissatisfied
47491,Male,Loyal Customer,31,Personal Travel,Eco,558,2,5,2,1,4,2,4,4,4,4,3,3,2,4,0,4.0,neutral or dissatisfied
77081,Male,Loyal Customer,23,Personal Travel,Eco,991,3,5,3,2,4,3,4,4,5,2,5,3,5,4,11,0.0,neutral or dissatisfied
40499,Female,Loyal Customer,11,Personal Travel,Eco,461,1,5,1,2,1,1,1,1,5,3,5,3,5,1,0,0.0,neutral or dissatisfied
47915,Female,Loyal Customer,12,Personal Travel,Eco,329,0,3,0,4,0,2,2,4,2,1,2,2,4,2,140,137.0,satisfied
59348,Male,Loyal Customer,57,Business travel,Eco,2399,3,4,2,4,3,3,3,4,3,4,3,3,2,3,334,326.0,neutral or dissatisfied
66276,Female,Loyal Customer,46,Business travel,Business,550,4,4,4,4,3,5,5,3,3,4,3,4,3,5,0,0.0,satisfied
61593,Male,disloyal Customer,34,Business travel,Eco,1000,4,4,4,3,1,4,1,1,3,4,2,2,4,1,0,0.0,neutral or dissatisfied
7477,Male,Loyal Customer,32,Personal Travel,Eco Plus,510,2,5,2,3,2,2,2,2,5,2,4,4,5,2,0,60.0,neutral or dissatisfied
79714,Female,Loyal Customer,20,Personal Travel,Eco,762,2,4,2,3,4,2,4,4,1,4,4,3,3,4,0,0.0,neutral or dissatisfied
20603,Male,Loyal Customer,42,Business travel,Eco Plus,133,1,5,5,5,1,1,1,1,1,3,4,2,4,1,42,44.0,neutral or dissatisfied
26234,Female,Loyal Customer,11,Personal Travel,Eco,406,3,2,3,2,5,3,5,5,1,1,3,2,3,5,0,0.0,neutral or dissatisfied
122737,Male,Loyal Customer,23,Business travel,Business,1888,4,5,5,5,4,3,4,4,1,3,4,4,4,4,0,0.0,neutral or dissatisfied
96699,Male,Loyal Customer,52,Business travel,Business,2253,1,1,1,1,4,4,4,5,5,5,5,3,5,4,0,0.0,satisfied
16782,Female,Loyal Customer,39,Personal Travel,Eco,569,3,2,4,4,1,4,1,1,2,2,3,2,4,1,0,26.0,neutral or dissatisfied
95312,Female,Loyal Customer,65,Personal Travel,Eco,277,2,4,2,4,4,3,4,2,2,2,2,1,2,3,0,6.0,neutral or dissatisfied
39510,Male,Loyal Customer,44,Business travel,Eco,1068,4,2,2,2,4,4,4,4,4,4,4,3,5,4,0,0.0,satisfied
23791,Female,Loyal Customer,24,Business travel,Eco,374,2,4,4,4,2,2,1,2,4,5,3,1,4,2,0,2.0,neutral or dissatisfied
45703,Female,disloyal Customer,38,Business travel,Eco,836,3,3,3,3,5,3,5,5,1,4,5,5,1,5,23,19.0,neutral or dissatisfied
2763,Male,Loyal Customer,36,Business travel,Business,1631,3,3,5,3,4,5,4,5,5,5,5,3,5,4,43,27.0,satisfied
15085,Male,Loyal Customer,35,Business travel,Eco,322,3,4,4,4,3,3,3,3,4,1,4,4,3,3,0,0.0,neutral or dissatisfied
54742,Female,Loyal Customer,67,Personal Travel,Eco,787,4,4,4,2,2,5,5,2,2,4,2,4,2,4,23,12.0,neutral or dissatisfied
43231,Female,Loyal Customer,35,Business travel,Business,2825,3,2,2,2,5,3,2,3,3,3,3,1,3,1,0,5.0,neutral or dissatisfied
3734,Female,Loyal Customer,12,Personal Travel,Eco,544,2,2,2,2,5,2,5,5,3,3,3,3,3,5,1,0.0,neutral or dissatisfied
28488,Female,Loyal Customer,27,Business travel,Eco,1739,2,2,5,2,2,2,2,2,3,5,4,3,4,2,0,0.0,neutral or dissatisfied
25799,Male,Loyal Customer,44,Personal Travel,Eco,762,3,3,3,3,1,3,1,1,3,4,2,1,3,1,116,105.0,neutral or dissatisfied
52177,Male,disloyal Customer,24,Business travel,Eco,651,5,0,5,1,3,5,3,3,3,3,1,1,1,3,89,81.0,satisfied
50703,Male,Loyal Customer,25,Personal Travel,Eco,207,2,2,2,3,5,2,2,5,2,2,3,2,3,5,0,0.0,neutral or dissatisfied
35191,Male,Loyal Customer,25,Business travel,Business,2443,1,1,5,1,4,4,4,4,3,2,4,3,5,4,0,2.0,satisfied
52577,Male,disloyal Customer,33,Business travel,Eco,160,4,1,4,3,3,4,3,3,4,4,3,3,3,3,0,0.0,neutral or dissatisfied
23135,Female,Loyal Customer,45,Business travel,Business,223,5,5,5,5,4,4,2,5,5,5,4,4,5,3,0,4.0,satisfied
120017,Male,Loyal Customer,37,Personal Travel,Eco,328,3,4,3,5,3,3,3,3,2,4,5,1,2,3,0,30.0,neutral or dissatisfied
126919,Female,Loyal Customer,50,Business travel,Business,621,5,5,5,5,5,5,5,5,5,5,5,3,5,3,0,0.0,satisfied
108505,Female,Loyal Customer,14,Personal Travel,Eco,287,0,5,0,5,1,0,3,1,3,5,5,5,5,1,0,0.0,satisfied
104525,Male,disloyal Customer,29,Business travel,Business,1256,0,0,0,4,1,0,1,1,5,5,4,5,5,1,6,0.0,satisfied
27896,Male,Loyal Customer,40,Personal Travel,Eco Plus,2329,3,4,3,1,3,1,1,3,3,3,1,1,2,1,0,0.0,neutral or dissatisfied
63363,Male,Loyal Customer,10,Personal Travel,Eco,337,5,5,5,4,1,5,1,1,4,4,5,4,5,1,1,0.0,satisfied
23402,Female,Loyal Customer,51,Personal Travel,Eco,300,2,5,2,3,2,4,5,5,5,2,5,5,5,5,0,0.0,neutral or dissatisfied
55117,Male,Loyal Customer,69,Personal Travel,Eco,1635,3,4,2,3,3,2,3,3,5,2,3,4,5,3,95,107.0,neutral or dissatisfied
23551,Male,Loyal Customer,25,Business travel,Business,3501,3,3,3,3,5,5,5,5,3,3,5,1,3,5,0,0.0,satisfied
1077,Female,Loyal Customer,55,Personal Travel,Eco,89,5,5,5,3,3,1,1,1,1,5,1,2,1,2,0,0.0,satisfied
104473,Female,disloyal Customer,25,Business travel,Business,1671,4,5,3,3,5,3,5,5,4,5,5,4,4,5,4,10.0,neutral or dissatisfied
26016,Male,Loyal Customer,42,Business travel,Eco,425,4,3,3,3,4,4,4,4,3,5,4,5,4,4,0,0.0,satisfied
42685,Female,Loyal Customer,11,Business travel,Business,627,3,3,2,3,4,4,4,4,3,2,3,4,1,4,0,0.0,satisfied
88600,Male,Loyal Customer,45,Personal Travel,Eco,515,1,5,1,2,2,1,2,2,5,4,5,5,4,2,0,0.0,neutral or dissatisfied
70264,Female,Loyal Customer,15,Personal Travel,Business,852,3,5,3,4,5,3,5,5,4,2,5,5,5,5,1,0.0,neutral or dissatisfied
77200,Female,Loyal Customer,57,Business travel,Business,2994,1,1,1,1,4,5,5,5,4,5,5,5,4,5,0,0.0,satisfied
48721,Male,disloyal Customer,22,Business travel,Business,308,4,0,4,2,5,4,5,5,3,3,5,3,5,5,110,126.0,satisfied
120863,Female,Loyal Customer,33,Business travel,Business,920,3,3,3,3,4,5,5,5,5,5,5,4,5,4,1,20.0,satisfied
96507,Female,Loyal Customer,72,Business travel,Business,436,2,3,5,5,1,4,3,2,2,2,2,4,2,3,0,0.0,neutral or dissatisfied
70554,Male,Loyal Customer,23,Business travel,Eco,1258,2,3,3,3,2,2,2,2,2,2,3,3,3,2,0,5.0,neutral or dissatisfied
79404,Male,disloyal Customer,30,Business travel,Eco,502,1,1,1,2,5,1,5,5,3,1,2,4,2,5,0,0.0,neutral or dissatisfied
3774,Female,Loyal Customer,59,Business travel,Business,599,3,3,3,3,5,4,4,4,4,4,4,5,4,5,105,115.0,satisfied
110985,Male,Loyal Customer,47,Business travel,Business,3830,4,5,4,4,4,4,4,4,4,4,4,5,4,4,11,1.0,satisfied
126182,Male,Loyal Customer,45,Business travel,Business,468,1,1,3,3,5,3,2,1,1,1,1,1,1,1,12,17.0,neutral or dissatisfied
93971,Male,Loyal Customer,50,Business travel,Business,1218,3,3,3,3,4,5,5,3,3,4,3,3,3,4,0,0.0,satisfied
61760,Female,Loyal Customer,9,Personal Travel,Eco,1303,2,5,2,5,1,2,1,1,5,2,4,3,4,1,2,0.0,neutral or dissatisfied
29378,Female,Loyal Customer,44,Business travel,Business,2614,2,5,4,4,2,2,2,3,2,4,4,2,2,2,0,35.0,neutral or dissatisfied
104597,Female,Loyal Customer,22,Personal Travel,Eco,369,5,1,5,4,4,5,4,4,4,2,3,1,4,4,4,11.0,satisfied
91826,Female,Loyal Customer,35,Business travel,Business,588,2,5,2,2,5,4,4,5,5,5,5,5,5,4,0,0.0,satisfied
31195,Male,Loyal Customer,27,Business travel,Business,1685,3,3,3,3,5,5,5,5,4,5,5,4,2,5,0,0.0,satisfied
79046,Female,Loyal Customer,41,Business travel,Business,1873,4,1,1,1,1,3,4,4,4,4,4,4,4,2,14,21.0,neutral or dissatisfied
65226,Male,Loyal Customer,58,Business travel,Business,190,2,2,2,2,5,4,4,4,4,4,4,4,4,5,0,0.0,satisfied
36929,Male,Loyal Customer,47,Business travel,Eco,867,4,5,5,5,4,4,4,4,1,4,3,2,1,4,0,28.0,satisfied
89474,Female,Loyal Customer,63,Personal Travel,Eco Plus,134,3,0,3,2,4,3,4,4,4,3,4,5,4,5,1,0.0,neutral or dissatisfied
4529,Female,disloyal Customer,23,Business travel,Business,677,5,5,5,1,1,5,1,1,3,4,5,3,4,1,0,0.0,satisfied
1615,Female,Loyal Customer,30,Business travel,Business,3733,3,2,2,2,3,3,3,3,4,2,4,1,3,3,11,16.0,neutral or dissatisfied
113875,Male,Loyal Customer,57,Personal Travel,Eco,1592,2,4,2,3,2,2,2,2,5,2,4,5,4,2,3,0.0,neutral or dissatisfied
56459,Male,Loyal Customer,27,Personal Travel,Eco,719,3,1,3,3,3,3,3,3,3,2,3,4,3,3,0,0.0,neutral or dissatisfied
108366,Male,Loyal Customer,16,Personal Travel,Eco,1750,4,4,4,2,5,4,5,5,4,1,2,4,1,5,0,0.0,neutral or dissatisfied
59304,Female,Loyal Customer,39,Business travel,Business,2399,2,2,2,2,5,3,4,2,2,2,2,5,2,5,38,18.0,satisfied
66041,Male,Loyal Customer,46,Business travel,Business,3631,2,1,2,2,2,4,5,5,5,5,5,5,5,3,0,0.0,satisfied
100186,Male,Loyal Customer,38,Personal Travel,Eco,725,1,1,1,4,4,1,4,4,4,4,4,3,4,4,0,0.0,neutral or dissatisfied
11135,Female,Loyal Customer,20,Personal Travel,Eco,301,2,5,2,2,2,2,2,2,4,5,4,4,4,2,0,0.0,neutral or dissatisfied
15137,Male,Loyal Customer,48,Business travel,Business,1609,2,5,5,5,2,3,3,2,2,2,2,4,2,1,0,0.0,neutral or dissatisfied
129378,Male,disloyal Customer,46,Business travel,Business,2454,4,4,4,5,4,4,4,4,5,3,3,3,5,4,1,0.0,satisfied
14476,Male,Loyal Customer,8,Business travel,Eco Plus,674,3,3,3,3,3,3,2,3,1,5,4,1,4,3,105,94.0,neutral or dissatisfied
110862,Male,disloyal Customer,35,Business travel,Business,406,2,2,2,3,4,2,4,4,4,5,4,4,5,4,0,0.0,neutral or dissatisfied
91733,Male,Loyal Customer,43,Business travel,Business,588,3,3,3,3,2,4,5,3,3,3,3,5,3,3,2,0.0,satisfied
37312,Female,Loyal Customer,29,Business travel,Eco,1069,5,5,5,5,5,5,5,5,3,5,2,5,1,5,134,132.0,satisfied
99110,Female,Loyal Customer,27,Business travel,Eco,237,5,3,3,3,5,4,5,5,4,4,2,5,3,5,0,0.0,satisfied
67855,Female,Loyal Customer,65,Personal Travel,Eco,1235,2,1,2,4,3,2,4,1,1,2,1,3,1,3,0,0.0,neutral or dissatisfied
64879,Female,Loyal Customer,54,Business travel,Business,3502,1,1,1,1,5,4,4,4,4,4,4,4,4,3,8,2.0,satisfied
84155,Male,Loyal Customer,45,Business travel,Business,1355,2,2,2,2,2,4,4,4,4,4,4,3,4,3,0,0.0,satisfied
120913,Female,Loyal Customer,60,Business travel,Business,993,5,5,5,5,5,5,4,4,4,4,4,5,4,3,0,0.0,satisfied
9307,Male,Loyal Customer,44,Business travel,Business,2478,3,3,3,3,3,4,5,4,4,4,4,4,4,5,0,0.0,satisfied
99404,Male,Loyal Customer,51,Business travel,Business,1991,3,5,3,3,3,4,5,4,4,4,4,3,4,3,0,0.0,satisfied
121899,Male,Loyal Customer,37,Personal Travel,Eco,337,3,4,3,2,2,3,1,2,3,3,4,4,4,2,0,0.0,neutral or dissatisfied
61488,Female,Loyal Customer,26,Business travel,Business,2288,3,1,3,3,3,3,3,3,3,1,2,1,3,3,0,2.0,neutral or dissatisfied
38976,Male,Loyal Customer,24,Business travel,Eco,313,5,2,2,2,5,5,3,5,4,5,1,4,3,5,0,0.0,satisfied
29967,Male,disloyal Customer,22,Business travel,Eco,373,3,2,3,3,3,3,3,3,1,4,4,4,3,3,1,13.0,neutral or dissatisfied
40954,Female,Loyal Customer,23,Business travel,Business,3879,2,2,2,2,4,4,4,4,1,4,1,3,2,4,0,0.0,satisfied
36077,Female,Loyal Customer,38,Personal Travel,Eco,413,5,5,5,3,2,5,2,2,5,2,4,4,4,2,0,0.0,satisfied
55335,Female,Loyal Customer,48,Personal Travel,Eco,1117,2,5,3,4,5,5,4,4,4,3,3,3,4,3,29,0.0,neutral or dissatisfied
73257,Male,disloyal Customer,20,Business travel,Eco,675,4,4,4,4,3,4,3,3,4,5,3,1,4,3,0,1.0,neutral or dissatisfied
68792,Male,disloyal Customer,37,Business travel,Eco,526,2,2,2,3,5,2,2,5,4,5,3,3,4,5,0,0.0,neutral or dissatisfied
8386,Female,Loyal Customer,42,Business travel,Business,3982,1,1,1,1,3,4,5,4,4,4,4,4,4,3,0,1.0,satisfied
57668,Male,Loyal Customer,59,Business travel,Business,200,2,2,2,2,4,5,4,4,4,4,4,5,4,4,8,0.0,satisfied
78771,Male,Loyal Customer,51,Business travel,Business,2748,2,2,3,2,2,5,4,5,5,5,5,5,5,4,105,110.0,satisfied
127094,Female,disloyal Customer,21,Business travel,Eco,370,0,0,1,5,1,1,1,1,2,4,5,2,3,1,0,0.0,satisfied
61830,Female,Loyal Customer,55,Business travel,Business,1464,4,4,4,4,3,5,4,2,2,2,2,3,2,5,0,0.0,satisfied
23832,Female,Loyal Customer,43,Personal Travel,Eco,1131,3,4,3,4,2,4,5,2,2,3,2,4,2,5,0,0.0,neutral or dissatisfied
46414,Male,Loyal Customer,24,Business travel,Business,1883,1,1,1,1,4,4,4,4,4,5,5,5,2,4,0,0.0,satisfied
59571,Male,Loyal Customer,23,Business travel,Business,854,5,5,5,5,5,5,5,5,4,3,4,4,4,5,37,30.0,satisfied
68686,Male,Loyal Customer,24,Business travel,Eco,175,5,4,4,4,5,5,5,5,3,5,4,5,2,5,0,0.0,satisfied
82725,Female,Loyal Customer,50,Business travel,Business,2493,2,2,2,2,2,5,4,5,5,5,5,5,5,5,0,1.0,satisfied
112544,Male,disloyal Customer,38,Business travel,Business,862,2,2,2,2,3,2,3,3,5,4,4,3,4,3,11,0.0,neutral or dissatisfied
52833,Female,Loyal Customer,52,Business travel,Eco,1721,4,2,5,5,2,3,2,4,4,4,4,2,4,5,10,0.0,satisfied
67967,Female,Loyal Customer,39,Business travel,Business,1438,4,1,4,4,3,5,4,5,5,5,5,4,5,5,19,24.0,satisfied
6967,Male,Loyal Customer,34,Business travel,Business,3604,2,2,4,2,5,5,5,4,4,4,4,5,4,5,86,85.0,satisfied
63724,Male,Loyal Customer,18,Business travel,Business,1660,3,4,4,4,3,3,3,3,1,2,3,3,3,3,277,268.0,neutral or dissatisfied
22561,Female,Loyal Customer,10,Personal Travel,Business,300,2,2,2,3,4,2,4,4,3,5,3,4,3,4,44,59.0,neutral or dissatisfied
57931,Female,Loyal Customer,17,Personal Travel,Eco Plus,305,2,2,2,3,4,2,4,4,3,4,3,3,2,4,0,0.0,neutral or dissatisfied
17117,Female,disloyal Customer,34,Business travel,Eco,821,3,3,3,3,4,3,4,4,4,2,3,1,2,4,0,0.0,neutral or dissatisfied
73374,Male,disloyal Customer,28,Business travel,Eco,1197,4,4,4,4,4,4,4,4,2,5,3,4,3,4,3,0.0,neutral or dissatisfied
94272,Female,Loyal Customer,57,Business travel,Business,2344,0,4,0,4,3,5,4,5,5,5,5,4,5,3,0,0.0,satisfied
42652,Male,Loyal Customer,78,Business travel,Eco Plus,386,5,3,5,3,5,5,5,5,2,3,3,1,1,5,0,0.0,satisfied
49117,Female,Loyal Customer,38,Business travel,Business,89,5,1,5,5,5,4,3,4,4,4,5,1,4,5,0,0.0,satisfied
86646,Male,Loyal Customer,61,Business travel,Eco,346,4,4,4,4,4,4,4,4,2,3,4,4,4,4,0,0.0,satisfied
49069,Female,Loyal Customer,23,Business travel,Eco,373,4,2,2,2,4,4,3,4,5,1,4,5,3,4,33,28.0,satisfied
63349,Male,disloyal Customer,44,Business travel,Eco,447,2,2,2,3,3,2,3,3,1,3,3,4,4,3,31,24.0,neutral or dissatisfied
20681,Male,Loyal Customer,65,Personal Travel,Eco,522,3,4,3,3,5,3,5,5,4,4,1,3,1,5,20,27.0,neutral or dissatisfied
816,Female,Loyal Customer,48,Business travel,Business,2658,0,0,0,1,3,4,5,2,2,5,5,5,2,5,0,0.0,satisfied
112141,Female,Loyal Customer,50,Business travel,Business,1795,1,1,1,1,3,4,4,3,3,3,3,4,3,3,45,41.0,satisfied
101992,Male,Loyal Customer,57,Personal Travel,Eco,628,2,5,2,3,5,2,5,5,3,5,4,5,4,5,6,6.0,neutral or dissatisfied
60169,Female,Loyal Customer,48,Personal Travel,Eco,1182,1,4,1,1,4,4,4,2,2,1,2,3,2,4,0,0.0,neutral or dissatisfied
111633,Male,disloyal Customer,27,Business travel,Business,1290,5,5,5,3,3,5,2,3,5,4,5,5,5,3,3,0.0,satisfied
100755,Male,Loyal Customer,19,Personal Travel,Eco,328,3,0,3,4,1,3,1,1,1,4,4,3,4,1,12,1.0,neutral or dissatisfied
76577,Female,Loyal Customer,43,Business travel,Eco,516,3,4,4,4,4,3,4,3,3,3,3,4,3,2,0,6.0,neutral or dissatisfied
50317,Female,Loyal Customer,61,Business travel,Business,207,1,1,1,1,3,2,3,1,1,1,1,3,1,4,0,0.0,neutral or dissatisfied
17225,Female,Loyal Customer,60,Business travel,Eco,872,5,2,2,2,1,2,4,5,5,5,5,2,5,5,0,0.0,satisfied
35201,Female,Loyal Customer,63,Business travel,Business,2015,1,1,2,1,3,3,1,5,5,5,5,1,5,2,0,2.0,satisfied
24655,Male,disloyal Customer,29,Business travel,Eco,834,3,3,3,1,3,3,3,3,4,4,4,3,3,3,0,0.0,neutral or dissatisfied
36427,Female,Loyal Customer,15,Business travel,Eco,369,0,4,0,3,2,0,2,2,2,3,5,2,5,2,0,0.0,satisfied
101893,Female,Loyal Customer,29,Business travel,Business,2039,1,1,1,1,5,5,5,5,4,5,5,4,5,5,5,0.0,satisfied
77105,Male,Loyal Customer,55,Business travel,Business,1481,3,3,3,3,1,3,3,3,3,3,3,3,3,1,0,0.0,neutral or dissatisfied
30604,Female,Loyal Customer,33,Business travel,Business,472,4,3,3,3,5,3,3,4,4,4,4,4,4,4,29,29.0,neutral or dissatisfied
96303,Male,Loyal Customer,41,Business travel,Business,3101,5,5,5,5,5,4,4,4,4,4,4,5,4,4,0,1.0,satisfied
17644,Female,Loyal Customer,48,Business travel,Eco,1008,5,5,5,5,4,5,3,5,5,5,5,2,5,1,0,0.0,satisfied
4880,Female,Loyal Customer,8,Personal Travel,Eco,408,4,3,4,4,4,4,4,4,3,4,3,2,4,4,0,8.0,neutral or dissatisfied
95404,Male,Loyal Customer,9,Personal Travel,Eco,239,4,2,4,4,2,4,2,2,3,2,4,3,4,2,0,0.0,neutral or dissatisfied
30488,Male,Loyal Customer,24,Business travel,Eco,516,2,1,3,1,2,2,4,2,3,5,3,2,4,2,0,0.0,neutral or dissatisfied
104167,Female,Loyal Customer,32,Business travel,Business,1615,4,2,2,2,4,3,4,4,4,5,4,2,3,4,0,0.0,neutral or dissatisfied
25715,Female,Loyal Customer,60,Business travel,Eco,447,5,5,5,5,5,4,1,5,5,5,5,1,5,2,1,0.0,satisfied
69487,Male,Loyal Customer,22,Business travel,Eco Plus,944,1,4,4,4,1,1,2,1,2,2,4,3,4,1,11,10.0,neutral or dissatisfied
27119,Female,disloyal Customer,26,Business travel,Eco,936,2,2,2,3,2,5,5,1,2,5,5,5,1,5,0,23.0,neutral or dissatisfied
126618,Female,Loyal Customer,26,Business travel,Business,3033,4,4,4,4,4,4,4,4,5,2,5,4,5,4,0,0.0,satisfied
97352,Male,Loyal Customer,50,Business travel,Eco,472,2,3,5,5,3,2,3,3,4,1,4,4,3,3,14,10.0,neutral or dissatisfied
87400,Female,Loyal Customer,49,Personal Travel,Eco,425,5,3,5,3,3,3,3,5,5,5,5,1,5,3,8,1.0,satisfied
53646,Female,Loyal Customer,20,Personal Travel,Eco,1874,4,4,3,4,3,3,3,3,1,3,3,4,4,3,93,95.0,neutral or dissatisfied
12229,Male,Loyal Customer,64,Personal Travel,Business,192,2,4,2,3,3,4,5,3,3,2,3,5,3,3,0,2.0,neutral or dissatisfied
84508,Female,Loyal Customer,46,Business travel,Business,2556,3,3,3,3,5,4,5,5,5,5,5,3,5,4,0,0.0,satisfied
6932,Male,Loyal Customer,54,Business travel,Business,501,1,1,1,1,5,4,4,4,4,4,4,5,4,5,0,1.0,satisfied
56211,Male,disloyal Customer,15,Business travel,Eco,1127,3,3,3,5,3,3,4,3,4,5,4,5,5,3,16,21.0,neutral or dissatisfied
128415,Male,Loyal Customer,49,Business travel,Business,3587,5,5,5,5,5,4,4,4,4,4,4,5,4,3,0,0.0,satisfied
11335,Female,Loyal Customer,14,Personal Travel,Eco,295,2,4,2,3,2,2,1,2,5,3,4,3,5,2,0,1.0,neutral or dissatisfied
76982,Female,disloyal Customer,27,Business travel,Business,422,1,1,1,3,3,1,3,3,3,3,5,3,5,3,0,7.0,neutral or dissatisfied
17238,Female,disloyal Customer,23,Business travel,Eco,872,2,2,2,4,3,2,3,3,2,2,3,1,3,3,89,105.0,neutral or dissatisfied
47675,Male,Loyal Customer,32,Personal Travel,Eco,1242,1,4,1,3,4,1,4,4,3,4,4,3,5,4,19,0.0,neutral or dissatisfied
59961,Male,Loyal Customer,58,Business travel,Business,997,2,2,2,2,2,5,4,5,5,5,5,3,5,5,7,5.0,satisfied
58990,Male,Loyal Customer,53,Business travel,Business,1744,4,4,4,4,3,3,4,5,5,5,5,4,5,4,7,0.0,satisfied
11333,Female,Loyal Customer,31,Personal Travel,Eco,74,3,4,3,4,3,3,3,3,3,5,3,2,3,3,0,0.0,neutral or dissatisfied
11676,Female,Loyal Customer,53,Business travel,Business,395,3,3,3,3,3,4,5,5,5,5,5,5,5,5,0,0.0,satisfied
58602,Male,Loyal Customer,33,Personal Travel,Eco,334,3,4,3,1,3,3,3,3,3,5,4,4,5,3,5,0.0,neutral or dissatisfied
1454,Male,Loyal Customer,53,Business travel,Business,3868,4,4,4,4,4,4,4,4,4,4,4,4,4,3,0,0.0,satisfied
2913,Male,Loyal Customer,53,Business travel,Eco Plus,409,2,5,5,5,2,2,2,2,3,2,3,2,4,2,0,0.0,neutral or dissatisfied
61821,Male,Loyal Customer,26,Personal Travel,Eco,1635,3,4,3,3,5,3,3,5,4,4,4,4,4,5,9,12.0,neutral or dissatisfied
100590,Female,Loyal Customer,55,Personal Travel,Eco,486,2,4,2,3,5,5,4,4,4,2,4,3,4,3,0,0.0,neutral or dissatisfied
122310,Male,Loyal Customer,25,Business travel,Eco Plus,541,2,2,2,2,2,1,3,2,4,4,2,2,3,2,0,0.0,neutral or dissatisfied
69229,Male,Loyal Customer,58,Business travel,Business,3952,5,5,5,5,5,5,5,5,5,5,5,4,5,5,0,0.0,satisfied
65335,Female,disloyal Customer,37,Business travel,Business,432,4,4,4,4,1,4,1,1,4,5,4,3,4,1,19,22.0,satisfied
58469,Male,Loyal Customer,36,Business travel,Business,2862,2,2,2,2,2,5,5,5,5,5,5,3,5,4,2,0.0,satisfied
101017,Male,Loyal Customer,43,Business travel,Business,467,1,1,1,1,5,5,4,5,5,5,5,5,5,3,10,0.0,satisfied
11388,Female,disloyal Customer,24,Business travel,Business,429,5,3,5,5,2,5,2,2,5,5,5,3,4,2,0,0.0,satisfied
107221,Male,Loyal Customer,40,Business travel,Business,1751,2,2,2,2,2,3,5,5,5,5,5,4,5,4,12,17.0,satisfied
109437,Female,disloyal Customer,42,Business travel,Business,861,5,4,4,5,5,5,5,5,5,5,5,5,3,5,158,,satisfied
2735,Female,Loyal Customer,41,Business travel,Business,772,1,1,1,1,5,5,4,5,5,5,5,3,5,4,36,13.0,satisfied
76234,Male,Loyal Customer,39,Business travel,Eco,1175,3,2,2,2,3,3,3,3,3,4,3,4,4,3,0,0.0,neutral or dissatisfied
8819,Male,Loyal Customer,16,Personal Travel,Eco,552,4,5,5,3,2,5,2,2,5,4,4,4,3,2,0,0.0,neutral or dissatisfied
120025,Male,Loyal Customer,68,Personal Travel,Eco,328,3,4,3,4,1,3,1,1,1,2,4,2,4,1,0,0.0,neutral or dissatisfied
105387,Male,Loyal Customer,45,Business travel,Business,369,1,0,0,3,3,3,3,3,3,0,3,4,3,3,0,0.0,neutral or dissatisfied
19209,Female,disloyal Customer,42,Business travel,Eco,459,3,0,3,2,4,3,4,4,3,5,2,4,4,4,0,5.0,neutral or dissatisfied
63262,Male,Loyal Customer,59,Business travel,Business,2521,2,2,2,2,5,5,5,5,5,5,5,5,5,5,0,0.0,satisfied
37607,Female,Loyal Customer,53,Personal Travel,Eco,1074,1,4,2,5,4,4,5,1,1,2,1,4,1,5,0,0.0,neutral or dissatisfied
93619,Female,Loyal Customer,47,Business travel,Eco,577,2,3,3,3,5,2,3,2,2,2,2,1,2,2,9,11.0,neutral or dissatisfied
101617,Male,disloyal Customer,47,Business travel,Eco,739,5,5,5,3,2,5,2,2,3,2,3,5,4,2,0,0.0,satisfied
68555,Female,Loyal Customer,51,Personal Travel,Business,2136,2,4,2,1,3,5,5,5,5,2,5,4,5,3,81,45.0,neutral or dissatisfied
45907,Male,disloyal Customer,27,Business travel,Eco,913,2,2,2,3,4,2,4,4,4,2,3,1,4,4,33,15.0,neutral or dissatisfied
60096,Male,Loyal Customer,59,Business travel,Business,3231,3,3,3,3,3,5,4,4,4,4,4,5,4,5,0,5.0,satisfied
79091,Male,Loyal Customer,56,Personal Travel,Eco,356,2,5,2,2,1,2,1,1,5,3,4,5,4,1,0,9.0,neutral or dissatisfied
46411,Male,Loyal Customer,23,Business travel,Business,649,5,5,5,5,3,2,3,3,4,4,5,2,4,3,5,19.0,satisfied
67431,Female,disloyal Customer,22,Business travel,Business,641,4,0,4,3,2,4,4,2,5,3,4,5,5,2,0,0.0,satisfied
50612,Male,Loyal Customer,40,Personal Travel,Eco,266,1,4,1,4,2,1,2,2,1,4,4,1,4,2,0,0.0,neutral or dissatisfied
53195,Male,Loyal Customer,35,Business travel,Eco,589,3,2,2,2,2,3,3,1,4,1,1,3,4,3,202,203.0,neutral or dissatisfied
30909,Male,Loyal Customer,29,Business travel,Eco,896,5,1,1,1,5,4,5,5,1,3,2,3,4,5,4,0.0,satisfied
123003,Male,Loyal Customer,28,Business travel,Business,2379,5,5,5,5,4,4,4,4,3,2,5,5,4,4,0,11.0,satisfied
111107,Male,Loyal Customer,7,Personal Travel,Eco Plus,197,4,4,4,4,4,4,4,4,4,4,5,3,4,4,0,0.0,neutral or dissatisfied
72097,Female,Loyal Customer,70,Personal Travel,Eco,2486,4,1,4,2,1,2,2,5,5,4,5,2,5,2,3,2.0,satisfied
17406,Female,Loyal Customer,55,Business travel,Business,376,5,5,5,5,2,2,5,5,5,5,5,5,5,4,0,0.0,satisfied
98591,Male,disloyal Customer,17,Business travel,Business,834,0,0,0,3,5,0,5,5,4,3,5,4,5,5,0,21.0,satisfied
4212,Male,Loyal Customer,62,Personal Travel,Eco,888,5,5,5,1,5,5,5,5,2,5,1,3,4,5,38,54.0,satisfied
73369,Male,disloyal Customer,57,Business travel,Business,1144,4,4,4,4,1,4,1,1,1,2,3,3,4,1,0,0.0,neutral or dissatisfied
5580,Female,Loyal Customer,50,Business travel,Business,2716,5,5,5,5,5,5,5,4,4,4,4,4,4,5,0,0.0,satisfied
115177,Male,disloyal Customer,39,Business travel,Business,417,3,3,3,1,4,3,4,4,5,5,5,5,5,4,8,4.0,neutral or dissatisfied
40971,Female,Loyal Customer,55,Personal Travel,Eco,601,5,5,5,1,3,5,4,5,5,5,5,3,5,4,0,0.0,satisfied
48643,Female,Loyal Customer,45,Business travel,Business,1696,0,0,0,5,2,5,4,5,5,5,5,5,5,3,28,26.0,satisfied
8693,Male,Loyal Customer,47,Business travel,Business,181,3,1,1,1,3,4,4,2,2,2,3,4,2,3,0,0.0,neutral or dissatisfied
65831,Male,disloyal Customer,36,Business travel,Eco,1391,3,3,3,4,1,3,1,1,4,3,4,4,3,1,4,0.0,neutral or dissatisfied
30180,Male,Loyal Customer,39,Business travel,Eco Plus,82,5,5,5,5,5,5,5,5,3,1,3,2,3,5,0,0.0,satisfied
57017,Male,Loyal Customer,40,Personal Travel,Eco,2454,2,2,2,3,2,1,5,3,4,3,3,5,3,5,23,59.0,neutral or dissatisfied
59653,Male,Loyal Customer,68,Personal Travel,Eco,854,0,5,0,1,3,0,3,3,3,2,5,5,5,3,4,0.0,satisfied
112703,Male,disloyal Customer,26,Business travel,Business,723,3,3,3,2,5,3,5,5,3,5,4,5,5,5,8,0.0,neutral or dissatisfied
28950,Male,Loyal Customer,44,Business travel,Business,672,4,4,4,4,1,3,4,4,4,4,4,2,4,2,14,16.0,neutral or dissatisfied
71462,Female,Loyal Customer,19,Personal Travel,Eco,867,3,4,3,3,2,3,2,2,4,3,5,1,5,2,0,0.0,neutral or dissatisfied
116640,Female,Loyal Customer,51,Business travel,Business,2157,4,4,4,4,2,4,4,4,4,4,4,5,4,3,28,18.0,satisfied
40913,Female,Loyal Customer,21,Personal Travel,Eco,558,3,5,3,5,2,3,2,2,5,2,5,5,5,2,0,7.0,neutral or dissatisfied
49271,Male,Loyal Customer,39,Business travel,Business,1970,1,1,1,1,3,3,5,5,5,5,5,3,5,5,82,82.0,satisfied
70858,Male,disloyal Customer,30,Business travel,Eco,761,3,4,4,3,1,4,1,1,2,5,4,4,3,1,0,0.0,neutral or dissatisfied
39314,Female,Loyal Customer,17,Personal Travel,Eco,67,1,5,1,4,2,1,2,2,4,4,4,4,4,2,3,11.0,neutral or dissatisfied
40366,Male,Loyal Customer,24,Business travel,Eco,1250,1,4,1,4,1,1,5,1,2,1,4,1,4,1,0,0.0,neutral or dissatisfied
64810,Male,Loyal Customer,56,Business travel,Business,469,5,5,5,5,3,4,5,4,4,4,4,4,4,4,2,0.0,satisfied
26982,Male,disloyal Customer,48,Business travel,Eco,867,1,1,1,3,3,1,1,3,2,4,4,4,4,3,0,0.0,neutral or dissatisfied
60602,Male,disloyal Customer,24,Business travel,Business,991,4,5,4,4,2,4,2,2,4,5,4,5,5,2,49,41.0,satisfied
114883,Male,Loyal Customer,24,Business travel,Business,1904,1,1,1,1,5,5,5,5,3,5,4,5,5,5,0,1.0,satisfied
41753,Female,Loyal Customer,70,Personal Travel,Eco,456,3,4,3,1,2,4,5,2,2,3,2,4,2,3,0,0.0,neutral or dissatisfied
92671,Male,Loyal Customer,37,Business travel,Business,3147,1,1,1,1,3,5,4,4,4,4,4,5,4,3,0,0.0,satisfied
61537,Female,Loyal Customer,29,Personal Travel,Eco,2253,3,4,3,3,2,3,5,2,3,4,4,3,5,2,12,0.0,neutral or dissatisfied
13522,Male,Loyal Customer,48,Business travel,Business,3592,4,1,4,4,1,5,4,5,5,5,5,5,5,2,70,76.0,satisfied
89369,Female,Loyal Customer,37,Business travel,Business,3588,0,4,0,4,5,4,4,3,3,3,3,5,3,3,8,3.0,satisfied
42672,Female,Loyal Customer,58,Business travel,Eco,627,5,3,3,3,5,2,1,5,5,5,5,3,5,2,0,0.0,satisfied
8617,Female,Loyal Customer,57,Personal Travel,Eco Plus,1371,4,3,4,4,4,4,4,3,3,4,3,4,3,1,0,0.0,neutral or dissatisfied
29550,Female,Loyal Customer,33,Business travel,Business,1448,2,2,2,2,5,1,3,4,4,4,4,2,4,1,1,0.0,satisfied
53102,Female,disloyal Customer,25,Business travel,Eco,1129,2,2,2,3,1,2,1,1,1,3,3,1,3,1,29,30.0,neutral or dissatisfied
14976,Female,Loyal Customer,31,Business travel,Business,1020,3,3,3,3,5,5,5,5,2,5,2,4,4,5,10,15.0,satisfied
60909,Male,Loyal Customer,15,Personal Travel,Eco,589,2,4,2,4,3,2,3,3,4,5,5,4,5,3,0,4.0,neutral or dissatisfied
39546,Male,Loyal Customer,43,Business travel,Business,2063,4,4,4,4,1,3,1,4,4,4,4,4,4,1,0,0.0,satisfied
107689,Female,disloyal Customer,23,Business travel,Eco,251,4,0,4,1,1,4,1,1,3,5,5,3,4,1,33,29.0,satisfied
46244,Male,Loyal Customer,59,Business travel,Eco,594,2,5,2,5,2,2,2,2,4,3,3,4,3,2,0,0.0,neutral or dissatisfied
107946,Female,Loyal Customer,67,Personal Travel,Eco,611,3,3,2,3,2,3,2,4,4,2,5,5,4,1,21,34.0,neutral or dissatisfied
31803,Female,disloyal Customer,23,Business travel,Eco,891,1,1,1,3,1,5,5,1,5,2,3,5,3,5,0,0.0,neutral or dissatisfied
116224,Female,Loyal Customer,43,Personal Travel,Eco,358,3,5,3,5,5,4,5,4,4,3,4,5,4,3,0,0.0,neutral or dissatisfied
7674,Female,Loyal Customer,35,Business travel,Eco,604,3,1,2,2,3,3,3,3,3,2,3,3,3,3,0,0.0,neutral or dissatisfied
90653,Male,Loyal Customer,51,Business travel,Business,404,5,5,5,5,2,5,5,4,4,5,4,3,4,3,0,0.0,satisfied
129032,Female,Loyal Customer,58,Business travel,Business,1846,3,3,3,3,4,5,4,5,5,5,5,4,5,4,0,0.0,satisfied
44310,Male,disloyal Customer,20,Business travel,Eco,305,4,0,4,1,4,4,4,4,2,2,4,3,2,4,0,0.0,neutral or dissatisfied
122449,Female,Loyal Customer,55,Business travel,Business,2374,1,1,1,1,5,4,5,3,3,4,3,5,3,4,24,27.0,satisfied
16491,Male,disloyal Customer,22,Business travel,Eco,246,2,3,2,3,3,2,1,3,3,4,3,4,3,3,49,92.0,neutral or dissatisfied
22514,Female,Loyal Customer,24,Business travel,Eco Plus,143,0,5,0,4,1,0,1,1,5,2,5,4,3,1,0,0.0,satisfied
94301,Female,disloyal Customer,28,Business travel,Business,293,2,2,2,3,5,2,5,5,4,2,4,3,5,5,4,0.0,neutral or dissatisfied
103887,Female,Loyal Customer,68,Personal Travel,Eco,1072,4,5,4,3,4,5,5,4,4,4,4,3,4,4,18,0.0,neutral or dissatisfied
105659,Male,Loyal Customer,51,Business travel,Business,1565,3,1,3,3,2,4,4,2,2,2,2,3,2,3,22,39.0,satisfied
112549,Female,Loyal Customer,33,Business travel,Eco Plus,846,1,5,5,5,1,2,1,1,4,5,3,4,4,1,12,8.0,neutral or dissatisfied
116377,Female,Loyal Customer,55,Personal Travel,Eco,342,3,4,3,1,2,4,5,3,3,3,3,5,3,3,11,4.0,neutral or dissatisfied
55605,Female,Loyal Customer,55,Business travel,Business,2104,3,2,2,2,5,3,3,3,3,3,3,3,3,1,0,0.0,neutral or dissatisfied
44493,Female,disloyal Customer,49,Business travel,Eco,261,3,5,3,2,5,3,5,5,2,1,5,2,1,5,0,,neutral or dissatisfied
1870,Male,Loyal Customer,30,Business travel,Business,3779,1,5,5,5,1,1,1,1,1,4,3,2,4,1,4,18.0,neutral or dissatisfied
89917,Female,Loyal Customer,30,Business travel,Business,1501,1,5,5,5,1,1,1,1,1,1,1,1,2,1,0,0.0,neutral or dissatisfied
42346,Male,Loyal Customer,32,Personal Travel,Eco,329,5,5,5,3,3,5,3,3,2,4,1,3,4,3,0,0.0,satisfied
37679,Female,Loyal Customer,7,Personal Travel,Eco,1028,1,4,1,2,2,1,3,2,3,2,4,5,4,2,5,1.0,neutral or dissatisfied
72444,Female,disloyal Customer,28,Business travel,Business,1121,0,0,0,3,4,0,4,4,3,2,5,3,4,4,0,0.0,satisfied
49547,Female,Loyal Customer,44,Business travel,Eco,250,5,1,1,1,1,1,5,5,5,5,5,1,5,2,48,38.0,satisfied
6660,Male,Loyal Customer,61,Personal Travel,Business,438,1,5,1,5,3,5,5,1,1,1,1,5,1,3,6,79.0,neutral or dissatisfied
95240,Female,Loyal Customer,18,Personal Travel,Eco,239,1,3,1,2,1,1,1,1,4,2,1,3,1,1,0,0.0,neutral or dissatisfied
12300,Male,Loyal Customer,44,Business travel,Eco,192,4,3,3,3,4,4,4,4,1,1,3,1,2,4,13,6.0,satisfied
69473,Female,Loyal Customer,69,Personal Travel,Eco,1096,1,4,1,4,2,2,3,3,3,1,1,1,3,2,88,93.0,neutral or dissatisfied
54531,Male,Loyal Customer,26,Personal Travel,Eco,925,3,3,3,3,5,3,5,5,1,5,3,2,3,5,15,0.0,neutral or dissatisfied
65429,Female,Loyal Customer,41,Personal Travel,Eco,2165,1,4,1,4,1,1,1,1,3,3,4,5,5,1,0,0.0,neutral or dissatisfied
97817,Male,Loyal Customer,55,Business travel,Business,2747,5,5,5,5,3,5,5,5,5,5,5,4,5,3,95,97.0,satisfied
100256,Female,disloyal Customer,22,Business travel,Business,1165,5,0,5,1,2,5,2,2,3,5,4,3,5,2,53,37.0,satisfied
84733,Female,Loyal Customer,25,Business travel,Business,3924,4,5,4,4,4,4,4,4,3,5,5,4,4,4,0,0.0,satisfied
90809,Female,Loyal Customer,50,Business travel,Eco,646,2,3,3,3,5,4,3,3,3,2,3,3,3,4,0,0.0,neutral or dissatisfied
88573,Male,Loyal Customer,57,Personal Travel,Eco,250,2,5,2,5,4,2,4,4,5,4,5,4,5,4,0,0.0,neutral or dissatisfied
60347,Female,Loyal Customer,59,Personal Travel,Eco,1024,4,5,4,3,1,5,5,3,3,4,5,2,3,2,0,0.0,satisfied
83083,Female,Loyal Customer,60,Business travel,Business,1557,1,4,4,4,4,3,4,1,1,1,1,2,1,3,0,8.0,neutral or dissatisfied
98510,Female,Loyal Customer,36,Business travel,Business,402,2,3,4,4,2,2,3,2,2,2,2,3,2,2,0,0.0,neutral or dissatisfied
126757,Female,Loyal Customer,49,Personal Travel,Eco,2402,3,5,2,3,4,3,2,4,4,2,4,3,4,4,0,0.0,neutral or dissatisfied
14195,Female,disloyal Customer,45,Business travel,Eco,620,4,2,4,4,2,4,2,2,1,5,3,1,4,2,0,0.0,neutral or dissatisfied
113234,Female,Loyal Customer,38,Business travel,Business,3896,2,4,4,4,3,4,4,2,2,2,2,1,2,1,0,0.0,neutral or dissatisfied
6861,Male,disloyal Customer,23,Business travel,Eco,622,5,0,5,3,5,5,5,5,3,2,4,3,5,5,1,0.0,satisfied
33620,Male,Loyal Customer,30,Business travel,Business,399,2,2,2,2,2,2,2,2,2,1,4,1,4,2,37,37.0,neutral or dissatisfied
101120,Female,disloyal Customer,21,Business travel,Eco,1069,3,3,3,4,4,3,4,4,3,3,4,4,5,4,30,20.0,neutral or dissatisfied
94326,Female,Loyal Customer,49,Business travel,Business,2135,1,1,4,1,4,4,5,5,5,5,4,4,5,5,0,0.0,satisfied
10128,Male,Loyal Customer,22,Business travel,Business,946,2,1,1,1,2,2,2,2,2,2,3,1,3,2,0,3.0,neutral or dissatisfied
129466,Female,disloyal Customer,25,Business travel,Business,2611,2,5,2,3,3,2,3,3,4,2,5,5,4,3,3,0.0,neutral or dissatisfied
1674,Female,Loyal Customer,51,Business travel,Business,561,5,5,5,5,2,4,4,5,5,5,5,5,5,5,0,10.0,satisfied
124269,Male,Loyal Customer,40,Business travel,Business,1639,4,4,4,4,2,4,5,3,3,3,3,4,3,4,0,0.0,satisfied
69898,Male,Loyal Customer,59,Business travel,Business,1514,3,3,3,3,5,4,4,5,5,5,5,3,5,5,104,91.0,satisfied
53972,Male,Loyal Customer,63,Personal Travel,Eco,1117,1,4,1,4,3,1,3,3,3,4,4,4,5,3,0,0.0,neutral or dissatisfied
119425,Female,Loyal Customer,51,Personal Travel,Eco,399,3,5,3,3,4,5,5,4,4,3,4,4,4,3,0,0.0,neutral or dissatisfied
58876,Female,disloyal Customer,42,Business travel,Business,888,2,2,2,1,5,2,5,5,3,4,5,4,5,5,62,52.0,neutral or dissatisfied
75393,Female,Loyal Customer,59,Business travel,Business,2218,4,4,4,4,3,5,5,5,5,5,5,5,5,4,0,0.0,satisfied
16128,Female,Loyal Customer,21,Personal Travel,Eco,725,3,4,3,4,3,3,3,3,3,5,3,1,4,3,39,48.0,neutral or dissatisfied
65546,Male,Loyal Customer,62,Personal Travel,Business,175,2,5,2,2,4,5,4,3,3,2,3,3,3,4,2,14.0,neutral or dissatisfied
103960,Female,Loyal Customer,37,Personal Travel,Eco,533,1,5,1,2,1,1,1,1,5,5,5,3,5,1,21,5.0,neutral or dissatisfied
77367,Female,Loyal Customer,67,Business travel,Eco,588,2,5,5,5,2,2,2,2,2,2,2,4,2,4,0,0.0,neutral or dissatisfied
114710,Female,Loyal Customer,39,Business travel,Business,2191,3,3,3,3,2,5,5,4,4,4,4,5,4,3,0,3.0,satisfied
75772,Female,Loyal Customer,12,Personal Travel,Eco,813,1,1,1,3,4,1,2,4,4,5,2,2,4,4,0,0.0,neutral or dissatisfied
80934,Male,Loyal Customer,25,Personal Travel,Eco,341,2,4,2,1,4,2,3,4,3,5,5,5,4,4,27,27.0,neutral or dissatisfied
123223,Male,Loyal Customer,45,Personal Travel,Eco,590,3,5,3,1,5,3,5,5,5,5,4,4,4,5,25,12.0,neutral or dissatisfied
127229,Female,Loyal Customer,35,Business travel,Business,1460,3,2,2,2,5,3,3,3,3,4,3,4,3,2,0,0.0,neutral or dissatisfied
101397,Male,Loyal Customer,53,Business travel,Eco,486,1,4,4,4,1,1,1,1,2,3,3,2,3,1,0,0.0,neutral or dissatisfied
48413,Female,Loyal Customer,55,Personal Travel,Business,909,4,4,4,1,1,4,2,3,3,4,4,2,3,4,35,37.0,neutral or dissatisfied
81266,Male,disloyal Customer,27,Business travel,Business,1020,2,1,1,5,3,1,3,3,3,3,4,3,5,3,0,0.0,neutral or dissatisfied
101835,Female,Loyal Customer,63,Personal Travel,Eco,1521,3,4,3,3,3,4,5,4,4,3,3,5,4,3,73,51.0,neutral or dissatisfied
59850,Female,Loyal Customer,53,Business travel,Business,3423,4,4,4,4,4,4,5,4,4,4,4,5,4,3,0,0.0,satisfied
57841,Male,disloyal Customer,36,Business travel,Business,1091,3,2,2,3,2,2,2,2,2,3,3,4,3,2,0,0.0,neutral or dissatisfied
102031,Female,disloyal Customer,36,Business travel,Business,236,4,4,4,2,4,4,4,4,5,4,4,4,5,4,7,0.0,neutral or dissatisfied
111424,Female,Loyal Customer,33,Business travel,Business,896,2,2,2,2,5,5,4,4,4,4,4,4,4,3,1,0.0,satisfied
42200,Male,disloyal Customer,37,Business travel,Eco,329,3,5,3,3,5,3,2,5,2,3,2,5,4,5,5,0.0,neutral or dissatisfied
65467,Female,Loyal Customer,42,Business travel,Business,3764,1,1,1,1,5,4,4,3,3,3,3,4,3,3,0,0.0,satisfied
83292,Male,Loyal Customer,50,Personal Travel,Eco,1979,3,4,3,4,2,3,5,2,1,3,3,2,4,2,0,0.0,neutral or dissatisfied
126537,Female,Loyal Customer,45,Business travel,Business,1971,2,2,2,2,2,5,4,4,4,4,4,3,4,5,0,0.0,satisfied
129110,Male,Loyal Customer,41,Personal Travel,Eco,2342,5,3,5,5,5,1,1,3,2,3,3,1,4,1,1,3.0,satisfied
8215,Female,Loyal Customer,42,Business travel,Business,335,3,3,3,3,3,1,1,4,4,4,4,5,4,3,0,0.0,satisfied
68364,Male,Loyal Customer,48,Personal Travel,Eco,2072,3,4,3,5,3,3,3,3,3,5,4,5,5,3,0,0.0,neutral or dissatisfied
6089,Male,disloyal Customer,20,Business travel,Eco,272,4,4,4,2,5,4,5,5,1,3,5,3,4,5,16,31.0,satisfied
115346,Male,Loyal Customer,43,Business travel,Business,2891,1,1,1,1,5,5,5,5,5,5,5,5,5,5,45,38.0,satisfied
80077,Female,disloyal Customer,25,Business travel,Business,1069,2,4,2,5,5,2,5,5,3,2,4,4,5,5,16,0.0,neutral or dissatisfied
57541,Female,Loyal Customer,53,Personal Travel,Eco,413,3,5,3,4,5,5,5,5,5,3,5,3,5,5,9,11.0,neutral or dissatisfied
85768,Female,Loyal Customer,20,Business travel,Business,526,3,3,3,3,5,5,5,5,4,5,5,5,4,5,0,0.0,satisfied
84017,Female,Loyal Customer,57,Personal Travel,Eco,321,4,5,5,4,4,2,4,2,2,5,2,3,2,5,0,0.0,neutral or dissatisfied
65235,Male,Loyal Customer,56,Business travel,Business,3100,4,4,4,4,5,5,4,5,5,4,4,5,5,3,0,0.0,satisfied
128286,Female,Loyal Customer,48,Business travel,Business,1630,5,5,5,5,4,5,5,4,4,4,4,4,4,5,0,0.0,satisfied
58843,Male,Loyal Customer,22,Business travel,Business,783,3,3,3,3,5,4,5,5,4,3,5,3,5,5,2,0.0,satisfied
126199,Male,Loyal Customer,45,Business travel,Eco,631,2,4,4,4,2,2,2,2,1,5,3,2,2,2,68,47.0,neutral or dissatisfied
87720,Female,Loyal Customer,36,Business travel,Eco Plus,606,2,3,3,3,2,2,2,2,2,1,2,2,3,2,0,4.0,neutral or dissatisfied
27918,Male,disloyal Customer,35,Business travel,Eco,689,2,2,2,3,2,2,2,2,5,2,2,4,1,2,0,4.0,neutral or dissatisfied
126990,Female,Loyal Customer,50,Business travel,Business,646,5,5,5,5,3,4,4,4,4,4,4,4,4,4,0,0.0,satisfied
13508,Female,Loyal Customer,46,Business travel,Eco,227,3,3,3,3,5,5,2,3,3,3,3,5,3,2,0,14.0,satisfied
10340,Male,disloyal Customer,37,Business travel,Business,201,4,4,4,1,4,4,1,4,4,4,4,4,5,4,9,1.0,satisfied
76489,Male,Loyal Customer,48,Business travel,Business,547,5,5,5,5,3,5,5,5,5,5,5,5,5,5,0,0.0,satisfied
64462,Female,disloyal Customer,37,Business travel,Eco Plus,989,2,2,2,3,5,2,2,5,4,5,3,2,3,5,0,0.0,neutral or dissatisfied
103451,Female,Loyal Customer,62,Business travel,Business,3408,2,1,1,1,4,2,3,2,2,2,2,4,2,2,35,30.0,neutral or dissatisfied
128792,Male,Loyal Customer,46,Personal Travel,Business,2475,1,5,1,3,1,3,3,4,2,4,5,3,5,3,0,4.0,neutral or dissatisfied
5233,Male,Loyal Customer,41,Business travel,Eco,295,3,5,5,5,3,3,3,3,4,3,1,4,2,3,7,13.0,neutral or dissatisfied
51046,Female,Loyal Customer,15,Personal Travel,Eco,78,3,1,3,3,4,3,4,4,1,4,4,2,3,4,0,0.0,neutral or dissatisfied
50658,Male,Loyal Customer,20,Personal Travel,Eco,250,3,5,0,2,4,0,4,4,4,2,4,1,4,4,40,39.0,neutral or dissatisfied
4786,Male,Loyal Customer,65,Business travel,Business,258,1,4,4,4,5,4,3,1,1,1,1,3,1,3,64,60.0,neutral or dissatisfied
15874,Male,Loyal Customer,37,Business travel,Eco,332,2,3,4,3,2,2,2,2,4,2,4,1,4,2,0,0.0,neutral or dissatisfied
121408,Male,Loyal Customer,42,Business travel,Business,331,0,0,0,1,3,5,4,2,2,3,3,3,2,5,0,0.0,satisfied
4871,Female,Loyal Customer,24,Personal Travel,Eco,408,1,4,1,2,3,1,3,3,2,3,5,5,2,3,0,0.0,neutral or dissatisfied
96485,Male,Loyal Customer,37,Business travel,Business,436,4,2,2,2,2,3,4,4,4,4,4,4,4,2,48,44.0,neutral or dissatisfied
65592,Female,disloyal Customer,39,Business travel,Business,175,2,2,2,4,5,2,1,5,4,5,4,2,4,5,14,10.0,neutral or dissatisfied
72481,Female,Loyal Customer,36,Business travel,Business,3657,2,3,5,3,1,4,4,2,2,2,2,3,2,2,32,28.0,neutral or dissatisfied
84577,Male,disloyal Customer,38,Business travel,Eco,1257,4,4,4,3,1,4,2,1,1,5,3,4,4,1,1,5.0,neutral or dissatisfied
5536,Male,Loyal Customer,33,Personal Travel,Eco,404,4,5,4,4,5,4,5,5,5,5,4,5,4,5,0,0.0,neutral or dissatisfied
117127,Male,Loyal Customer,55,Personal Travel,Eco,370,4,5,4,3,4,4,2,4,5,4,2,2,4,4,7,0.0,satisfied
339,Female,Loyal Customer,22,Personal Travel,Eco,853,2,2,3,2,2,3,2,2,2,4,2,4,3,2,0,0.0,neutral or dissatisfied
64065,Female,Loyal Customer,41,Business travel,Eco,919,3,5,5,5,3,3,3,3,2,3,4,2,4,3,0,17.0,neutral or dissatisfied
123203,Female,Loyal Customer,23,Personal Travel,Eco,631,2,3,2,2,3,2,3,3,5,4,5,2,2,3,0,0.0,neutral or dissatisfied
32780,Female,Loyal Customer,64,Business travel,Business,3707,1,1,1,1,4,5,4,4,4,4,3,2,4,1,0,0.0,satisfied
12889,Female,Loyal Customer,22,Business travel,Business,563,3,3,3,3,4,4,4,4,3,5,1,2,2,4,38,30.0,satisfied
49055,Male,Loyal Customer,46,Business travel,Business,308,1,1,1,1,3,1,2,5,5,5,5,2,5,3,0,0.0,satisfied
9011,Female,Loyal Customer,53,Business travel,Business,108,0,5,0,3,2,5,4,4,4,4,4,5,4,4,0,0.0,satisfied
91644,Male,Loyal Customer,41,Personal Travel,Eco,1199,1,1,1,3,5,1,5,5,3,3,3,2,3,5,3,3.0,neutral or dissatisfied
7664,Female,Loyal Customer,41,Business travel,Business,641,1,1,1,1,3,4,5,4,4,5,4,5,4,5,2,0.0,satisfied
80149,Male,Loyal Customer,59,Business travel,Business,2586,4,4,4,4,4,4,4,5,3,4,4,4,4,4,0,0.0,satisfied
98836,Female,Loyal Customer,26,Personal Travel,Eco,763,3,5,3,3,2,3,2,2,5,5,5,3,4,2,34,34.0,neutral or dissatisfied
65193,Male,Loyal Customer,40,Personal Travel,Eco,190,4,4,4,3,2,4,2,2,5,4,5,5,5,2,1,9.0,neutral or dissatisfied
88674,Female,Loyal Customer,42,Personal Travel,Eco,581,4,5,4,3,3,4,4,2,2,4,2,3,2,3,0,0.0,neutral or dissatisfied
62689,Male,Loyal Customer,56,Business travel,Business,2556,2,2,2,2,5,4,4,3,2,4,5,4,3,4,28,64.0,satisfied
61928,Male,Loyal Customer,57,Personal Travel,Eco,550,4,2,4,4,3,4,3,3,1,3,4,1,3,3,0,0.0,neutral or dissatisfied
11901,Male,disloyal Customer,26,Business travel,Business,501,3,4,4,1,2,4,2,2,5,3,4,5,4,2,0,3.0,neutral or dissatisfied
112325,Male,Loyal Customer,53,Business travel,Business,2976,2,2,2,2,4,5,4,5,5,5,5,5,5,5,10,1.0,satisfied
4909,Female,Loyal Customer,55,Business travel,Eco,1020,3,4,4,4,4,3,3,3,3,3,3,1,3,3,0,8.0,neutral or dissatisfied
68932,Male,disloyal Customer,17,Business travel,Eco,646,3,4,3,4,4,3,4,4,3,1,4,4,3,4,0,0.0,neutral or dissatisfied
43493,Male,Loyal Customer,67,Personal Travel,Eco,752,3,4,3,5,1,3,1,1,4,5,5,4,4,1,0,5.0,neutral or dissatisfied
81414,Female,Loyal Customer,34,Business travel,Business,393,1,1,1,1,1,3,4,1,1,1,1,3,1,3,0,0.0,neutral or dissatisfied
79197,Female,Loyal Customer,57,Business travel,Business,1990,3,3,3,3,5,4,4,5,5,5,5,3,5,5,10,6.0,satisfied
7991,Male,Loyal Customer,42,Business travel,Business,3315,4,4,4,4,3,4,5,3,3,4,3,4,3,3,0,0.0,satisfied
44779,Male,disloyal Customer,26,Business travel,Eco,1250,1,1,1,4,3,1,3,3,4,5,3,2,4,3,16,14.0,neutral or dissatisfied
20781,Male,disloyal Customer,30,Business travel,Eco,508,2,5,2,2,4,2,4,4,5,2,3,5,2,4,0,0.0,neutral or dissatisfied
115743,Female,disloyal Customer,36,Business travel,Business,447,2,2,2,4,1,2,1,1,4,3,5,5,5,1,7,0.0,neutral or dissatisfied
489,Male,disloyal Customer,20,Business travel,Eco,164,2,0,2,3,2,2,2,2,3,4,4,4,5,2,0,1.0,neutral or dissatisfied
93374,Male,disloyal Customer,37,Business travel,Eco Plus,1024,2,2,2,3,5,2,5,5,3,4,4,3,4,5,9,0.0,neutral or dissatisfied
31249,Male,disloyal Customer,45,Business travel,Eco,524,1,4,1,5,4,1,4,4,1,5,2,4,2,4,4,7.0,neutral or dissatisfied
48285,Female,Loyal Customer,9,Personal Travel,Eco Plus,192,2,4,2,1,4,2,4,4,3,2,5,3,4,4,0,0.0,neutral or dissatisfied
116822,Male,Loyal Customer,26,Business travel,Business,2147,5,5,5,5,3,3,3,3,4,4,4,4,4,3,0,0.0,satisfied
30643,Female,disloyal Customer,10,Business travel,Eco,770,2,2,2,4,2,2,2,2,1,2,4,1,3,2,74,68.0,neutral or dissatisfied
7719,Male,Loyal Customer,42,Business travel,Business,1525,4,4,3,4,4,5,5,5,5,5,5,5,5,5,0,0.0,satisfied
108378,Female,Loyal Customer,52,Personal Travel,Eco,1838,3,4,2,1,2,4,5,1,1,2,1,3,1,5,1,5.0,neutral or dissatisfied
6807,Male,Loyal Customer,12,Personal Travel,Eco,235,2,5,2,3,5,2,5,5,5,4,4,3,5,5,19,19.0,neutral or dissatisfied
67996,Male,Loyal Customer,69,Personal Travel,Eco Plus,1235,3,5,3,3,3,3,3,3,5,3,1,2,1,3,0,12.0,neutral or dissatisfied
92275,Male,disloyal Customer,22,Business travel,Eco,1415,3,3,3,4,1,3,2,1,1,1,5,5,2,1,0,0.0,satisfied
35371,Male,Loyal Customer,55,Business travel,Eco,1028,4,3,3,3,4,4,4,4,4,1,3,4,4,4,0,0.0,satisfied
70505,Female,Loyal Customer,25,Personal Travel,Eco,867,1,4,1,1,3,1,3,3,3,1,3,4,4,3,0,0.0,neutral or dissatisfied
62641,Male,Loyal Customer,37,Personal Travel,Eco,1846,0,4,0,3,3,0,2,3,4,4,5,2,3,3,8,0.0,satisfied
80433,Female,Loyal Customer,62,Personal Travel,Eco,2248,2,4,2,1,3,4,4,3,3,2,2,5,3,5,0,0.0,neutral or dissatisfied
19971,Female,disloyal Customer,22,Business travel,Business,557,4,2,4,4,3,4,3,3,4,1,4,3,3,3,50,46.0,neutral or dissatisfied
9831,Female,Loyal Customer,27,Personal Travel,Eco,476,1,3,1,3,5,1,5,5,3,3,3,1,3,5,104,126.0,neutral or dissatisfied
65136,Female,Loyal Customer,7,Personal Travel,Eco,469,3,3,3,4,4,3,4,4,4,2,2,3,1,4,14,11.0,neutral or dissatisfied
44356,Male,Loyal Customer,22,Business travel,Business,596,3,3,3,3,5,4,5,5,1,5,2,5,2,5,0,16.0,satisfied
20068,Male,Loyal Customer,55,Personal Travel,Eco,607,2,4,2,1,3,2,3,3,3,3,4,5,4,3,29,25.0,neutral or dissatisfied
42393,Female,disloyal Customer,32,Business travel,Eco Plus,748,3,3,3,3,2,3,2,2,2,5,2,5,3,2,9,8.0,neutral or dissatisfied
22806,Male,disloyal Customer,24,Business travel,Eco,302,0,3,0,1,2,0,2,2,5,2,3,1,3,2,0,0.0,satisfied
95965,Male,Loyal Customer,54,Business travel,Business,2942,1,1,3,1,4,5,5,4,4,4,4,5,4,5,0,0.0,satisfied
122973,Male,Loyal Customer,50,Business travel,Business,2466,4,5,5,5,5,4,4,4,4,4,4,2,4,4,4,0.0,neutral or dissatisfied
39151,Female,disloyal Customer,24,Business travel,Eco,119,4,3,4,3,4,4,4,2,3,3,3,4,2,4,172,189.0,neutral or dissatisfied
88250,Male,Loyal Customer,40,Business travel,Business,3791,4,4,4,4,2,4,4,5,5,5,5,4,5,5,0,0.0,satisfied
115095,Female,disloyal Customer,37,Business travel,Business,342,1,1,1,3,3,1,1,3,5,3,4,5,5,3,0,0.0,neutral or dissatisfied
126908,Female,disloyal Customer,17,Business travel,Eco,651,0,4,1,3,1,1,1,1,3,5,4,3,4,1,0,0.0,satisfied
109932,Female,Loyal Customer,56,Personal Travel,Eco,1052,4,4,4,2,3,4,5,3,3,4,3,3,3,4,16,15.0,neutral or dissatisfied
110430,Female,Loyal Customer,37,Business travel,Business,525,1,0,0,4,3,3,4,4,4,0,4,4,4,1,17,6.0,neutral or dissatisfied
35996,Female,Loyal Customer,39,Personal Travel,Eco Plus,2496,3,5,3,1,4,3,4,4,3,5,5,2,2,4,0,0.0,neutral or dissatisfied
125324,Female,Loyal Customer,54,Business travel,Business,599,2,1,2,1,5,4,3,2,2,2,2,3,2,3,0,0.0,neutral or dissatisfied
116558,Male,Loyal Customer,57,Personal Travel,Eco,325,5,4,5,3,1,5,1,1,2,4,1,5,3,1,0,0.0,satisfied
101684,Female,Loyal Customer,29,Business travel,Business,1500,4,4,4,4,4,4,4,4,4,2,5,3,4,4,9,0.0,satisfied
81416,Female,disloyal Customer,25,Business travel,Business,448,1,0,1,3,3,1,3,3,4,3,4,5,4,3,0,9.0,neutral or dissatisfied
120613,Female,Loyal Customer,29,Business travel,Business,3081,1,1,1,1,3,3,3,3,3,3,4,3,5,3,8,26.0,satisfied
22733,Female,Loyal Customer,28,Business travel,Eco,147,5,1,1,1,5,5,5,5,2,2,1,4,1,5,4,2.0,satisfied
41379,Male,Loyal Customer,42,Business travel,Eco,563,2,2,2,2,2,2,2,2,2,2,4,1,4,2,0,1.0,neutral or dissatisfied
51818,Female,Loyal Customer,29,Business travel,Eco Plus,261,4,5,5,5,4,4,4,4,2,4,3,5,2,4,0,0.0,satisfied
10868,Female,disloyal Customer,21,Business travel,Eco,134,2,4,1,4,1,1,1,1,2,2,3,1,3,1,0,0.0,neutral or dissatisfied
34025,Female,Loyal Customer,7,Personal Travel,Eco,1576,3,4,3,2,3,3,3,3,4,3,3,4,5,3,0,0.0,neutral or dissatisfied
64385,Female,Loyal Customer,64,Personal Travel,Eco,1192,3,4,3,3,4,5,4,4,4,3,4,5,4,3,0,0.0,neutral or dissatisfied
96612,Male,Loyal Customer,53,Business travel,Business,3597,2,2,2,2,5,4,5,4,4,5,4,5,4,5,0,2.0,satisfied
37057,Male,Loyal Customer,39,Business travel,Eco,1188,5,1,1,1,5,5,5,5,2,3,3,3,5,5,0,0.0,satisfied
31225,Female,disloyal Customer,25,Business travel,Eco Plus,628,2,2,2,3,1,2,1,1,1,4,4,1,3,1,3,0.0,neutral or dissatisfied
51633,Male,Loyal Customer,48,Business travel,Business,370,3,3,3,3,3,5,1,5,5,5,5,4,5,4,18,8.0,satisfied
123535,Male,Loyal Customer,70,Personal Travel,Eco Plus,2077,2,3,2,4,5,2,1,5,4,4,2,2,4,5,14,7.0,neutral or dissatisfied
9860,Female,Loyal Customer,68,Personal Travel,Eco,642,3,4,3,1,2,4,5,2,2,3,2,3,2,4,21,13.0,neutral or dissatisfied
5390,Male,Loyal Customer,31,Personal Travel,Eco,733,0,5,0,2,1,0,1,1,4,4,4,1,4,1,0,0.0,satisfied
119829,Female,Loyal Customer,53,Business travel,Business,3113,5,5,5,5,4,5,5,5,5,5,5,5,5,4,4,4.0,satisfied
35460,Female,Loyal Customer,17,Personal Travel,Eco,1069,2,5,2,2,4,2,4,4,5,5,5,3,4,4,0,4.0,neutral or dissatisfied
84897,Male,Loyal Customer,48,Personal Travel,Eco,534,1,5,3,3,1,3,1,1,3,2,4,3,5,1,36,27.0,neutral or dissatisfied
6935,Male,Loyal Customer,33,Business travel,Business,3797,2,2,2,2,4,4,4,4,5,5,4,5,5,4,12,35.0,satisfied
17561,Male,Loyal Customer,39,Business travel,Business,1034,4,4,4,4,5,3,4,4,4,5,4,1,4,5,0,0.0,satisfied
10872,Female,disloyal Customer,25,Business travel,Business,517,4,0,4,2,3,4,3,3,3,2,4,3,4,3,0,0.0,neutral or dissatisfied
91120,Male,Loyal Customer,25,Personal Travel,Eco,404,3,4,3,2,1,3,1,1,3,5,4,5,4,1,10,5.0,neutral or dissatisfied
34726,Male,Loyal Customer,44,Business travel,Business,3093,0,4,0,3,3,2,1,4,4,4,4,3,4,1,60,72.0,satisfied
99907,Female,Loyal Customer,49,Business travel,Business,2338,4,4,5,4,3,5,5,4,4,4,4,5,4,5,51,33.0,satisfied
44244,Female,disloyal Customer,23,Business travel,Eco,222,1,1,1,4,4,1,2,4,3,2,3,2,3,4,0,0.0,neutral or dissatisfied
39304,Female,Loyal Customer,27,Personal Travel,Eco,67,5,4,5,4,4,5,4,4,4,3,5,5,5,4,0,0.0,satisfied
39319,Female,Loyal Customer,49,Personal Travel,Eco,67,2,5,2,1,5,4,5,5,5,2,5,4,5,3,0,0.0,neutral or dissatisfied
63194,Female,Loyal Customer,56,Business travel,Business,2390,3,3,3,3,2,4,4,5,5,5,5,3,5,5,0,0.0,satisfied
110507,Female,Loyal Customer,60,Business travel,Eco Plus,263,4,2,2,2,5,4,3,3,3,4,3,2,3,4,0,0.0,satisfied
121111,Male,disloyal Customer,23,Business travel,Business,971,4,5,4,1,2,4,2,2,4,4,5,4,4,2,15,0.0,satisfied
67018,Female,Loyal Customer,39,Business travel,Business,929,3,3,3,3,4,4,5,4,4,4,4,3,4,4,0,0.0,satisfied
82079,Female,Loyal Customer,55,Business travel,Business,2553,1,1,1,1,5,4,4,4,4,4,4,4,4,3,13,12.0,satisfied
72659,Female,Loyal Customer,17,Personal Travel,Eco,985,2,5,2,5,5,2,5,5,4,4,5,4,5,5,7,8.0,neutral or dissatisfied
64760,Female,Loyal Customer,45,Business travel,Business,282,4,1,4,4,4,4,4,4,4,5,5,4,4,4,152,139.0,satisfied
94835,Female,disloyal Customer,59,Business travel,Business,277,2,2,2,3,2,2,2,2,4,4,4,3,4,2,2,1.0,neutral or dissatisfied
2021,Female,Loyal Customer,11,Business travel,Business,3655,2,5,5,5,2,2,2,2,1,4,4,2,2,2,131,127.0,neutral or dissatisfied
51486,Female,Loyal Customer,53,Business travel,Business,751,5,5,5,5,4,4,5,3,3,3,3,5,3,4,0,0.0,satisfied
9688,Male,disloyal Customer,23,Business travel,Eco,212,3,3,3,4,3,1,1,4,2,4,3,1,1,1,202,190.0,neutral or dissatisfied
38997,Female,disloyal Customer,20,Business travel,Eco,260,5,4,5,4,3,5,3,3,3,3,1,4,5,3,0,0.0,satisfied
24458,Female,disloyal Customer,25,Business travel,Eco,547,2,3,2,3,1,2,1,1,4,1,3,4,2,1,0,0.0,neutral or dissatisfied
67300,Female,Loyal Customer,58,Business travel,Business,1523,1,1,1,1,4,5,5,5,5,5,5,5,5,3,4,0.0,satisfied
25120,Male,Loyal Customer,36,Personal Travel,Eco,946,4,4,4,3,5,4,5,5,3,3,3,3,4,5,0,13.0,neutral or dissatisfied
59147,Female,disloyal Customer,24,Personal Travel,Eco,1846,2,5,2,3,1,2,1,1,4,3,5,3,4,1,0,0.0,neutral or dissatisfied
51195,Male,Loyal Customer,58,Business travel,Eco Plus,207,5,3,3,3,5,5,5,5,3,3,4,4,2,5,0,0.0,satisfied
29390,Female,disloyal Customer,13,Business travel,Eco,1290,3,3,3,3,4,3,4,4,4,2,2,1,3,4,0,0.0,neutral or dissatisfied
36746,Male,Loyal Customer,41,Personal Travel,Business,2588,3,3,3,1,3,3,4,3,4,5,4,4,4,4,45,27.0,neutral or dissatisfied
105194,Male,Loyal Customer,53,Business travel,Business,2045,3,1,3,3,3,5,5,5,5,5,5,4,5,4,10,1.0,satisfied
16401,Female,Loyal Customer,35,Personal Travel,Eco,404,3,5,3,2,3,3,3,3,5,3,3,2,1,3,0,1.0,neutral or dissatisfied
62063,Male,Loyal Customer,11,Personal Travel,Eco,2586,1,4,1,3,1,1,1,1,3,2,4,4,3,1,40,39.0,neutral or dissatisfied
108124,Female,disloyal Customer,14,Business travel,Eco,1105,5,5,5,3,3,5,3,3,3,2,5,5,5,3,0,0.0,satisfied
87753,Female,Loyal Customer,54,Business travel,Business,3867,3,3,3,3,2,5,4,4,4,4,5,3,4,4,0,0.0,satisfied
63254,Female,Loyal Customer,50,Business travel,Business,3158,2,2,2,2,5,4,4,4,4,4,4,5,4,3,0,0.0,satisfied
59030,Female,disloyal Customer,21,Business travel,Eco,1846,2,2,2,4,5,2,2,5,4,2,3,3,4,5,0,,neutral or dissatisfied
48294,Female,Loyal Customer,51,Business travel,Business,1499,4,4,4,4,2,2,3,4,4,4,4,5,4,4,0,21.0,satisfied
34684,Female,Loyal Customer,33,Business travel,Business,3125,1,1,1,1,4,2,1,5,5,5,5,1,5,2,0,0.0,satisfied
30560,Male,Loyal Customer,31,Business travel,Business,628,1,1,3,1,5,5,5,5,4,2,1,1,5,5,0,0.0,satisfied
43925,Male,Loyal Customer,64,Personal Travel,Eco,114,4,1,4,4,4,4,4,4,2,3,3,1,4,4,0,0.0,neutral or dissatisfied
45526,Male,disloyal Customer,10,Business travel,Eco,689,4,4,4,1,5,4,5,5,4,1,5,4,3,5,2,0.0,satisfied
34250,Female,disloyal Customer,49,Business travel,Eco,1666,3,3,3,3,2,3,4,2,2,1,3,2,4,2,48,94.0,neutral or dissatisfied
101618,Female,Loyal Customer,38,Business travel,Eco,739,4,5,4,4,4,5,4,4,1,1,2,5,1,4,18,14.0,satisfied
42826,Female,Loyal Customer,36,Business travel,Business,3731,4,2,2,2,2,3,4,4,4,4,4,3,4,3,0,0.0,neutral or dissatisfied
21225,Female,Loyal Customer,19,Personal Travel,Eco,317,0,4,0,4,2,0,2,2,2,2,4,2,4,2,0,0.0,satisfied
85139,Male,disloyal Customer,21,Business travel,Business,689,4,3,4,2,4,4,4,4,5,3,4,3,4,4,0,0.0,satisfied
8528,Female,Loyal Customer,19,Personal Travel,Eco,862,3,4,3,2,3,3,3,3,3,2,4,4,5,3,1,0.0,neutral or dissatisfied
124598,Female,Loyal Customer,61,Personal Travel,Eco,500,2,1,2,2,1,1,1,5,5,2,5,4,5,3,0,0.0,neutral or dissatisfied
35922,Female,Loyal Customer,29,Business travel,Eco Plus,2248,3,1,1,1,3,3,3,3,1,4,2,3,3,3,6,0.0,neutral or dissatisfied
67607,Female,disloyal Customer,35,Business travel,Business,1188,3,3,3,5,3,3,3,3,3,2,4,3,5,3,0,2.0,neutral or dissatisfied
72303,Female,Loyal Customer,16,Personal Travel,Eco,919,2,4,2,4,4,2,4,4,4,5,4,3,4,4,23,26.0,neutral or dissatisfied
5099,Male,Loyal Customer,28,Personal Travel,Eco,235,5,4,5,5,1,5,1,1,3,3,4,5,4,1,0,0.0,satisfied
29801,Male,Loyal Customer,38,Business travel,Business,2323,3,3,3,3,1,1,4,4,4,4,4,1,4,4,0,0.0,satisfied
115129,Female,disloyal Customer,35,Business travel,Business,342,2,2,2,4,1,2,1,1,3,5,5,3,5,1,4,1.0,neutral or dissatisfied
56109,Female,Loyal Customer,38,Personal Travel,Eco,2402,3,2,3,3,3,3,5,1,4,4,3,5,4,5,1,17.0,neutral or dissatisfied
39070,Male,Loyal Customer,45,Business travel,Business,737,3,4,4,4,3,3,3,4,3,3,4,3,1,3,163,172.0,neutral or dissatisfied
103767,Male,disloyal Customer,36,Business travel,Business,882,3,3,3,3,2,3,2,2,4,5,4,5,5,2,0,0.0,neutral or dissatisfied
87391,Male,Loyal Customer,66,Business travel,Eco,425,3,2,2,2,3,3,3,3,3,3,4,1,3,3,0,0.0,neutral or dissatisfied
51526,Female,Loyal Customer,25,Business travel,Business,370,3,3,3,3,4,4,4,4,1,3,5,4,3,4,13,5.0,satisfied
96353,Female,Loyal Customer,24,Personal Travel,Eco,1609,2,5,2,4,1,2,1,1,3,2,5,4,4,1,0,0.0,neutral or dissatisfied
18808,Female,Loyal Customer,51,Business travel,Business,2444,3,3,3,3,5,3,5,4,4,4,4,3,4,3,0,0.0,satisfied
40003,Female,Loyal Customer,50,Business travel,Eco,525,5,5,5,5,3,5,4,5,5,5,5,2,5,4,0,0.0,satisfied
64026,Female,Loyal Customer,67,Business travel,Business,2415,1,1,1,1,5,4,4,5,5,5,5,3,5,3,0,0.0,satisfied
82109,Female,Loyal Customer,16,Personal Travel,Eco,1276,2,2,2,4,2,2,3,2,2,5,2,2,3,2,9,8.0,neutral or dissatisfied
7759,Female,Loyal Customer,45,Business travel,Business,2812,4,4,2,4,5,4,4,5,5,5,5,4,5,4,0,9.0,satisfied
89137,Male,Loyal Customer,66,Business travel,Eco,1919,2,3,3,3,2,2,2,2,3,2,4,4,4,2,17,7.0,neutral or dissatisfied
85235,Male,disloyal Customer,24,Business travel,Eco,413,0,0,0,3,3,0,3,3,3,4,4,5,3,3,0,0.0,satisfied
93343,Male,Loyal Customer,45,Business travel,Business,3826,4,4,4,4,2,4,4,2,2,2,2,5,2,4,6,1.0,satisfied
84931,Male,Loyal Customer,48,Personal Travel,Eco,547,2,4,2,2,3,2,4,3,1,4,4,4,4,3,0,0.0,neutral or dissatisfied
18337,Male,Loyal Customer,22,Personal Travel,Eco Plus,554,4,4,4,1,2,4,4,2,3,4,4,5,5,2,0,0.0,neutral or dissatisfied
123103,Female,disloyal Customer,20,Business travel,Eco,590,3,3,3,4,1,3,2,1,2,3,4,4,3,1,76,55.0,neutral or dissatisfied
64539,Male,Loyal Customer,57,Business travel,Business,2545,0,0,0,1,2,5,5,4,4,4,5,3,4,4,5,4.0,satisfied
117992,Male,Loyal Customer,52,Business travel,Business,255,3,3,3,3,3,5,5,4,4,4,4,4,4,5,0,0.0,satisfied
78124,Female,disloyal Customer,21,Business travel,Business,1619,3,0,3,4,1,3,1,1,4,4,3,2,3,1,17,6.0,neutral or dissatisfied
90635,Male,Loyal Customer,57,Business travel,Business,406,4,4,4,4,2,4,4,4,4,4,4,5,4,5,1,0.0,satisfied
36034,Female,Loyal Customer,50,Business travel,Business,474,3,2,3,3,5,3,2,3,3,3,3,3,3,2,0,0.0,satisfied
95874,Female,Loyal Customer,33,Business travel,Business,759,1,1,1,1,3,4,5,4,4,4,4,5,4,5,0,0.0,satisfied
78864,Male,Loyal Customer,24,Business travel,Business,1995,5,5,5,5,4,4,4,4,4,4,4,3,5,4,0,0.0,satisfied
126902,Male,Loyal Customer,29,Personal Travel,Eco Plus,2077,3,3,3,2,3,3,3,3,1,2,2,1,3,3,36,15.0,neutral or dissatisfied
98141,Female,Loyal Customer,42,Personal Travel,Eco Plus,472,2,3,2,3,3,2,2,2,2,2,2,4,2,3,29,20.0,neutral or dissatisfied
93902,Male,Loyal Customer,67,Personal Travel,Eco,590,4,1,5,3,2,5,2,2,1,3,3,3,3,2,0,0.0,satisfied
62183,Female,disloyal Customer,22,Business travel,Business,2565,4,2,3,1,2,3,2,2,5,4,3,3,5,2,10,0.0,satisfied
83551,Male,Loyal Customer,33,Business travel,Business,1865,4,4,4,4,5,5,5,5,5,4,3,4,4,5,81,42.0,satisfied
47569,Female,Loyal Customer,48,Personal Travel,Eco Plus,501,3,1,3,4,4,4,3,5,5,3,5,2,5,4,0,0.0,neutral or dissatisfied
30379,Female,Loyal Customer,28,Business travel,Business,862,1,4,4,4,1,1,1,1,1,2,4,1,4,1,3,28.0,neutral or dissatisfied
7447,Male,Loyal Customer,31,Personal Travel,Eco,552,3,0,3,1,3,3,3,3,5,2,5,4,4,3,0,0.0,neutral or dissatisfied
120176,Female,Loyal Customer,31,Business travel,Business,1927,5,5,5,5,4,4,4,4,3,5,5,3,5,4,0,0.0,satisfied
21019,Female,Loyal Customer,55,Business travel,Business,2483,0,4,0,2,4,4,4,1,2,3,3,4,3,4,277,278.0,satisfied
48032,Female,Loyal Customer,25,Personal Travel,Eco,1187,3,4,2,1,5,2,5,5,5,3,3,5,5,5,0,0.0,neutral or dissatisfied
33625,Female,Loyal Customer,48,Personal Travel,Eco,413,5,5,5,2,4,4,4,4,4,5,4,4,4,4,0,0.0,satisfied
22588,Male,disloyal Customer,34,Business travel,Eco,300,2,3,2,2,1,2,4,1,4,3,5,5,1,1,0,0.0,neutral or dissatisfied
120185,Female,Loyal Customer,31,Business travel,Business,1303,3,3,3,3,5,5,5,5,4,3,5,4,4,5,0,0.0,satisfied
106718,Male,Loyal Customer,42,Business travel,Business,3981,2,2,2,2,3,5,5,4,4,4,4,3,4,3,41,49.0,satisfied
47808,Male,disloyal Customer,49,Business travel,Eco,838,3,3,3,1,2,3,2,2,4,5,2,4,3,2,0,0.0,neutral or dissatisfied
68545,Male,Loyal Customer,39,Personal Travel,Eco,1013,3,4,3,3,5,3,5,5,4,4,1,3,5,5,17,57.0,neutral or dissatisfied
24564,Male,Loyal Customer,11,Personal Travel,Eco,874,3,4,4,3,2,4,2,2,1,4,2,4,3,2,63,57.0,neutral or dissatisfied
93014,Female,disloyal Customer,29,Business travel,Eco,1524,2,2,2,4,2,5,5,2,1,4,3,5,1,5,173,195.0,neutral or dissatisfied
97590,Female,Loyal Customer,64,Personal Travel,Eco Plus,448,4,5,3,3,3,2,1,3,3,3,4,2,3,4,6,0.0,neutral or dissatisfied
67811,Male,Loyal Customer,43,Business travel,Eco,835,2,3,4,3,2,2,2,2,1,2,4,1,3,2,1,12.0,neutral or dissatisfied
51269,Female,Loyal Customer,39,Business travel,Eco Plus,262,5,4,4,4,5,5,5,5,2,4,1,4,5,5,0,0.0,satisfied
49860,Female,disloyal Customer,38,Business travel,Eco,209,2,0,2,4,3,2,3,3,5,3,1,1,4,3,0,5.0,neutral or dissatisfied
51937,Male,Loyal Customer,46,Business travel,Eco,347,2,1,1,1,2,2,2,2,5,4,3,1,4,2,0,0.0,satisfied
80269,Female,Loyal Customer,57,Business travel,Business,746,1,4,1,1,5,5,5,4,4,4,4,3,4,5,2,0.0,satisfied
18627,Female,Loyal Customer,48,Personal Travel,Eco,285,2,5,2,3,3,4,5,4,4,2,4,4,4,4,0,0.0,neutral or dissatisfied
72420,Male,Loyal Customer,54,Business travel,Business,2775,2,2,5,2,3,4,4,2,2,2,2,3,2,4,0,1.0,satisfied
61581,Male,disloyal Customer,23,Business travel,Eco,1356,4,4,4,3,5,4,5,5,4,5,5,3,4,5,0,0.0,satisfied
118346,Male,Loyal Customer,13,Personal Travel,Eco,602,3,5,3,4,2,3,2,2,3,2,4,4,4,2,20,11.0,neutral or dissatisfied
51490,Female,Loyal Customer,34,Business travel,Business,3633,5,5,5,5,4,5,5,5,5,5,5,4,5,5,0,0.0,satisfied
47969,Male,Loyal Customer,45,Personal Travel,Eco,329,1,1,1,3,3,1,3,3,4,1,3,1,3,3,6,34.0,neutral or dissatisfied
71232,Male,Loyal Customer,52,Business travel,Business,1602,1,1,1,1,4,4,5,5,5,5,5,3,5,3,0,0.0,satisfied
124320,Male,Loyal Customer,42,Personal Travel,Eco,255,1,5,1,4,5,1,5,5,2,5,3,4,3,5,0,5.0,neutral or dissatisfied
35396,Female,disloyal Customer,17,Business travel,Eco,1074,3,3,3,4,2,3,2,2,1,2,3,4,3,2,21,11.0,neutral or dissatisfied
97364,Female,Loyal Customer,69,Personal Travel,Eco,347,4,5,5,3,2,5,5,3,3,5,3,4,3,5,0,0.0,neutral or dissatisfied
62734,Female,disloyal Customer,28,Business travel,Eco,2615,2,2,2,4,2,1,1,2,4,2,4,1,4,1,1,15.0,neutral or dissatisfied
35751,Male,Loyal Customer,46,Business travel,Business,1608,1,1,1,1,2,4,5,5,5,5,5,5,5,3,0,0.0,satisfied
42983,Male,Loyal Customer,36,Business travel,Eco,391,2,3,3,3,2,2,2,2,1,4,3,4,3,2,0,0.0,neutral or dissatisfied
112618,Female,Loyal Customer,37,Personal Travel,Eco,602,5,3,4,4,3,4,3,3,5,3,5,5,5,3,0,0.0,satisfied
120718,Female,Loyal Customer,41,Business travel,Business,90,4,1,4,4,5,4,5,3,4,5,5,5,4,5,64,210.0,satisfied
122876,Male,Loyal Customer,31,Personal Travel,Eco,226,5,4,0,4,4,0,5,4,4,5,4,4,5,4,0,0.0,satisfied
53321,Female,Loyal Customer,9,Personal Travel,Eco,758,3,4,2,3,5,2,4,5,4,1,4,3,4,5,0,0.0,neutral or dissatisfied
26332,Female,Loyal Customer,65,Business travel,Business,2257,2,1,1,1,2,3,4,2,2,2,2,4,2,2,4,0.0,neutral or dissatisfied
45160,Male,Loyal Customer,16,Business travel,Business,2846,1,2,2,2,4,4,1,4,3,3,2,2,3,4,0,0.0,neutral or dissatisfied
54380,Male,Loyal Customer,38,Business travel,Business,305,2,3,2,2,2,1,2,5,5,4,5,5,5,4,0,0.0,satisfied
3647,Male,Loyal Customer,43,Business travel,Business,2219,2,5,5,5,5,3,3,2,2,3,2,1,2,1,0,0.0,neutral or dissatisfied
108100,Male,disloyal Customer,38,Business travel,Business,997,2,2,2,3,4,2,4,4,3,2,4,4,5,4,10,0.0,neutral or dissatisfied
94306,Female,Loyal Customer,54,Business travel,Business,496,2,2,2,2,2,5,5,4,4,4,4,4,4,3,0,5.0,satisfied
5212,Male,disloyal Customer,44,Business travel,Business,351,3,3,3,4,1,3,1,1,2,5,3,1,3,1,0,0.0,neutral or dissatisfied
62755,Female,Loyal Customer,41,Business travel,Business,2486,1,2,1,1,4,5,4,5,5,5,5,3,5,4,0,0.0,satisfied
92604,Female,disloyal Customer,44,Business travel,Eco,842,3,3,3,3,4,3,4,4,1,5,4,3,3,4,0,0.0,neutral or dissatisfied
106862,Female,Loyal Customer,60,Business travel,Business,3772,2,2,2,2,4,5,5,4,4,4,4,4,4,5,0,0.0,satisfied
114449,Male,Loyal Customer,53,Business travel,Business,337,1,1,1,1,4,5,4,5,5,5,5,3,5,3,19,9.0,satisfied
64288,Male,Loyal Customer,29,Business travel,Business,2716,3,3,3,3,5,5,5,5,5,4,5,3,5,5,4,0.0,satisfied
126874,Male,Loyal Customer,17,Personal Travel,Eco,2125,2,4,2,2,1,2,1,1,1,4,2,3,4,1,0,0.0,neutral or dissatisfied
64948,Male,Loyal Customer,30,Business travel,Business,1975,4,2,2,2,1,1,4,1,2,2,3,3,4,1,9,0.0,neutral or dissatisfied
25144,Female,Loyal Customer,38,Personal Travel,Business,406,1,4,2,3,1,4,5,2,2,2,2,5,2,1,21,13.0,neutral or dissatisfied
31866,Male,Loyal Customer,43,Business travel,Eco,2603,3,1,1,1,3,3,3,3,3,4,5,1,4,3,6,0.0,satisfied
108254,Female,Loyal Customer,22,Business travel,Business,895,3,3,3,3,2,2,2,2,5,4,5,5,5,2,0,0.0,satisfied
71877,Male,Loyal Customer,66,Personal Travel,Eco,1723,2,5,2,5,1,2,1,1,4,2,5,5,4,1,0,0.0,neutral or dissatisfied
110946,Female,Loyal Customer,46,Business travel,Business,3091,4,4,4,4,5,5,4,3,3,3,3,4,3,4,16,7.0,satisfied
45504,Male,Loyal Customer,25,Business travel,Eco Plus,522,3,5,5,5,3,3,2,3,4,4,3,2,3,3,0,0.0,neutral or dissatisfied
105186,Male,Loyal Customer,21,Personal Travel,Eco,220,1,4,1,3,1,1,1,1,1,3,3,4,3,1,0,0.0,neutral or dissatisfied
128528,Female,Loyal Customer,49,Personal Travel,Eco,304,3,4,3,3,3,5,5,1,1,3,1,5,1,3,0,1.0,neutral or dissatisfied
82591,Female,Loyal Customer,37,Business travel,Business,528,2,2,2,2,2,5,4,5,5,5,5,4,5,5,0,0.0,satisfied
100338,Male,Loyal Customer,43,Business travel,Business,652,3,3,3,3,5,3,1,5,5,5,5,4,5,3,3,0.0,satisfied
66485,Male,Loyal Customer,56,Business travel,Business,2644,1,1,1,1,4,5,5,5,5,4,5,4,5,3,0,3.0,satisfied
26514,Female,disloyal Customer,24,Business travel,Eco,990,2,2,2,3,1,2,1,1,3,3,5,3,5,1,0,0.0,neutral or dissatisfied
115468,Male,disloyal Customer,17,Business travel,Eco,417,3,1,3,3,3,3,1,3,3,4,3,1,4,3,16,22.0,neutral or dissatisfied
35086,Male,Loyal Customer,40,Business travel,Eco,1097,5,5,5,5,5,5,5,5,5,5,1,2,2,5,11,22.0,satisfied
36115,Female,disloyal Customer,48,Business travel,Eco,708,2,2,2,5,2,2,2,2,3,5,1,5,3,2,57,91.0,neutral or dissatisfied
96838,Male,Loyal Customer,60,Business travel,Business,994,2,2,2,2,5,4,5,4,4,4,4,4,4,4,32,17.0,satisfied
108171,Female,Loyal Customer,55,Personal Travel,Eco,990,3,4,4,3,4,4,5,1,1,4,1,5,1,5,0,1.0,neutral or dissatisfied
50163,Female,Loyal Customer,26,Business travel,Business,110,2,2,2,2,4,4,3,4,1,5,5,5,1,4,0,0.0,satisfied
66396,Male,Loyal Customer,54,Business travel,Business,1562,4,4,3,4,5,5,5,4,3,5,5,5,4,5,275,262.0,satisfied
127974,Male,Loyal Customer,39,Business travel,Business,1149,1,1,1,1,3,5,4,3,3,3,3,3,3,5,0,0.0,satisfied
62649,Male,Loyal Customer,24,Personal Travel,Eco,1846,3,4,3,3,5,3,5,5,4,4,3,5,4,5,0,0.0,neutral or dissatisfied
9820,Female,Loyal Customer,40,Business travel,Business,2590,1,1,1,1,3,4,4,5,5,5,5,3,5,5,11,0.0,satisfied
94354,Male,Loyal Customer,56,Business travel,Business,187,2,2,2,2,4,4,4,5,5,5,5,3,5,5,0,0.0,satisfied
123792,Female,Loyal Customer,42,Business travel,Business,2728,3,3,3,3,5,4,5,5,5,5,5,3,5,3,0,0.0,satisfied
12605,Female,Loyal Customer,16,Personal Travel,Eco,542,3,5,3,1,5,3,5,5,5,3,4,4,4,5,6,4.0,neutral or dissatisfied
83892,Female,Loyal Customer,58,Business travel,Business,1450,2,3,2,2,5,4,5,5,5,5,5,5,5,4,0,0.0,satisfied
122264,Female,Loyal Customer,29,Personal Travel,Eco,544,1,5,1,4,5,1,5,5,4,1,5,4,2,5,0,0.0,neutral or dissatisfied
107909,Female,disloyal Customer,26,Business travel,Eco,861,2,2,2,4,4,2,3,4,2,4,4,3,3,4,96,103.0,neutral or dissatisfied
91346,Female,Loyal Customer,12,Personal Travel,Eco Plus,406,1,5,1,2,3,1,3,3,4,5,5,3,5,3,0,14.0,neutral or dissatisfied
3506,Female,Loyal Customer,46,Business travel,Business,1597,5,5,5,5,4,4,5,4,4,4,4,5,4,5,40,21.0,satisfied
59156,Female,Loyal Customer,32,Business travel,Business,1723,3,3,3,3,5,5,5,5,3,4,5,5,5,5,13,16.0,satisfied
12958,Male,Loyal Customer,34,Business travel,Eco Plus,359,4,4,4,4,4,4,4,4,2,3,3,5,2,4,0,0.0,satisfied
120455,Female,Loyal Customer,69,Personal Travel,Eco,366,2,1,5,3,5,3,4,3,3,5,3,1,3,3,0,0.0,neutral or dissatisfied
33062,Male,Loyal Customer,12,Personal Travel,Eco,201,2,2,2,4,2,2,2,2,3,4,4,3,3,2,0,0.0,neutral or dissatisfied
45619,Male,Loyal Customer,36,Business travel,Eco,230,4,2,2,2,4,4,4,4,2,4,3,1,3,4,0,0.0,neutral or dissatisfied
70050,Female,Loyal Customer,12,Personal Travel,Eco,583,5,5,5,3,3,5,3,3,3,4,5,3,4,3,0,0.0,satisfied
122826,Female,Loyal Customer,59,Business travel,Business,3316,5,5,5,5,4,5,4,5,5,5,5,5,5,5,0,0.0,satisfied
121866,Male,Loyal Customer,35,Business travel,Business,337,2,3,3,3,2,4,3,2,2,1,2,4,2,3,0,0.0,neutral or dissatisfied
128183,Male,Loyal Customer,19,Personal Travel,Eco,1849,3,1,3,4,4,3,4,4,4,4,4,4,3,4,0,0.0,neutral or dissatisfied
105344,Male,disloyal Customer,36,Business travel,Eco,528,4,1,4,4,2,4,2,2,2,3,4,4,4,2,0,0.0,neutral or dissatisfied
40201,Female,Loyal Customer,40,Business travel,Business,2134,2,2,2,2,1,4,4,4,4,4,4,5,4,2,0,0.0,satisfied
59886,Female,Loyal Customer,23,Business travel,Business,1085,4,2,2,2,4,4,4,4,2,2,3,4,3,4,3,0.0,neutral or dissatisfied
52916,Male,Loyal Customer,45,Business travel,Business,2799,4,4,4,4,4,5,3,2,2,2,2,3,2,2,7,0.0,satisfied
127399,Female,disloyal Customer,24,Business travel,Business,1009,1,2,1,3,3,1,4,3,2,2,3,2,3,3,0,0.0,neutral or dissatisfied
24257,Female,Loyal Customer,33,Personal Travel,Eco,302,1,3,1,3,5,1,5,5,3,5,3,1,3,5,57,58.0,neutral or dissatisfied
105203,Female,Loyal Customer,13,Personal Travel,Eco Plus,289,0,3,0,5,2,0,2,2,2,5,3,4,2,2,1,3.0,satisfied
115825,Female,disloyal Customer,25,Business travel,Eco,404,5,0,5,4,2,5,2,2,5,2,3,5,3,2,3,0.0,satisfied
34864,Female,disloyal Customer,42,Business travel,Eco,774,2,2,2,2,5,2,5,5,3,3,4,2,2,5,18,34.0,neutral or dissatisfied
29312,Female,Loyal Customer,70,Personal Travel,Eco,859,3,5,3,1,3,5,4,5,5,3,5,3,5,3,0,0.0,neutral or dissatisfied
33410,Male,Loyal Customer,23,Business travel,Eco,2399,4,4,4,4,4,4,5,4,3,2,3,4,3,4,0,5.0,satisfied
121819,Female,Loyal Customer,33,Business travel,Business,366,3,3,3,3,5,4,5,2,2,2,2,3,2,3,23,18.0,satisfied
57451,Male,Loyal Customer,53,Business travel,Business,334,3,5,3,3,4,5,5,5,5,5,5,4,5,5,5,0.0,satisfied
9267,Male,disloyal Customer,22,Business travel,Business,441,5,3,5,3,5,5,5,5,5,5,5,5,4,5,1,0.0,satisfied
77791,Male,Loyal Customer,64,Personal Travel,Eco,696,2,5,2,3,5,2,5,5,4,5,5,3,4,5,76,69.0,neutral or dissatisfied
3111,Female,Loyal Customer,10,Personal Travel,Eco Plus,413,2,4,2,3,2,2,2,2,2,1,4,2,3,2,15,41.0,neutral or dissatisfied
5024,Male,disloyal Customer,24,Business travel,Eco,235,3,4,3,3,5,3,5,5,3,5,5,5,5,5,12,9.0,neutral or dissatisfied
90495,Male,Loyal Customer,46,Business travel,Business,270,4,4,4,4,3,4,5,5,5,5,5,3,5,4,75,61.0,satisfied
115365,Female,disloyal Customer,40,Business travel,Business,404,4,4,4,3,4,4,4,4,4,5,5,3,5,4,0,0.0,satisfied
96973,Male,Loyal Customer,59,Business travel,Business,794,2,2,2,2,2,4,4,5,5,5,5,4,5,5,0,0.0,satisfied
28681,Female,Loyal Customer,44,Business travel,Business,2777,2,2,2,2,5,5,5,3,3,5,3,4,3,1,3,0.0,satisfied
91270,Female,Loyal Customer,45,Personal Travel,Eco,270,3,5,3,3,2,3,2,4,4,3,4,4,4,5,0,0.0,neutral or dissatisfied
119946,Female,disloyal Customer,29,Business travel,Eco,868,2,2,2,3,3,2,5,3,1,5,3,4,4,3,0,0.0,neutral or dissatisfied
32852,Female,Loyal Customer,45,Personal Travel,Eco,201,2,4,2,3,1,4,3,2,2,2,5,4,2,3,0,0.0,neutral or dissatisfied
124990,Male,Loyal Customer,48,Business travel,Eco,184,2,3,3,3,2,2,2,2,1,2,3,4,3,2,0,0.0,neutral or dissatisfied
5844,Male,Loyal Customer,23,Business travel,Business,3780,3,3,3,3,4,4,4,4,3,2,4,5,5,4,0,0.0,satisfied
104967,Female,Loyal Customer,32,Business travel,Business,337,3,3,3,3,4,4,4,4,5,5,5,3,5,4,0,0.0,satisfied
34103,Male,disloyal Customer,24,Business travel,Eco,1046,5,5,5,4,5,2,2,1,4,2,5,2,2,2,139,142.0,satisfied
47988,Male,Loyal Customer,21,Personal Travel,Eco,451,4,5,4,4,4,4,4,4,4,5,5,1,5,4,0,4.0,neutral or dissatisfied
37329,Male,Loyal Customer,38,Business travel,Business,2623,1,1,1,1,4,4,4,4,4,4,4,5,4,1,0,0.0,satisfied
76138,Female,Loyal Customer,59,Business travel,Business,2193,3,3,3,3,5,4,4,2,2,2,2,3,2,3,0,0.0,satisfied
117563,Male,Loyal Customer,42,Business travel,Business,347,1,1,1,1,2,4,5,5,5,5,5,5,5,5,0,0.0,satisfied
65848,Female,Loyal Customer,50,Business travel,Business,2933,1,1,1,1,4,2,1,5,5,5,5,3,5,3,0,0.0,satisfied
15511,Female,Loyal Customer,13,Personal Travel,Eco,433,2,4,2,2,2,2,2,2,3,4,5,3,4,2,0,0.0,neutral or dissatisfied
14441,Male,Loyal Customer,27,Business travel,Business,1773,1,1,4,1,4,4,4,4,2,3,1,1,5,4,68,78.0,satisfied
72499,Female,Loyal Customer,28,Business travel,Business,3946,2,4,4,4,2,3,2,2,3,2,3,2,3,2,0,6.0,neutral or dissatisfied
117565,Female,disloyal Customer,25,Business travel,Business,347,4,0,4,4,5,4,5,5,4,3,4,3,5,5,59,58.0,satisfied
122127,Male,Loyal Customer,7,Personal Travel,Eco Plus,130,3,4,0,2,3,0,3,3,5,4,3,3,5,3,11,11.0,neutral or dissatisfied
25885,Female,Loyal Customer,54,Business travel,Eco,907,4,2,2,2,2,2,5,5,5,4,5,2,5,4,0,19.0,satisfied
79851,Male,Loyal Customer,48,Business travel,Business,2244,5,5,1,5,2,5,4,5,5,5,5,3,5,5,51,38.0,satisfied
16550,Female,Loyal Customer,61,Personal Travel,Business,872,3,3,3,3,4,3,2,5,5,3,5,3,5,1,0,0.0,neutral or dissatisfied
94389,Female,Loyal Customer,60,Business travel,Business,1582,0,0,0,2,2,4,5,3,3,3,3,5,3,5,0,0.0,satisfied
28518,Female,Loyal Customer,26,Business travel,Business,2640,4,5,5,5,4,4,4,4,1,3,4,1,4,4,0,0.0,neutral or dissatisfied
104164,Male,disloyal Customer,23,Business travel,Eco,349,4,0,4,3,5,4,5,5,4,5,4,4,5,5,17,7.0,satisfied
77621,Male,Loyal Customer,52,Business travel,Business,2716,2,2,2,2,4,5,5,4,4,4,4,3,4,5,9,0.0,satisfied
94246,Male,disloyal Customer,44,Business travel,Business,192,5,5,5,3,2,5,2,2,5,2,4,5,5,2,0,0.0,satisfied
122168,Female,disloyal Customer,25,Business travel,Business,546,2,0,2,4,4,2,4,4,4,4,5,4,5,4,0,0.0,neutral or dissatisfied
3757,Female,Loyal Customer,57,Personal Travel,Eco Plus,431,4,5,4,4,3,5,4,1,1,4,1,3,1,5,0,0.0,neutral or dissatisfied
95148,Female,Loyal Customer,68,Personal Travel,Eco,319,3,2,3,4,5,3,4,3,3,3,2,1,3,1,0,0.0,neutral or dissatisfied
33051,Female,Loyal Customer,39,Personal Travel,Eco,101,3,5,3,1,1,3,1,1,5,3,5,5,5,1,0,0.0,neutral or dissatisfied
50727,Female,Loyal Customer,66,Personal Travel,Eco,326,4,5,4,1,2,3,1,1,1,4,1,3,1,3,0,5.0,neutral or dissatisfied
102404,Female,Loyal Customer,34,Personal Travel,Eco,223,4,1,4,3,3,4,3,3,1,4,3,2,2,3,0,0.0,satisfied
48651,Male,disloyal Customer,38,Business travel,Business,373,5,4,4,2,2,4,2,2,5,4,5,4,4,2,0,0.0,satisfied
78851,Male,Loyal Customer,50,Business travel,Eco Plus,528,4,1,1,1,4,4,4,4,4,4,3,4,3,4,138,141.0,neutral or dissatisfied
127904,Female,Loyal Customer,22,Personal Travel,Eco,1671,0,3,0,3,3,0,3,3,2,3,1,3,1,3,12,5.0,satisfied
98537,Female,Loyal Customer,50,Personal Travel,Eco,402,1,4,1,2,2,5,4,4,4,1,2,3,4,5,2,0.0,neutral or dissatisfied
18244,Male,disloyal Customer,36,Business travel,Business,228,2,2,2,2,2,2,2,2,1,5,1,4,2,2,86,66.0,neutral or dissatisfied
30727,Female,Loyal Customer,43,Personal Travel,Eco,1062,4,3,4,4,1,4,3,4,4,4,4,5,4,1,0,0.0,satisfied
39463,Female,Loyal Customer,17,Personal Travel,Eco,129,3,1,0,3,5,0,5,5,1,4,3,2,4,5,0,0.0,neutral or dissatisfied
113162,Female,Loyal Customer,55,Business travel,Business,1987,1,1,1,1,2,4,4,3,3,3,3,5,3,4,0,0.0,satisfied
26167,Female,disloyal Customer,35,Business travel,Eco,406,4,0,4,4,3,4,3,3,3,2,5,4,3,3,18,10.0,neutral or dissatisfied
117224,Female,Loyal Customer,14,Personal Travel,Eco,325,3,4,4,3,1,4,1,1,2,4,5,2,4,1,0,0.0,neutral or dissatisfied
101880,Female,Loyal Customer,21,Personal Travel,Eco,1747,0,1,0,3,2,0,2,2,2,2,2,2,3,2,4,0.0,satisfied
103853,Male,disloyal Customer,40,Business travel,Eco,482,3,1,4,1,5,4,5,5,2,4,1,3,2,5,29,16.0,neutral or dissatisfied
105679,Male,Loyal Customer,48,Business travel,Business,1836,1,1,1,1,3,4,4,4,4,4,4,4,4,4,12,0.0,satisfied
107611,Male,Loyal Customer,58,Business travel,Eco,423,1,2,2,2,1,1,1,1,2,5,4,3,4,1,12,4.0,neutral or dissatisfied
13481,Male,Loyal Customer,30,Business travel,Business,3142,3,3,3,3,4,4,5,4,5,2,5,3,5,4,0,0.0,satisfied
60459,Female,Loyal Customer,59,Business travel,Business,2825,4,2,4,4,3,4,5,5,5,5,5,5,5,3,0,3.0,satisfied
122151,Male,Loyal Customer,52,Business travel,Business,3343,4,4,5,4,3,4,4,5,5,5,5,5,5,5,0,0.0,satisfied
41117,Male,Loyal Customer,40,Business travel,Business,3641,2,3,3,3,1,4,3,4,4,4,2,1,4,1,29,23.0,neutral or dissatisfied
102288,Male,Loyal Customer,48,Business travel,Business,2875,1,5,5,5,1,3,3,1,1,1,1,3,1,3,0,0.0,neutral or dissatisfied
77870,Male,Loyal Customer,47,Business travel,Business,1262,1,4,3,3,4,4,4,1,1,1,1,2,1,2,0,0.0,neutral or dissatisfied
20694,Female,disloyal Customer,23,Business travel,Eco,584,2,0,3,3,4,3,4,4,1,1,4,3,5,4,0,0.0,neutral or dissatisfied
93917,Female,Loyal Customer,23,Business travel,Business,507,2,2,2,2,5,5,5,5,4,2,5,5,4,5,0,0.0,satisfied
41672,Female,disloyal Customer,25,Business travel,Eco,347,4,3,4,2,4,4,4,4,5,2,4,4,3,4,0,0.0,neutral or dissatisfied
121199,Female,Loyal Customer,39,Personal Travel,Eco,2402,3,4,3,2,5,3,5,5,4,5,4,4,5,5,0,0.0,neutral or dissatisfied
115501,Female,disloyal Customer,36,Business travel,Eco,447,2,1,2,2,3,2,3,3,3,4,3,2,2,3,0,0.0,neutral or dissatisfied
16511,Male,Loyal Customer,54,Personal Travel,Eco,143,2,1,0,3,5,0,5,5,1,4,4,4,4,5,47,41.0,neutral or dissatisfied
92336,Male,disloyal Customer,21,Business travel,Eco,872,2,2,2,3,2,1,1,4,2,4,3,1,4,1,0,13.0,neutral or dissatisfied
121224,Male,Loyal Customer,37,Business travel,Business,1814,4,4,4,4,2,4,4,4,4,4,4,3,4,3,0,0.0,satisfied
79011,Female,Loyal Customer,37,Business travel,Eco,331,3,2,2,2,3,3,3,3,4,3,3,2,3,3,13,0.0,neutral or dissatisfied
126800,Male,Loyal Customer,60,Business travel,Business,2125,2,2,2,2,5,5,5,4,4,4,4,3,4,3,0,0.0,satisfied
112523,Female,Loyal Customer,37,Personal Travel,Eco,850,4,5,4,4,2,4,2,2,4,5,5,4,5,2,0,0.0,satisfied
31450,Male,Loyal Customer,19,Business travel,Business,853,3,3,3,3,4,4,4,4,4,2,5,5,5,4,25,50.0,satisfied
62971,Female,Loyal Customer,46,Business travel,Business,967,3,3,3,3,5,4,4,4,4,4,4,4,4,3,0,0.0,satisfied
3345,Male,disloyal Customer,38,Business travel,Business,296,3,3,3,4,3,3,2,3,5,4,4,4,4,3,0,0.0,neutral or dissatisfied
106051,Female,Loyal Customer,22,Personal Travel,Eco,452,4,5,4,3,1,4,1,1,5,4,4,4,4,1,0,14.0,satisfied
55643,Male,Loyal Customer,64,Business travel,Business,315,5,5,5,5,5,5,5,5,5,5,5,3,5,3,0,0.0,satisfied
106452,Female,Loyal Customer,57,Business travel,Business,1670,5,5,5,5,2,4,4,4,4,4,4,5,4,5,0,11.0,satisfied
112433,Male,Loyal Customer,42,Business travel,Business,1975,3,3,3,3,2,4,5,2,2,3,2,3,2,3,23,0.0,satisfied
2544,Female,Loyal Customer,56,Business travel,Business,304,0,0,0,3,2,4,4,5,5,5,5,3,5,4,75,69.0,satisfied
47219,Female,Loyal Customer,60,Personal Travel,Eco,954,3,4,3,2,3,4,5,5,5,3,5,5,5,5,0,0.0,neutral or dissatisfied
109924,Female,Loyal Customer,39,Personal Travel,Eco,1053,2,4,2,1,3,2,3,3,5,3,5,3,4,3,0,0.0,neutral or dissatisfied
82427,Female,Loyal Customer,40,Business travel,Business,3415,3,3,3,3,3,5,5,5,5,5,5,3,5,4,5,0.0,satisfied
4700,Female,Loyal Customer,52,Personal Travel,Eco,327,2,4,2,1,5,5,5,2,2,2,1,4,2,3,0,18.0,neutral or dissatisfied
24698,Male,Loyal Customer,37,Business travel,Eco,397,5,3,3,3,5,5,5,5,3,2,4,4,2,5,0,2.0,satisfied
59743,Male,Loyal Customer,44,Business travel,Business,895,1,1,1,1,4,5,5,4,4,4,4,5,4,4,0,0.0,satisfied
93952,Female,Loyal Customer,56,Personal Travel,Eco,507,4,4,2,2,2,4,5,4,4,2,4,5,4,4,17,9.0,neutral or dissatisfied
107604,Female,Loyal Customer,44,Business travel,Business,423,3,1,1,1,4,3,4,3,3,3,3,1,3,1,53,48.0,neutral or dissatisfied
7232,Male,Loyal Customer,35,Business travel,Business,1751,3,3,3,3,3,3,5,4,4,4,4,5,4,2,0,0.0,satisfied
32483,Female,disloyal Customer,39,Business travel,Eco,102,4,4,4,4,5,4,5,5,3,2,4,4,4,5,0,0.0,neutral or dissatisfied
99589,Male,Loyal Customer,25,Personal Travel,Eco,930,2,4,2,3,2,2,1,2,5,2,4,5,4,2,3,22.0,neutral or dissatisfied
113289,Female,Loyal Customer,66,Business travel,Business,2593,0,4,0,2,5,4,5,1,1,1,1,4,1,4,0,0.0,satisfied
55636,Male,disloyal Customer,20,Business travel,Business,563,4,2,4,1,3,4,3,3,4,4,4,5,4,3,0,0.0,satisfied
105185,Female,Loyal Customer,69,Personal Travel,Eco,281,3,4,3,2,4,5,4,3,3,3,3,5,3,5,111,99.0,neutral or dissatisfied
31396,Female,Loyal Customer,47,Business travel,Eco,1199,5,4,4,4,3,3,4,5,5,5,5,3,5,2,6,14.0,satisfied
28440,Male,disloyal Customer,59,Business travel,Eco,996,4,4,4,4,4,1,4,1,4,4,4,4,3,4,3,7.0,neutral or dissatisfied
53941,Female,Loyal Customer,32,Personal Travel,Eco,2007,3,5,3,1,4,3,4,4,5,3,4,3,5,4,0,0.0,neutral or dissatisfied
18219,Female,disloyal Customer,20,Business travel,Eco,346,1,3,2,1,4,2,4,4,1,2,5,2,5,4,1,0.0,neutral or dissatisfied
78475,Male,Loyal Customer,37,Business travel,Business,666,5,5,5,5,5,4,5,5,5,5,5,5,5,4,4,15.0,satisfied
11347,Male,Loyal Customer,48,Personal Travel,Eco,247,3,5,3,3,2,3,2,2,5,3,5,4,5,2,32,27.0,neutral or dissatisfied
112533,Male,Loyal Customer,16,Personal Travel,Eco,853,2,4,2,2,3,2,3,3,5,5,4,3,4,3,33,57.0,neutral or dissatisfied
24582,Male,Loyal Customer,30,Business travel,Business,526,1,1,1,1,4,4,4,4,5,4,5,5,4,4,0,0.0,satisfied
36701,Male,Loyal Customer,38,Personal Travel,Eco,1185,2,2,2,4,2,2,2,2,1,1,3,3,4,2,0,23.0,neutral or dissatisfied
69232,Male,Loyal Customer,51,Business travel,Business,1908,3,3,3,3,5,4,4,4,4,4,4,5,4,4,0,0.0,satisfied
25992,Male,Loyal Customer,21,Business travel,Business,2589,2,2,2,2,5,5,5,5,5,1,4,4,1,5,0,0.0,satisfied
32542,Male,Loyal Customer,79,Business travel,Eco,163,2,3,3,3,3,2,3,3,4,4,3,3,3,3,0,0.0,neutral or dissatisfied
699,Female,Loyal Customer,46,Business travel,Business,113,4,4,4,4,4,4,4,4,4,4,4,5,4,3,8,8.0,satisfied
73780,Male,Loyal Customer,17,Personal Travel,Eco,192,4,1,4,3,3,4,1,3,4,3,3,1,4,3,14,3.0,neutral or dissatisfied
65785,Male,Loyal Customer,44,Business travel,Business,1389,2,2,2,2,3,4,4,4,4,4,4,4,4,4,0,6.0,satisfied
9221,Female,disloyal Customer,36,Business travel,Business,100,4,4,4,5,2,4,2,2,4,3,4,5,4,2,122,119.0,neutral or dissatisfied
4485,Male,Loyal Customer,52,Business travel,Business,1147,5,5,5,5,4,5,5,4,4,4,4,4,4,4,0,0.0,satisfied
103203,Male,Loyal Customer,53,Business travel,Business,1482,2,2,5,2,5,4,4,2,2,2,2,4,2,3,13,5.0,satisfied
52184,Male,Loyal Customer,51,Business travel,Eco,451,4,3,3,3,4,4,4,4,4,2,4,4,3,4,0,5.0,satisfied
96103,Male,Loyal Customer,26,Personal Travel,Eco,758,3,5,3,1,4,3,4,4,4,5,3,1,4,4,0,0.0,neutral or dissatisfied
33114,Female,Loyal Customer,26,Personal Travel,Eco,102,3,5,3,2,5,3,5,5,4,4,5,3,2,5,0,0.0,neutral or dissatisfied
89100,Female,Loyal Customer,57,Business travel,Business,1947,5,5,5,5,4,5,4,5,5,5,5,3,5,5,59,53.0,satisfied
57404,Male,disloyal Customer,21,Business travel,Eco,524,5,0,5,4,0,4,4,4,5,5,5,4,4,4,398,377.0,satisfied
90500,Female,disloyal Customer,33,Business travel,Business,406,3,3,3,2,1,3,3,1,4,2,5,3,5,1,0,0.0,neutral or dissatisfied
33057,Female,Loyal Customer,13,Personal Travel,Eco,101,1,5,1,5,2,1,2,2,5,5,4,3,5,2,0,13.0,neutral or dissatisfied
99788,Female,Loyal Customer,46,Business travel,Business,632,2,5,2,2,4,4,5,4,4,4,4,5,4,5,0,0.0,satisfied
85264,Male,Loyal Customer,54,Personal Travel,Eco,689,2,2,2,3,1,2,1,1,3,3,3,3,3,1,100,102.0,neutral or dissatisfied
128803,Female,Loyal Customer,58,Business travel,Business,2475,2,2,3,2,4,4,4,5,2,4,4,4,4,4,0,0.0,satisfied
123988,Female,Loyal Customer,33,Business travel,Business,184,4,2,2,2,4,3,4,3,3,2,4,3,3,2,0,0.0,neutral or dissatisfied
10728,Female,disloyal Customer,39,Business travel,Business,201,3,3,3,5,2,3,2,2,5,5,4,4,5,2,54,52.0,neutral or dissatisfied
79434,Female,disloyal Customer,25,Business travel,Eco Plus,502,3,3,3,4,5,3,5,5,2,5,3,1,4,5,0,31.0,neutral or dissatisfied
113472,Male,disloyal Customer,34,Business travel,Business,397,3,3,3,5,4,3,4,4,5,4,5,4,4,4,0,0.0,neutral or dissatisfied
70056,Female,Loyal Customer,69,Personal Travel,Eco Plus,583,5,4,5,1,4,4,5,1,1,5,1,5,1,4,0,0.0,satisfied
119430,Male,Loyal Customer,48,Personal Travel,Eco,399,2,5,2,1,2,2,2,2,3,3,5,5,5,2,27,12.0,neutral or dissatisfied
105923,Male,Loyal Customer,40,Business travel,Business,3874,0,0,0,4,3,5,5,4,4,4,3,3,4,5,0,0.0,satisfied
33460,Male,Loyal Customer,21,Business travel,Eco Plus,2355,0,5,0,2,3,0,3,3,2,3,5,5,1,3,0,1.0,satisfied
32373,Female,Loyal Customer,58,Business travel,Eco,101,4,5,5,5,4,4,2,4,4,4,4,1,4,5,0,5.0,satisfied
77394,Male,Loyal Customer,38,Personal Travel,Eco,590,1,5,1,3,5,1,5,5,3,5,4,4,5,5,0,0.0,neutral or dissatisfied
30215,Male,Loyal Customer,9,Personal Travel,Eco Plus,253,3,4,3,3,2,3,2,2,4,3,4,4,4,2,0,0.0,neutral or dissatisfied
5454,Male,disloyal Customer,26,Business travel,Eco,265,1,4,1,3,1,1,1,1,3,4,4,1,4,1,0,6.0,neutral or dissatisfied
3914,Female,Loyal Customer,8,Personal Travel,Eco,213,3,3,3,1,4,3,4,4,4,3,4,3,5,4,2,0.0,neutral or dissatisfied
2327,Female,Loyal Customer,39,Personal Travel,Eco,925,2,4,2,3,2,2,2,4,3,5,4,2,5,2,267,239.0,neutral or dissatisfied
16333,Male,Loyal Customer,15,Personal Travel,Eco,594,2,1,2,1,5,2,3,5,3,1,1,1,1,5,0,0.0,neutral or dissatisfied
69247,Female,Loyal Customer,46,Business travel,Business,733,1,1,1,1,3,5,4,4,4,4,4,4,4,4,0,0.0,satisfied
74724,Female,Loyal Customer,55,Personal Travel,Eco,1171,1,5,1,1,3,3,4,1,1,1,5,3,1,5,0,0.0,neutral or dissatisfied
92551,Female,Loyal Customer,37,Personal Travel,Eco,1947,4,4,4,2,3,4,3,3,3,3,4,3,5,3,0,0.0,satisfied
33602,Female,Loyal Customer,61,Business travel,Eco,399,2,2,2,2,5,2,2,2,2,2,2,2,2,3,76,67.0,neutral or dissatisfied
82368,Male,Loyal Customer,53,Personal Travel,Eco,453,1,4,1,5,2,1,2,2,5,4,4,3,4,2,26,9.0,neutral or dissatisfied
102565,Female,Loyal Customer,52,Business travel,Business,236,1,1,1,1,5,5,4,5,5,5,5,3,5,5,30,29.0,satisfied
110772,Female,Loyal Customer,25,Business travel,Business,1166,4,2,4,4,5,5,5,5,4,4,5,4,4,5,60,121.0,satisfied
69019,Male,disloyal Customer,25,Business travel,Business,1389,4,1,4,2,2,4,1,2,4,4,5,5,4,2,0,0.0,satisfied
122711,Male,Loyal Customer,41,Personal Travel,Eco,813,2,1,2,2,2,2,1,2,3,5,1,4,2,2,7,2.0,neutral or dissatisfied
117594,Male,disloyal Customer,61,Business travel,Business,347,3,3,3,3,4,3,5,4,5,4,4,3,4,4,0,0.0,neutral or dissatisfied
32868,Female,Loyal Customer,32,Personal Travel,Eco,163,3,5,3,2,4,3,4,4,4,4,4,5,4,4,2,10.0,neutral or dissatisfied
23307,Female,Loyal Customer,33,Business travel,Eco,809,5,1,1,1,5,5,5,5,1,3,4,1,5,5,3,13.0,satisfied
53785,Female,Loyal Customer,75,Business travel,Business,191,2,4,5,5,4,2,2,1,1,1,2,1,1,1,0,0.0,neutral or dissatisfied
129121,Female,Loyal Customer,58,Business travel,Business,3557,3,3,3,3,1,4,3,3,3,3,3,3,3,2,0,0.0,neutral or dissatisfied
8848,Male,Loyal Customer,17,Personal Travel,Eco,1371,4,5,4,3,3,4,2,3,4,2,4,4,5,3,0,0.0,neutral or dissatisfied
37424,Male,disloyal Customer,49,Business travel,Eco,1035,2,2,2,2,1,2,1,1,4,3,3,2,2,1,52,44.0,neutral or dissatisfied
63685,Female,Loyal Customer,43,Business travel,Business,853,2,2,2,2,4,4,4,5,5,5,5,4,5,5,0,0.0,satisfied
25527,Female,Loyal Customer,39,Personal Travel,Eco,481,3,2,3,4,5,3,5,5,1,3,4,1,3,5,7,0.0,neutral or dissatisfied
48472,Female,Loyal Customer,31,Business travel,Business,845,3,3,3,3,2,2,2,2,5,3,3,3,5,2,0,0.0,satisfied
6337,Male,Loyal Customer,52,Business travel,Business,2488,0,5,0,1,4,5,5,5,5,5,5,4,5,5,0,0.0,satisfied
90679,Male,disloyal Customer,22,Business travel,Eco,515,0,4,0,2,3,0,5,3,3,3,4,5,4,3,0,0.0,satisfied
125553,Female,Loyal Customer,48,Business travel,Business,226,2,4,4,4,4,2,3,2,2,3,2,3,2,3,0,0.0,neutral or dissatisfied
38755,Female,Loyal Customer,44,Business travel,Business,353,4,4,4,4,5,4,5,4,4,4,4,2,4,1,0,0.0,satisfied
116435,Male,Loyal Customer,25,Personal Travel,Eco,342,3,5,3,1,4,3,4,4,3,5,5,5,5,4,11,2.0,neutral or dissatisfied
91879,Female,Loyal Customer,42,Personal Travel,Business,2475,5,1,5,1,2,1,1,2,2,5,2,3,2,1,11,0.0,satisfied
40916,Female,Loyal Customer,59,Personal Travel,Eco,599,3,5,3,4,2,5,5,4,4,3,5,3,4,3,37,33.0,neutral or dissatisfied
29308,Male,Loyal Customer,45,Personal Travel,Eco,834,3,4,4,3,5,4,5,5,3,4,4,3,4,5,0,4.0,neutral or dissatisfied
98402,Female,Loyal Customer,20,Business travel,Business,1518,1,5,5,5,1,1,1,1,3,2,2,2,2,1,0,11.0,neutral or dissatisfied
16744,Male,Loyal Customer,20,Personal Travel,Eco Plus,1167,2,4,2,4,4,2,4,4,3,4,4,3,4,4,0,25.0,neutral or dissatisfied
22959,Male,Loyal Customer,26,Business travel,Business,2629,3,3,2,3,3,4,3,3,1,4,4,1,3,3,0,16.0,neutral or dissatisfied
46787,Male,Loyal Customer,53,Business travel,Business,3598,1,1,1,1,3,4,5,5,5,5,5,3,5,3,0,0.0,satisfied
33776,Male,Loyal Customer,69,Personal Travel,Business,588,3,5,3,2,5,4,4,5,5,3,4,4,5,5,16,14.0,neutral or dissatisfied
106316,Female,Loyal Customer,41,Business travel,Business,1857,1,1,1,1,4,5,5,4,4,4,4,4,4,5,38,22.0,satisfied
110623,Female,Loyal Customer,58,Business travel,Business,3203,4,4,4,4,4,5,5,4,4,4,4,3,4,4,1,0.0,satisfied
97424,Female,Loyal Customer,51,Personal Travel,Eco,587,1,4,0,3,3,4,2,5,5,0,3,1,5,3,0,0.0,neutral or dissatisfied
3098,Female,Loyal Customer,33,Personal Travel,Eco,413,2,1,2,3,5,2,1,5,2,2,4,3,4,5,0,0.0,neutral or dissatisfied
41978,Female,Loyal Customer,48,Personal Travel,Eco,618,1,5,1,1,5,5,5,2,2,1,2,3,2,5,0,0.0,neutral or dissatisfied
42269,Female,Loyal Customer,48,Business travel,Eco,817,3,5,5,5,1,4,4,3,3,3,3,1,3,1,0,0.0,neutral or dissatisfied
23238,Female,disloyal Customer,43,Business travel,Eco,549,5,0,5,5,1,5,1,1,3,5,3,1,5,1,0,0.0,satisfied
95489,Male,disloyal Customer,38,Business travel,Business,496,1,1,1,4,3,1,3,3,4,3,5,3,5,3,9,6.0,neutral or dissatisfied
92533,Male,Loyal Customer,66,Personal Travel,Eco,1892,3,3,2,3,3,2,3,3,3,5,3,1,3,3,0,0.0,neutral or dissatisfied
26284,Male,Loyal Customer,23,Personal Travel,Eco,859,2,4,2,5,2,2,3,2,5,4,5,3,4,2,7,0.0,neutral or dissatisfied
118318,Male,Loyal Customer,23,Business travel,Business,1778,2,3,3,3,2,2,2,2,2,1,4,4,4,2,0,0.0,neutral or dissatisfied
107958,Male,Loyal Customer,46,Business travel,Business,2019,5,5,3,5,2,5,5,5,5,5,5,3,5,4,40,26.0,satisfied
78122,Female,Loyal Customer,45,Personal Travel,Eco,1619,2,5,2,3,4,4,4,4,4,2,1,4,4,5,0,0.0,neutral or dissatisfied
19582,Female,Loyal Customer,44,Personal Travel,Eco,173,4,5,0,1,3,4,4,4,4,0,2,5,4,5,57,80.0,neutral or dissatisfied
50518,Male,Loyal Customer,54,Personal Travel,Eco,308,4,3,4,3,3,4,3,3,4,2,2,4,3,3,2,0.0,satisfied
62226,Female,Loyal Customer,36,Personal Travel,Eco,2565,2,2,2,4,2,2,2,2,3,5,3,1,4,2,5,0.0,neutral or dissatisfied
42871,Male,disloyal Customer,25,Business travel,Eco,867,1,1,1,3,1,1,2,1,3,3,3,4,4,1,0,35.0,neutral or dissatisfied
12420,Male,Loyal Customer,59,Personal Travel,Eco,201,5,1,5,4,2,5,1,2,1,4,3,2,3,2,31,29.0,satisfied
99289,Female,Loyal Customer,8,Personal Travel,Eco,833,3,4,3,2,4,3,4,4,3,4,5,3,4,4,0,12.0,neutral or dissatisfied
22652,Female,Loyal Customer,49,Business travel,Eco Plus,300,5,2,2,2,5,5,3,5,5,5,5,1,5,4,0,0.0,satisfied
4944,Male,Loyal Customer,42,Personal Travel,Eco,268,1,3,1,4,2,1,2,2,1,1,3,2,4,2,46,67.0,neutral or dissatisfied
38152,Male,Loyal Customer,13,Personal Travel,Eco,1249,2,5,2,1,1,2,1,1,4,2,4,3,4,1,0,0.0,neutral or dissatisfied
120224,Female,Loyal Customer,52,Business travel,Business,1325,3,1,1,1,3,3,4,3,3,3,3,1,3,4,0,5.0,neutral or dissatisfied
45174,Male,Loyal Customer,51,Personal Travel,Eco,174,5,5,5,1,5,5,5,5,1,4,1,1,3,5,0,4.0,satisfied
64396,Male,Loyal Customer,53,Personal Travel,Eco,1172,1,5,1,5,3,1,3,3,5,3,4,5,5,3,0,0.0,neutral or dissatisfied
77306,Female,Loyal Customer,65,Personal Travel,Business,590,1,4,1,4,4,5,4,4,4,1,4,5,4,5,0,0.0,neutral or dissatisfied
8226,Female,Loyal Customer,48,Personal Travel,Eco,402,3,5,3,3,2,5,5,5,5,3,5,3,5,4,0,0.0,neutral or dissatisfied
104910,Female,Loyal Customer,69,Personal Travel,Eco,1565,1,4,1,2,1,5,5,5,2,5,5,5,3,5,259,265.0,neutral or dissatisfied
46256,Female,Loyal Customer,24,Personal Travel,Eco,624,3,4,4,1,4,4,4,4,5,2,5,4,5,4,0,0.0,neutral or dissatisfied
3999,Female,Loyal Customer,43,Business travel,Business,1724,5,5,5,5,2,5,4,5,5,5,5,3,5,3,0,6.0,satisfied
87070,Female,Loyal Customer,60,Business travel,Eco,594,3,1,1,1,4,3,3,3,3,3,3,3,3,2,0,0.0,neutral or dissatisfied
102607,Female,Loyal Customer,34,Personal Travel,Eco Plus,391,2,4,2,3,1,2,1,1,4,2,5,4,5,1,56,46.0,neutral or dissatisfied
31153,Female,disloyal Customer,27,Business travel,Eco,495,1,1,1,4,4,1,4,4,1,1,4,4,3,4,0,0.0,neutral or dissatisfied
77825,Male,Loyal Customer,59,Personal Travel,Eco,731,2,1,2,3,2,4,2,2,1,4,3,2,1,2,288,279.0,neutral or dissatisfied
54650,Male,disloyal Customer,23,Business travel,Eco,964,2,2,2,3,5,2,5,5,1,3,4,5,2,5,20,1.0,neutral or dissatisfied
68751,Male,Loyal Customer,25,Business travel,Business,926,2,2,2,2,5,5,5,5,5,2,5,3,5,5,16,10.0,satisfied
44219,Female,Loyal Customer,61,Business travel,Business,235,4,4,4,4,5,5,5,3,5,4,3,5,1,5,242,228.0,satisfied
78960,Male,Loyal Customer,24,Personal Travel,Business,226,3,4,3,5,3,3,3,3,3,2,4,3,5,3,0,0.0,neutral or dissatisfied
101623,Male,Loyal Customer,23,Personal Travel,Eco,1371,2,5,2,4,1,2,1,1,4,2,5,4,4,1,0,0.0,neutral or dissatisfied
104544,Female,Loyal Customer,61,Personal Travel,Eco,1256,3,5,3,3,3,3,5,3,3,3,4,4,3,5,0,6.0,neutral or dissatisfied
87553,Female,disloyal Customer,59,Business travel,Business,432,4,4,4,3,1,4,1,1,4,4,5,3,4,1,5,0.0,satisfied
57588,Female,Loyal Customer,50,Personal Travel,Eco,1597,3,3,3,3,4,2,4,1,1,3,1,4,1,2,0,11.0,neutral or dissatisfied
121811,Female,Loyal Customer,57,Business travel,Business,2444,2,2,2,2,5,5,5,5,3,5,4,5,4,5,182,169.0,satisfied
24427,Female,Loyal Customer,25,Personal Travel,Eco,634,3,4,4,4,5,4,5,5,4,2,4,4,4,5,27,25.0,neutral or dissatisfied
119184,Female,disloyal Customer,22,Business travel,Business,257,5,5,5,4,2,5,2,2,5,3,5,3,5,2,0,0.0,satisfied
103687,Female,Loyal Customer,52,Business travel,Business,3928,4,4,4,4,4,5,5,4,4,4,4,5,4,4,0,0.0,satisfied
118744,Male,Loyal Customer,49,Personal Travel,Eco,304,3,5,3,3,5,3,5,5,5,2,4,5,4,5,23,18.0,neutral or dissatisfied
11371,Female,Loyal Customer,11,Personal Travel,Eco,667,2,5,2,1,2,2,3,2,5,3,4,3,4,2,4,0.0,neutral or dissatisfied
8502,Male,disloyal Customer,23,Business travel,Business,737,5,4,5,3,5,5,4,5,5,5,5,3,5,5,0,0.0,satisfied
129453,Female,Loyal Customer,49,Personal Travel,Eco,236,2,5,2,4,3,4,4,2,2,2,2,4,2,5,9,1.0,neutral or dissatisfied
24573,Male,Loyal Customer,50,Personal Travel,Eco,874,3,2,3,3,2,3,2,2,4,2,1,1,3,2,0,0.0,neutral or dissatisfied
44340,Female,Loyal Customer,67,Personal Travel,Eco,230,3,5,0,3,3,5,5,5,5,0,5,3,5,4,0,0.0,neutral or dissatisfied
30361,Male,Loyal Customer,48,Business travel,Business,3597,1,1,1,1,5,2,1,4,4,4,4,2,4,4,0,12.0,satisfied
88219,Male,Loyal Customer,43,Business travel,Eco,442,3,2,3,2,3,3,3,3,3,2,3,2,3,3,7,7.0,neutral or dissatisfied
115445,Male,Loyal Customer,45,Business travel,Business,2972,2,5,2,5,5,3,2,2,2,2,2,3,2,2,37,49.0,neutral or dissatisfied
73045,Male,Loyal Customer,57,Personal Travel,Eco,1096,3,4,3,2,3,3,3,3,2,2,3,4,3,3,0,0.0,neutral or dissatisfied
23957,Female,Loyal Customer,11,Personal Travel,Eco,936,3,5,3,3,4,3,4,4,5,3,3,4,4,4,4,4.0,neutral or dissatisfied
54057,Female,Loyal Customer,43,Business travel,Eco,1416,3,4,4,4,1,3,4,3,3,3,3,3,3,1,0,0.0,neutral or dissatisfied
51737,Male,Loyal Customer,48,Personal Travel,Eco,261,2,3,2,1,3,2,3,3,2,3,4,4,5,3,9,6.0,neutral or dissatisfied
28239,Female,Loyal Customer,26,Personal Travel,Eco,1009,3,2,3,3,5,3,2,5,2,4,4,3,3,5,0,0.0,neutral or dissatisfied
30298,Female,Loyal Customer,56,Business travel,Eco,1533,3,5,5,5,3,4,3,3,3,3,3,1,3,2,0,0.0,neutral or dissatisfied
43024,Male,Loyal Customer,52,Business travel,Business,192,4,4,4,4,5,3,1,4,4,4,4,3,4,1,0,0.0,satisfied
45709,Male,Loyal Customer,41,Business travel,Business,3982,4,4,4,4,2,2,1,4,4,4,4,4,4,3,14,31.0,satisfied
45972,Male,Loyal Customer,35,Personal Travel,Eco,872,3,2,3,3,2,3,2,2,3,3,4,1,4,2,7,6.0,neutral or dissatisfied
10166,Male,Loyal Customer,54,Business travel,Business,3123,0,0,0,3,4,4,4,4,4,5,5,3,4,3,65,67.0,satisfied
65365,Female,disloyal Customer,52,Business travel,Business,631,4,4,4,5,5,4,5,5,5,5,5,3,4,5,0,0.0,satisfied
108399,Male,Loyal Customer,51,Personal Travel,Eco Plus,1844,2,1,2,3,1,2,2,1,4,2,3,4,3,1,16,24.0,neutral or dissatisfied
45706,Male,Loyal Customer,22,Business travel,Business,3930,2,3,2,2,3,4,3,3,5,5,5,2,2,3,0,0.0,satisfied
128140,Female,disloyal Customer,56,Business travel,Business,472,3,3,3,3,4,3,4,4,4,5,3,4,3,4,15,8.0,neutral or dissatisfied
7505,Male,disloyal Customer,21,Business travel,Business,762,5,4,5,5,4,5,4,4,5,4,4,3,4,4,0,0.0,satisfied
104344,Male,Loyal Customer,34,Personal Travel,Eco,528,2,5,2,3,1,2,1,1,4,4,4,5,5,1,10,4.0,neutral or dissatisfied
23190,Female,Loyal Customer,65,Personal Travel,Eco,223,1,2,1,4,5,4,3,3,3,1,3,3,3,3,37,33.0,neutral or dissatisfied
99782,Female,Loyal Customer,48,Business travel,Business,584,2,2,2,2,5,4,4,5,5,5,5,5,5,3,0,0.0,satisfied
45865,Male,disloyal Customer,25,Business travel,Business,409,4,0,3,5,2,3,2,2,4,3,4,4,4,2,0,0.0,satisfied
78975,Female,disloyal Customer,32,Business travel,Eco,306,2,1,2,4,5,2,5,5,1,3,3,4,4,5,0,0.0,neutral or dissatisfied
64392,Male,Loyal Customer,58,Personal Travel,Eco,1192,1,4,1,4,3,1,4,3,4,4,4,5,4,3,2,0.0,neutral or dissatisfied
4243,Male,Loyal Customer,41,Business travel,Eco,620,5,5,5,5,5,5,5,5,3,4,1,1,3,5,0,0.0,satisfied
88870,Male,Loyal Customer,56,Business travel,Business,859,1,1,1,1,2,5,4,4,4,4,4,5,4,5,0,2.0,satisfied
91906,Female,disloyal Customer,27,Business travel,Business,1277,0,0,0,2,5,0,5,5,3,3,5,3,5,5,0,0.0,satisfied
34560,Female,Loyal Customer,32,Business travel,Eco,1598,0,0,0,3,3,0,2,3,4,5,3,3,4,3,4,0.0,satisfied
782,Male,disloyal Customer,39,Business travel,Business,89,5,0,0,3,1,0,1,1,5,5,4,4,5,1,23,38.0,satisfied
31011,Female,Loyal Customer,18,Business travel,Business,391,1,5,5,5,1,1,1,1,4,3,3,1,4,1,17,17.0,neutral or dissatisfied
109285,Female,Loyal Customer,30,Personal Travel,Business,1072,2,5,2,3,4,2,4,4,4,4,4,4,5,4,34,19.0,neutral or dissatisfied
68314,Male,Loyal Customer,40,Business travel,Business,2165,4,4,4,4,5,5,5,3,3,3,3,5,3,3,0,0.0,satisfied
129747,Male,Loyal Customer,33,Business travel,Business,3935,1,4,4,4,1,1,1,1,2,1,3,1,3,1,0,6.0,neutral or dissatisfied
103083,Female,Loyal Customer,41,Personal Travel,Eco,546,3,3,3,4,4,3,4,4,4,5,2,5,4,4,0,0.0,neutral or dissatisfied
101873,Male,Loyal Customer,68,Personal Travel,Eco,1747,3,3,3,3,4,3,4,4,2,2,2,2,4,4,0,0.0,neutral or dissatisfied
90874,Female,Loyal Customer,36,Business travel,Eco,404,1,3,5,3,1,1,1,1,4,1,4,3,3,1,0,10.0,neutral or dissatisfied
15864,Female,Loyal Customer,51,Business travel,Eco,618,2,2,2,2,4,1,5,1,1,2,1,1,1,5,26,23.0,satisfied
128963,Male,disloyal Customer,21,Business travel,Eco,414,5,4,5,3,5,5,1,5,3,3,2,3,1,5,0,0.0,satisfied
72239,Female,Loyal Customer,42,Business travel,Business,2042,3,1,4,1,2,3,3,3,3,3,3,2,3,4,39,42.0,neutral or dissatisfied
82542,Male,Loyal Customer,59,Business travel,Business,3380,2,1,1,1,5,3,3,2,2,1,2,1,2,1,0,10.0,neutral or dissatisfied
110061,Male,Loyal Customer,46,Business travel,Business,1984,4,4,4,4,4,3,4,5,5,5,5,4,5,5,0,0.0,satisfied
71090,Female,Loyal Customer,43,Business travel,Business,802,3,3,3,3,4,5,5,5,5,5,5,3,5,4,29,34.0,satisfied
84011,Female,Loyal Customer,40,Personal Travel,Eco,373,4,3,4,3,2,4,2,2,2,2,3,3,4,2,1,0.0,neutral or dissatisfied
90395,Female,Loyal Customer,35,Personal Travel,Business,366,3,1,3,3,5,2,2,2,2,3,2,2,2,1,28,27.0,neutral or dissatisfied
29214,Female,Loyal Customer,43,Business travel,Business,3325,1,1,1,1,4,4,5,4,4,4,4,3,4,3,0,2.0,satisfied
102834,Female,Loyal Customer,46,Business travel,Business,3093,4,4,4,4,3,5,4,4,4,4,4,3,4,4,2,2.0,satisfied
28273,Female,Loyal Customer,32,Business travel,Business,2402,5,5,5,5,4,4,4,3,5,4,4,4,4,4,0,13.0,satisfied
33139,Female,Loyal Customer,47,Personal Travel,Eco,101,2,4,2,5,4,4,4,3,3,2,3,5,3,5,0,3.0,neutral or dissatisfied
67109,Male,Loyal Customer,39,Business travel,Eco,1017,4,3,3,3,4,4,4,4,3,4,4,3,3,4,0,0.0,neutral or dissatisfied
65225,Male,Loyal Customer,40,Business travel,Business,247,4,4,5,4,3,5,4,5,5,5,5,4,5,4,0,4.0,satisfied
67415,Female,Loyal Customer,44,Business travel,Business,1737,4,4,4,4,5,5,4,4,4,4,4,3,4,3,32,16.0,satisfied
16552,Male,Loyal Customer,32,Business travel,Business,3025,5,5,5,5,5,5,5,5,4,4,5,4,4,5,0,0.0,satisfied
26524,Female,Loyal Customer,23,Business travel,Business,990,5,5,5,5,3,4,3,3,2,3,1,1,2,3,0,0.0,satisfied
16952,Male,Loyal Customer,61,Business travel,Eco,116,4,5,5,5,4,4,4,4,5,1,1,3,5,4,0,2.0,satisfied
120131,Female,Loyal Customer,60,Business travel,Eco Plus,1176,4,5,5,5,2,3,3,4,4,4,4,2,4,4,53,54.0,neutral or dissatisfied
124889,Female,Loyal Customer,43,Business travel,Business,728,3,3,3,3,3,5,5,4,4,4,4,3,4,3,0,0.0,satisfied
41402,Female,Loyal Customer,59,Business travel,Eco,563,3,3,3,3,4,3,4,2,2,3,2,2,2,4,97,91.0,neutral or dissatisfied
11553,Male,Loyal Customer,52,Business travel,Business,2741,1,1,1,1,5,5,5,4,4,4,4,4,4,4,0,0.0,satisfied
78385,Female,Loyal Customer,58,Business travel,Eco,980,1,0,0,4,2,4,3,4,4,1,4,4,4,1,0,0.0,neutral or dissatisfied
122611,Female,Loyal Customer,41,Business travel,Eco,728,5,3,3,3,5,5,5,5,4,4,5,1,3,5,2,0.0,satisfied
59018,Male,disloyal Customer,22,Business travel,Business,759,0,0,0,1,3,0,3,3,3,5,4,3,5,3,13,8.0,satisfied
38132,Female,disloyal Customer,27,Business travel,Eco,837,3,3,3,4,4,3,4,4,1,3,3,3,4,4,82,88.0,neutral or dissatisfied
108048,Male,disloyal Customer,54,Personal Travel,Eco,591,2,5,2,1,5,2,5,5,4,2,4,4,5,5,29,21.0,neutral or dissatisfied
12179,Male,Loyal Customer,49,Business travel,Eco,642,5,4,4,4,5,5,5,5,3,1,3,3,5,5,2,0.0,satisfied
121214,Male,Loyal Customer,47,Personal Travel,Business,2075,3,2,3,2,5,1,2,5,5,3,5,1,5,3,0,8.0,neutral or dissatisfied
106620,Male,Loyal Customer,11,Personal Travel,Eco,1216,3,1,4,3,5,4,5,5,1,3,2,3,3,5,0,0.0,neutral or dissatisfied
6034,Male,Loyal Customer,36,Business travel,Business,2391,2,4,3,4,2,2,2,4,3,3,4,2,2,2,294,283.0,neutral or dissatisfied
92608,Female,Loyal Customer,66,Personal Travel,Eco,2342,2,3,2,3,1,3,3,2,2,2,2,1,2,3,0,0.0,neutral or dissatisfied
39110,Male,Loyal Customer,64,Business travel,Eco,228,4,2,1,2,4,4,4,4,2,3,2,3,3,4,0,0.0,satisfied
38074,Female,disloyal Customer,45,Business travel,Eco,1197,3,3,3,3,2,3,2,2,2,2,1,4,3,2,0,0.0,neutral or dissatisfied
29057,Female,Loyal Customer,57,Personal Travel,Eco,954,1,2,1,4,2,4,4,5,5,1,1,2,5,1,0,0.0,neutral or dissatisfied
24691,Male,Loyal Customer,21,Personal Travel,Eco,761,3,5,3,4,3,3,3,3,2,1,4,3,1,3,0,0.0,neutral or dissatisfied
2551,Male,disloyal Customer,25,Business travel,Eco,304,2,0,2,4,2,2,2,2,1,5,4,4,3,2,0,0.0,neutral or dissatisfied
90065,Male,disloyal Customer,25,Business travel,Eco,1084,3,3,3,4,1,3,2,1,3,4,5,4,5,1,0,0.0,neutral or dissatisfied
59804,Male,disloyal Customer,38,Business travel,Business,937,1,1,1,3,3,1,3,3,3,5,5,4,5,3,0,0.0,neutral or dissatisfied
108979,Female,Loyal Customer,59,Business travel,Business,2198,1,5,4,5,2,4,3,1,1,1,1,2,1,3,33,41.0,neutral or dissatisfied
71171,Female,Loyal Customer,41,Business travel,Business,3926,3,3,2,3,4,5,5,4,4,4,4,4,4,3,0,0.0,satisfied
129383,Female,Loyal Customer,15,Personal Travel,Eco,2454,4,5,4,4,5,4,5,5,4,4,3,4,4,5,0,0.0,neutral or dissatisfied
99389,Female,disloyal Customer,35,Business travel,Eco,314,2,4,3,3,2,3,2,2,4,3,3,3,4,2,0,0.0,neutral or dissatisfied
93418,Male,Loyal Customer,47,Business travel,Business,697,2,3,3,3,2,2,2,1,3,3,4,2,3,2,200,188.0,neutral or dissatisfied
84062,Male,disloyal Customer,24,Business travel,Business,932,0,0,0,3,3,0,2,3,5,3,5,5,5,3,0,0.0,satisfied
102573,Female,Loyal Customer,68,Business travel,Eco Plus,386,2,2,2,2,4,2,2,2,2,2,2,2,2,3,25,13.0,neutral or dissatisfied
129001,Male,disloyal Customer,46,Business travel,Business,2704,3,3,3,4,4,3,4,4,4,2,3,5,4,4,7,,neutral or dissatisfied
101466,Male,Loyal Customer,49,Business travel,Business,2017,0,0,0,3,2,5,4,5,5,5,5,3,5,5,1,0.0,satisfied
2715,Male,Loyal Customer,42,Personal Travel,Eco,562,3,5,3,3,3,3,3,3,3,1,3,2,3,3,0,0.0,neutral or dissatisfied
22839,Male,Loyal Customer,58,Business travel,Eco,302,4,4,4,4,4,4,4,4,3,2,5,5,1,4,54,53.0,satisfied
58466,Male,Loyal Customer,48,Business travel,Business,1517,1,1,1,1,4,4,4,5,5,5,5,4,5,5,0,0.0,satisfied
50549,Male,Loyal Customer,14,Personal Travel,Eco,326,2,1,4,4,5,4,5,5,3,2,2,1,4,5,0,0.0,neutral or dissatisfied
66341,Female,disloyal Customer,29,Business travel,Business,986,0,0,0,1,1,0,1,1,4,2,4,4,4,1,0,0.0,satisfied
122508,Female,Loyal Customer,54,Business travel,Business,930,3,3,3,3,4,4,5,4,4,4,4,4,4,3,120,121.0,satisfied
127180,Male,Loyal Customer,58,Business travel,Business,647,1,1,1,1,3,4,5,4,4,4,4,5,4,3,0,0.0,satisfied
113575,Male,Loyal Customer,56,Business travel,Business,397,5,5,5,5,4,1,3,2,2,2,2,2,2,2,0,0.0,satisfied
37080,Male,Loyal Customer,51,Business travel,Business,2797,3,5,5,5,3,3,2,3,3,3,3,4,3,4,111,114.0,neutral or dissatisfied
101566,Male,Loyal Customer,34,Personal Travel,Eco Plus,345,3,5,3,4,2,3,2,2,4,2,5,3,4,2,0,1.0,neutral or dissatisfied
9377,Female,Loyal Customer,13,Personal Travel,Eco,401,2,5,2,1,5,2,5,5,4,4,4,5,5,5,0,11.0,neutral or dissatisfied
98875,Male,Loyal Customer,48,Business travel,Eco,991,3,3,3,3,3,3,3,3,1,5,2,4,3,3,16,16.0,neutral or dissatisfied
3180,Female,Loyal Customer,26,Business travel,Business,2603,4,4,4,4,4,4,4,4,5,3,5,5,4,4,0,6.0,satisfied
76400,Male,Loyal Customer,34,Business travel,Business,931,4,4,4,4,2,4,5,4,4,4,4,4,4,5,0,0.0,satisfied
71807,Male,Loyal Customer,29,Business travel,Eco,1846,2,3,3,3,2,2,2,2,3,5,3,4,3,2,0,12.0,neutral or dissatisfied
107478,Female,Loyal Customer,27,Business travel,Business,711,2,2,2,2,5,5,5,5,4,5,4,4,4,5,10,12.0,satisfied
21310,Male,Loyal Customer,70,Personal Travel,Eco,620,2,4,2,3,2,2,2,2,3,4,5,5,5,2,14,10.0,neutral or dissatisfied
66070,Female,Loyal Customer,24,Personal Travel,Eco,1055,2,4,2,3,1,2,1,1,3,3,5,4,5,1,37,30.0,neutral or dissatisfied
106926,Female,Loyal Customer,18,Personal Travel,Eco,1259,3,3,3,3,3,3,3,3,4,3,4,2,4,3,28,23.0,neutral or dissatisfied
38319,Female,Loyal Customer,41,Business travel,Eco Plus,1666,1,5,5,5,4,1,2,1,1,1,1,2,1,1,0,6.0,neutral or dissatisfied
117537,Female,Loyal Customer,47,Business travel,Business,2708,5,3,5,5,5,5,4,5,5,5,5,5,5,5,4,0.0,satisfied
111038,Male,Loyal Customer,39,Business travel,Business,3889,4,4,4,4,3,5,4,5,5,5,5,4,5,4,6,9.0,satisfied
30210,Female,Loyal Customer,67,Personal Travel,Eco Plus,253,1,4,0,5,2,5,5,1,1,0,1,1,1,5,0,0.0,neutral or dissatisfied
124729,Female,Loyal Customer,15,Personal Travel,Eco,399,2,1,4,4,5,4,5,5,2,5,3,4,4,5,41,47.0,neutral or dissatisfied
79808,Female,disloyal Customer,36,Business travel,Business,1089,3,3,3,1,3,3,3,3,3,2,4,4,5,3,37,14.0,neutral or dissatisfied
15991,Male,disloyal Customer,29,Business travel,Eco,780,3,3,3,3,5,3,5,5,1,5,3,5,2,5,0,0.0,neutral or dissatisfied
103768,Female,Loyal Customer,39,Business travel,Business,882,2,5,5,5,5,4,3,2,2,2,2,1,2,2,30,13.0,neutral or dissatisfied
74783,Female,Loyal Customer,58,Business travel,Business,1235,4,4,4,4,4,5,4,3,3,4,3,4,3,3,0,0.0,satisfied
84720,Female,Loyal Customer,30,Business travel,Business,3871,3,3,3,3,4,4,4,4,3,4,5,3,4,4,0,0.0,satisfied
75101,Male,disloyal Customer,46,Business travel,Business,1652,3,4,4,4,4,3,4,4,1,4,2,4,3,4,0,0.0,neutral or dissatisfied
61513,Female,Loyal Customer,23,Personal Travel,Eco,2288,3,2,4,4,2,4,2,2,3,3,4,3,4,2,1,0.0,neutral or dissatisfied
27915,Female,Loyal Customer,61,Business travel,Eco,689,1,4,4,4,2,3,3,2,2,1,2,3,2,1,0,0.0,neutral or dissatisfied
62453,Female,disloyal Customer,43,Business travel,Business,1744,2,3,3,3,1,2,2,1,3,2,3,4,5,1,11,0.0,neutral or dissatisfied
16575,Male,disloyal Customer,29,Business travel,Eco,692,3,3,3,3,4,3,4,4,4,4,3,3,3,4,22,29.0,neutral or dissatisfied
74619,Female,Loyal Customer,51,Business travel,Eco,771,4,5,5,5,1,1,1,4,4,4,4,1,4,4,65,59.0,satisfied
126411,Male,disloyal Customer,26,Business travel,Business,507,4,4,4,1,3,4,3,3,4,4,4,3,5,3,0,0.0,satisfied
11717,Female,Loyal Customer,48,Business travel,Business,429,1,1,3,1,4,4,4,5,5,5,5,3,5,5,1,9.0,satisfied
61523,Male,Loyal Customer,44,Personal Travel,Eco,2288,1,2,1,3,2,1,2,2,1,2,3,1,4,2,0,0.0,neutral or dissatisfied
77867,Female,disloyal Customer,35,Business travel,Business,1262,3,3,3,3,1,3,1,1,3,3,5,3,4,1,0,0.0,neutral or dissatisfied
71230,Male,Loyal Customer,49,Business travel,Business,733,4,4,4,4,3,5,5,4,4,4,4,5,4,3,0,2.0,satisfied
64131,Female,Loyal Customer,48,Personal Travel,Eco Plus,2311,2,5,2,3,2,4,5,3,3,2,3,4,3,4,38,22.0,neutral or dissatisfied
36274,Male,Loyal Customer,22,Personal Travel,Eco,728,3,1,3,4,4,3,4,4,2,5,4,4,4,4,0,0.0,neutral or dissatisfied
16097,Female,Loyal Customer,38,Business travel,Eco,303,2,3,3,3,2,2,2,2,2,4,3,2,3,2,0,0.0,neutral or dissatisfied
15844,Male,Loyal Customer,21,Personal Travel,Eco,1107,5,5,5,4,4,5,4,4,1,3,3,4,2,4,32,36.0,satisfied
17608,Female,Loyal Customer,60,Personal Travel,Eco,196,1,5,1,3,1,1,1,2,1,2,5,1,4,1,176,160.0,neutral or dissatisfied
94778,Female,Loyal Customer,53,Business travel,Business,3727,0,4,0,3,3,5,4,5,5,3,3,3,5,4,2,0.0,satisfied
9821,Male,Loyal Customer,49,Business travel,Business,3627,1,1,1,1,3,5,4,5,5,5,5,5,5,5,31,18.0,satisfied
86970,Male,Loyal Customer,57,Business travel,Business,907,2,2,2,2,2,5,4,4,4,4,4,5,4,5,1,0.0,satisfied
52010,Female,Loyal Customer,67,Business travel,Business,328,0,0,0,2,2,3,4,2,2,2,2,4,2,3,0,0.0,satisfied
55670,Female,Loyal Customer,45,Business travel,Business,3959,4,4,4,4,3,5,4,4,4,4,4,3,4,3,0,3.0,satisfied
114198,Female,Loyal Customer,29,Business travel,Business,1897,1,5,5,5,1,1,1,1,3,3,4,1,4,1,11,7.0,neutral or dissatisfied
11493,Male,Loyal Customer,13,Personal Travel,Eco Plus,216,4,2,4,3,3,4,3,3,2,1,2,2,2,3,0,0.0,neutral or dissatisfied
95685,Male,Loyal Customer,48,Personal Travel,Business,181,2,4,2,1,5,2,1,1,1,2,4,2,1,3,0,0.0,neutral or dissatisfied
24808,Female,disloyal Customer,23,Business travel,Eco,991,4,4,4,3,3,4,3,3,3,2,3,1,4,3,0,6.0,neutral or dissatisfied
20076,Male,Loyal Customer,37,Personal Travel,Eco,607,3,5,3,3,4,3,4,4,5,3,4,3,4,4,0,0.0,neutral or dissatisfied
103111,Male,Loyal Customer,30,Personal Travel,Eco,666,4,3,5,4,4,5,4,4,1,4,1,4,5,4,0,0.0,neutral or dissatisfied
82995,Female,Loyal Customer,35,Business travel,Business,1086,3,3,3,3,3,4,4,4,4,4,4,4,4,3,3,0.0,satisfied
39330,Female,Loyal Customer,65,Personal Travel,Eco Plus,67,1,3,1,3,3,2,3,3,3,1,3,4,3,3,0,17.0,neutral or dissatisfied
42390,Female,Loyal Customer,56,Business travel,Eco Plus,451,5,4,4,4,3,3,4,5,5,5,5,4,5,1,0,0.0,satisfied
32474,Female,Loyal Customer,49,Business travel,Business,1599,0,3,0,5,1,1,2,4,4,4,1,4,4,4,3,3.0,satisfied
49510,Male,Loyal Customer,41,Business travel,Eco,86,5,2,2,2,5,5,5,5,3,2,5,4,5,5,16,31.0,satisfied
83009,Female,disloyal Customer,22,Business travel,Business,1127,4,0,4,3,1,4,1,1,5,5,4,5,4,1,0,3.0,satisfied
122498,Male,Loyal Customer,57,Business travel,Business,930,1,1,1,1,3,4,5,4,4,4,4,4,4,4,8,0.0,satisfied
86100,Female,Loyal Customer,70,Personal Travel,Business,226,1,4,1,1,4,4,4,2,2,1,2,3,2,4,35,40.0,neutral or dissatisfied
14135,Male,Loyal Customer,43,Business travel,Business,528,2,2,2,2,4,4,4,2,2,2,2,1,2,3,0,27.0,neutral or dissatisfied
14544,Male,disloyal Customer,17,Business travel,Eco,362,4,0,4,3,5,4,5,5,1,1,4,2,2,5,0,0.0,satisfied
55010,Male,disloyal Customer,35,Business travel,Business,1635,4,4,4,5,3,4,3,3,3,3,5,3,4,3,26,25.0,neutral or dissatisfied
50800,Male,Loyal Customer,23,Personal Travel,Eco,86,2,4,2,2,2,2,5,2,5,4,5,5,5,2,0,0.0,neutral or dissatisfied
42958,Female,Loyal Customer,40,Business travel,Business,2882,5,5,5,5,1,3,3,5,5,5,4,4,5,2,0,8.0,satisfied
21062,Female,disloyal Customer,26,Business travel,Eco,227,2,5,2,3,3,2,3,3,1,1,1,4,3,3,0,0.0,neutral or dissatisfied
51852,Female,Loyal Customer,15,Personal Travel,Business,374,2,4,2,1,1,2,1,1,5,2,5,3,4,1,61,57.0,neutral or dissatisfied
58505,Male,disloyal Customer,47,Business travel,Eco,319,1,1,2,3,2,4,4,1,2,4,3,4,3,4,171,164.0,neutral or dissatisfied
69125,Male,Loyal Customer,50,Personal Travel,Eco,1598,1,5,1,4,1,1,1,1,4,4,3,5,5,1,3,0.0,neutral or dissatisfied
10425,Female,Loyal Customer,50,Business travel,Business,3435,2,2,2,2,3,5,5,5,5,5,5,3,5,5,0,0.0,satisfied
107374,Male,Loyal Customer,40,Business travel,Business,1881,2,2,2,2,5,4,5,4,4,4,4,3,4,5,13,8.0,satisfied
6904,Male,Loyal Customer,40,Personal Travel,Eco,265,4,5,4,3,5,4,5,5,5,1,3,3,2,5,18,22.0,neutral or dissatisfied
34030,Male,Loyal Customer,14,Personal Travel,Eco,1598,4,5,4,2,1,4,1,1,5,2,3,3,5,1,0,0.0,neutral or dissatisfied
108586,Male,Loyal Customer,47,Business travel,Business,696,3,3,3,3,5,5,4,2,2,2,2,3,2,5,25,14.0,satisfied
42537,Female,Loyal Customer,23,Business travel,Eco,1091,4,1,1,1,4,4,4,4,4,3,5,5,1,4,0,28.0,satisfied
112919,Male,disloyal Customer,23,Business travel,Eco,764,0,0,0,1,5,0,5,5,1,5,2,1,4,5,1,0.0,satisfied
54109,Female,disloyal Customer,29,Business travel,Business,1400,1,1,1,3,3,1,3,3,5,2,4,4,5,3,0,0.0,neutral or dissatisfied
100551,Male,Loyal Customer,46,Personal Travel,Eco Plus,759,3,5,2,1,2,2,2,2,3,5,4,3,4,2,0,0.0,neutral or dissatisfied
123803,Male,disloyal Customer,34,Business travel,Business,541,3,3,3,2,2,3,5,2,4,3,4,5,4,2,0,0.0,neutral or dissatisfied
19438,Male,Loyal Customer,30,Personal Travel,Eco,645,3,5,3,4,4,3,4,4,3,4,4,4,5,4,11,13.0,neutral or dissatisfied
129476,Male,disloyal Customer,24,Business travel,Business,2611,5,4,5,3,3,5,3,3,4,5,4,5,5,3,0,9.0,satisfied
46871,Male,disloyal Customer,22,Business travel,Eco,909,5,5,5,1,1,5,2,1,3,4,1,3,1,1,4,44.0,satisfied
4096,Female,Loyal Customer,59,Business travel,Business,1512,1,1,1,1,4,5,4,4,4,4,4,4,4,5,0,0.0,satisfied
97480,Female,disloyal Customer,27,Business travel,Eco,670,3,3,3,4,5,3,5,5,3,3,3,3,3,5,23,16.0,neutral or dissatisfied
94130,Female,Loyal Customer,54,Business travel,Business,3183,5,5,5,5,3,5,5,4,4,4,4,4,4,3,0,4.0,satisfied
12639,Male,Loyal Customer,28,Business travel,Business,844,5,5,3,5,4,4,4,4,2,1,3,1,4,4,11,3.0,satisfied
81980,Female,disloyal Customer,29,Business travel,Business,1522,0,0,0,1,3,0,3,3,3,2,4,3,4,3,0,0.0,satisfied
67616,Female,Loyal Customer,40,Business travel,Business,1917,3,3,3,3,5,4,4,3,3,4,3,5,3,5,4,3.0,satisfied
42004,Male,Loyal Customer,47,Business travel,Eco,106,4,5,5,5,4,4,4,4,5,2,4,5,3,4,0,0.0,satisfied
15455,Female,Loyal Customer,57,Business travel,Business,306,5,5,5,5,4,1,4,5,5,5,5,5,5,3,0,1.0,satisfied
34346,Female,Loyal Customer,35,Business travel,Business,427,4,4,4,4,2,4,4,5,5,5,5,4,5,1,28,23.0,satisfied
48352,Female,Loyal Customer,28,Business travel,Eco,522,4,4,4,4,4,4,4,4,5,2,1,1,2,4,0,0.0,satisfied
31588,Female,disloyal Customer,21,Business travel,Eco,602,3,3,3,5,1,3,1,1,5,5,3,2,3,1,0,0.0,neutral or dissatisfied
43648,Female,Loyal Customer,43,Business travel,Business,2737,4,4,4,4,2,1,1,4,4,4,4,3,4,4,0,0.0,satisfied
30095,Male,Loyal Customer,34,Personal Travel,Eco,261,4,4,0,2,3,0,4,3,5,2,1,5,2,3,10,9.0,neutral or dissatisfied
60762,Male,Loyal Customer,47,Business travel,Business,628,2,2,2,2,2,4,5,4,4,4,4,5,4,4,1,0.0,satisfied
103494,Female,Loyal Customer,47,Business travel,Business,1796,3,3,5,3,3,5,4,5,5,5,5,3,5,4,0,0.0,satisfied
108945,Male,Loyal Customer,46,Business travel,Business,3161,4,4,4,4,4,5,4,3,3,3,3,3,3,3,0,0.0,satisfied
44243,Male,Loyal Customer,65,Business travel,Eco,222,2,3,3,3,2,2,2,2,4,4,3,3,3,2,0,0.0,neutral or dissatisfied
13757,Female,Loyal Customer,20,Personal Travel,Eco,401,3,5,3,2,1,3,1,1,5,2,4,4,4,1,0,0.0,neutral or dissatisfied
36169,Female,Loyal Customer,32,Business travel,Eco,1674,5,5,5,5,5,5,5,5,1,1,3,1,1,5,0,0.0,satisfied
53266,Male,Loyal Customer,58,Business travel,Eco,758,4,4,4,4,4,4,4,4,2,1,3,5,4,4,0,0.0,satisfied
73154,Female,disloyal Customer,35,Business travel,Eco,1501,2,1,1,2,2,2,2,2,4,5,5,1,4,2,0,3.0,neutral or dissatisfied
17179,Female,Loyal Customer,39,Business travel,Business,243,2,3,3,3,2,3,3,2,2,2,2,4,2,2,0,0.0,neutral or dissatisfied
85485,Female,Loyal Customer,68,Personal Travel,Eco,152,3,5,3,4,3,5,5,3,3,3,3,3,3,3,0,0.0,neutral or dissatisfied
38874,Male,Loyal Customer,51,Business travel,Eco,261,5,2,2,2,5,5,5,5,3,2,1,2,1,5,0,0.0,satisfied
101564,Female,Loyal Customer,36,Business travel,Eco Plus,345,4,2,3,3,4,4,4,4,2,1,2,2,1,4,0,0.0,satisfied
43458,Female,Loyal Customer,55,Business travel,Eco,594,2,1,2,1,3,4,3,2,2,2,2,5,2,2,0,0.0,satisfied
74372,Male,Loyal Customer,48,Business travel,Business,1464,4,4,4,4,3,3,3,3,2,4,5,3,4,3,134,118.0,satisfied
114174,Male,Loyal Customer,60,Business travel,Business,1540,5,5,5,5,4,5,4,2,2,2,2,5,2,3,0,0.0,satisfied
26913,Male,Loyal Customer,54,Business travel,Business,1770,3,4,4,4,5,3,3,3,3,3,3,1,3,3,0,0.0,neutral or dissatisfied
65593,Male,Loyal Customer,65,Business travel,Business,175,4,2,4,2,2,4,4,3,3,3,4,4,3,4,5,0.0,neutral or dissatisfied
96745,Female,Loyal Customer,50,Personal Travel,Eco Plus,813,2,4,2,3,5,3,3,3,3,2,3,3,3,3,4,0.0,neutral or dissatisfied
50325,Female,Loyal Customer,35,Business travel,Business,3697,4,4,4,4,2,2,5,4,4,4,4,3,4,2,0,0.0,satisfied
64353,Female,Loyal Customer,25,Business travel,Business,3046,4,4,4,4,4,4,4,4,5,1,4,5,1,4,4,0.0,satisfied
123561,Male,disloyal Customer,12,Business travel,Eco,1290,1,1,1,4,3,1,3,3,1,3,4,1,3,3,1,0.0,neutral or dissatisfied
99429,Female,Loyal Customer,50,Personal Travel,Eco,314,3,5,3,2,2,4,4,2,2,3,2,5,2,4,11,6.0,neutral or dissatisfied
49894,Male,Loyal Customer,47,Business travel,Business,262,2,5,5,5,1,2,2,3,5,3,3,2,2,2,253,257.0,neutral or dissatisfied
48904,Male,disloyal Customer,25,Business travel,Eco,250,2,5,1,4,2,1,2,2,5,2,4,4,5,2,0,4.0,neutral or dissatisfied
46116,Female,Loyal Customer,51,Business travel,Business,3160,2,2,2,2,4,4,5,4,4,4,4,4,4,3,11,0.0,satisfied
24913,Male,Loyal Customer,55,Business travel,Eco,762,4,2,2,2,4,4,4,4,2,4,4,2,1,4,24,11.0,satisfied
44676,Female,disloyal Customer,20,Business travel,Eco,67,4,3,4,3,5,4,5,5,4,4,4,4,4,5,9,4.0,neutral or dissatisfied
79304,Female,disloyal Customer,28,Business travel,Eco,909,1,1,1,2,5,1,1,5,1,1,1,2,3,5,0,0.0,neutral or dissatisfied
924,Female,Loyal Customer,41,Business travel,Business,102,1,5,5,5,2,3,4,2,2,2,1,2,2,4,0,0.0,neutral or dissatisfied
111705,Male,Loyal Customer,59,Business travel,Eco,541,1,5,4,5,1,1,1,1,4,2,3,3,3,1,126,119.0,neutral or dissatisfied
110915,Female,Loyal Customer,16,Business travel,Eco,545,5,5,5,5,5,5,4,5,1,5,4,4,1,5,0,3.0,satisfied
32703,Female,disloyal Customer,22,Business travel,Eco,102,3,2,3,3,1,3,1,1,4,3,3,3,3,1,20,21.0,neutral or dissatisfied
15767,Female,Loyal Customer,45,Business travel,Business,2243,1,1,1,1,3,3,1,5,5,5,5,3,5,4,0,0.0,satisfied
60476,Male,disloyal Customer,26,Business travel,Business,985,2,2,2,4,1,2,1,1,4,3,4,5,4,1,1,0.0,neutral or dissatisfied
93675,Male,Loyal Customer,64,Personal Travel,Eco,655,3,1,4,4,4,4,4,4,3,1,4,1,3,4,2,15.0,neutral or dissatisfied
34136,Male,Loyal Customer,35,Business travel,Business,1813,2,2,2,2,2,5,5,4,4,4,4,1,4,3,9,21.0,satisfied
13217,Male,disloyal Customer,25,Business travel,Eco,771,4,4,4,4,3,4,3,3,3,5,4,3,1,3,20,1.0,neutral or dissatisfied
35306,Female,disloyal Customer,28,Business travel,Eco,1041,3,3,3,3,5,3,5,5,2,4,3,3,4,5,12,14.0,neutral or dissatisfied
110052,Female,Loyal Customer,42,Personal Travel,Eco,2173,4,5,4,3,4,4,5,1,1,4,1,5,1,5,1,0.0,satisfied
86748,Female,disloyal Customer,49,Business travel,Business,821,3,3,3,3,2,3,5,2,3,5,4,4,4,2,0,0.0,neutral or dissatisfied
15666,Male,Loyal Customer,36,Business travel,Business,764,3,3,2,3,2,2,1,5,5,5,5,1,5,1,0,0.0,satisfied
52788,Female,Loyal Customer,54,Business travel,Eco,1874,2,3,3,3,1,4,4,2,2,2,2,3,2,1,69,46.0,neutral or dissatisfied
35482,Female,Loyal Customer,67,Personal Travel,Eco,1041,2,2,2,3,5,2,3,1,1,2,1,2,1,1,0,0.0,neutral or dissatisfied
123579,Male,Loyal Customer,70,Business travel,Business,3449,3,5,5,5,1,3,3,3,3,3,3,4,3,1,0,0.0,neutral or dissatisfied
113874,Female,Loyal Customer,35,Personal Travel,Eco,1334,4,4,4,4,5,4,5,5,3,3,5,5,4,5,0,0.0,neutral or dissatisfied
76751,Male,Loyal Customer,26,Personal Travel,Eco,205,1,3,1,4,5,1,5,5,2,1,4,2,4,5,0,0.0,neutral or dissatisfied
13280,Male,Loyal Customer,41,Personal Travel,Eco,657,3,4,3,4,4,3,4,4,3,2,2,3,3,4,0,0.0,neutral or dissatisfied
34275,Male,Loyal Customer,41,Business travel,Business,496,2,2,2,2,2,1,1,4,4,4,4,3,4,1,0,0.0,satisfied
87261,Male,Loyal Customer,48,Business travel,Business,577,5,5,5,5,4,4,5,2,2,2,2,3,2,4,30,21.0,satisfied
35427,Female,Loyal Customer,55,Personal Travel,Eco,944,0,2,0,4,2,4,3,3,3,0,3,1,3,3,68,80.0,satisfied
7511,Male,Loyal Customer,49,Business travel,Business,3247,1,1,1,1,5,4,5,5,5,5,5,4,5,3,0,0.0,satisfied
28069,Male,Loyal Customer,80,Business travel,Business,2447,1,1,1,1,3,1,3,3,3,3,3,1,3,4,12,0.0,satisfied
31102,Male,disloyal Customer,69,Personal Travel,Eco,1014,2,4,2,4,3,2,3,3,2,5,4,3,4,3,0,0.0,neutral or dissatisfied
116043,Female,Loyal Customer,30,Personal Travel,Eco,417,3,5,3,2,4,3,4,4,3,1,2,1,3,4,37,24.0,neutral or dissatisfied
89227,Male,Loyal Customer,67,Personal Travel,Eco,1947,2,2,2,3,3,2,3,3,4,2,2,2,3,3,25,26.0,neutral or dissatisfied
129063,Male,Loyal Customer,57,Personal Travel,Eco,1846,1,4,1,4,1,2,2,2,2,3,3,2,1,2,184,179.0,neutral or dissatisfied
90508,Male,disloyal Customer,23,Business travel,Eco,515,5,2,5,2,2,2,2,2,5,2,4,4,5,2,0,0.0,satisfied
64643,Male,Loyal Customer,57,Business travel,Business,1785,4,4,4,4,5,5,4,4,4,4,4,5,4,4,0,3.0,satisfied
69544,Male,Loyal Customer,30,Business travel,Business,2586,5,5,5,5,5,5,5,5,5,5,4,5,5,5,0,0.0,satisfied
101606,Male,disloyal Customer,55,Business travel,Business,1139,5,5,5,4,5,5,5,5,3,3,5,5,4,5,17,0.0,satisfied
73441,Male,Loyal Customer,11,Personal Travel,Eco,1197,3,4,3,3,4,3,4,4,5,5,3,4,4,4,1,0.0,neutral or dissatisfied
70196,Male,Loyal Customer,44,Business travel,Business,258,1,1,5,1,3,2,3,1,1,1,1,4,1,3,0,0.0,neutral or dissatisfied
61341,Female,Loyal Customer,58,Business travel,Business,2804,2,3,2,2,5,5,5,5,5,4,5,4,5,5,5,0.0,satisfied
116014,Female,Loyal Customer,30,Personal Travel,Eco,342,3,5,3,1,5,3,4,5,3,2,4,3,5,5,14,16.0,neutral or dissatisfied
43181,Male,Loyal Customer,31,Business travel,Business,3637,4,4,4,4,4,4,4,4,3,1,5,4,5,4,1,0.0,satisfied
70980,Female,disloyal Customer,18,Business travel,Business,802,0,5,0,2,4,0,4,4,3,2,4,3,4,4,28,25.0,satisfied
39896,Female,Loyal Customer,20,Personal Travel,Eco,272,1,4,1,4,2,1,2,2,3,5,5,4,5,2,0,11.0,neutral or dissatisfied
109809,Female,Loyal Customer,40,Business travel,Business,1204,2,2,2,2,5,4,4,5,5,5,5,5,5,3,44,9.0,satisfied
102815,Male,Loyal Customer,56,Business travel,Business,342,1,0,0,2,3,3,2,4,4,0,5,4,4,3,63,87.0,neutral or dissatisfied
56249,Male,Loyal Customer,35,Business travel,Business,404,3,3,3,3,4,5,4,5,5,5,5,3,5,5,0,0.0,satisfied
94886,Male,Loyal Customer,58,Business travel,Business,3591,4,4,4,4,3,4,5,4,4,4,4,5,4,4,0,0.0,satisfied
4255,Female,disloyal Customer,25,Business travel,Business,502,3,5,3,4,1,3,1,1,4,4,5,3,4,1,22,58.0,neutral or dissatisfied
93001,Male,Loyal Customer,47,Business travel,Business,1524,3,3,3,3,3,5,5,5,5,5,5,3,5,5,0,0.0,satisfied
5054,Female,Loyal Customer,37,Business travel,Eco,235,3,4,4,4,3,3,3,1,2,3,4,3,3,3,154,140.0,neutral or dissatisfied
54806,Female,Loyal Customer,31,Business travel,Business,2652,3,1,1,1,3,3,3,3,1,1,1,1,4,3,8,0.0,neutral or dissatisfied
93810,Female,disloyal Customer,46,Business travel,Business,391,4,4,4,2,5,4,5,5,5,3,4,5,4,5,3,0.0,satisfied
90088,Female,disloyal Customer,36,Business travel,Business,1145,1,1,1,3,3,1,1,3,3,3,4,4,5,3,0,0.0,neutral or dissatisfied
2585,Male,Loyal Customer,69,Personal Travel,Eco,227,3,4,3,3,2,3,1,2,3,4,3,3,3,2,1,0.0,neutral or dissatisfied
71930,Female,disloyal Customer,24,Business travel,Business,1846,5,0,5,1,3,5,3,3,4,3,5,3,4,3,3,12.0,satisfied
90184,Male,Loyal Customer,32,Personal Travel,Eco,957,3,1,3,3,2,3,2,2,2,2,3,3,4,2,0,0.0,neutral or dissatisfied
112655,Male,disloyal Customer,24,Business travel,Eco,723,3,3,3,3,2,3,3,2,5,2,5,5,4,2,32,18.0,neutral or dissatisfied
7437,Female,Loyal Customer,46,Personal Travel,Eco,522,4,4,4,4,3,5,4,2,2,4,2,5,2,3,92,97.0,neutral or dissatisfied
43986,Male,Loyal Customer,36,Business travel,Eco,397,4,3,3,3,4,4,4,4,2,1,4,5,3,4,0,4.0,satisfied
37963,Male,Loyal Customer,56,Business travel,Business,1538,3,3,3,3,5,4,5,3,3,3,3,4,3,3,7,0.0,satisfied
127683,Male,Loyal Customer,56,Personal Travel,Business,2133,3,4,3,3,5,3,4,1,1,3,4,4,1,1,4,0.0,neutral or dissatisfied
5417,Male,Loyal Customer,46,Business travel,Business,589,3,3,3,3,5,5,4,4,4,4,4,4,4,3,0,0.0,satisfied
75391,Male,disloyal Customer,30,Business travel,Business,2342,3,3,3,2,4,3,4,4,4,2,4,5,4,4,3,0.0,neutral or dissatisfied
129610,Female,Loyal Customer,58,Business travel,Business,2302,1,1,1,1,3,5,4,4,4,4,4,3,4,5,95,127.0,satisfied
83449,Female,Loyal Customer,22,Personal Travel,Business,946,1,5,1,2,3,1,5,3,1,4,1,5,1,3,0,0.0,neutral or dissatisfied
50787,Male,Loyal Customer,28,Personal Travel,Eco,86,3,4,3,5,5,3,5,5,2,1,2,1,1,5,0,0.0,neutral or dissatisfied
50618,Male,Loyal Customer,24,Personal Travel,Eco,110,1,1,1,3,4,1,4,4,2,3,4,1,3,4,0,0.0,neutral or dissatisfied
113252,Male,disloyal Customer,47,Business travel,Business,397,4,4,4,3,5,4,5,5,5,5,5,4,4,5,0,0.0,satisfied
97363,Male,Loyal Customer,31,Personal Travel,Eco,347,2,1,2,3,4,2,4,4,1,1,3,1,4,4,1,0.0,neutral or dissatisfied
107481,Male,Loyal Customer,54,Business travel,Eco,711,1,5,2,2,1,1,1,1,1,1,3,1,3,1,0,8.0,neutral or dissatisfied
33455,Female,Loyal Customer,9,Personal Travel,Eco,2417,3,4,3,2,3,1,1,1,2,5,4,1,3,1,42,84.0,neutral or dissatisfied
86818,Female,Loyal Customer,20,Business travel,Business,2247,4,4,4,4,5,5,5,5,5,2,4,5,4,5,0,0.0,satisfied
21219,Female,Loyal Customer,34,Personal Travel,Eco,153,3,3,3,3,3,3,3,3,2,5,2,2,4,3,0,0.0,neutral or dissatisfied
73501,Female,Loyal Customer,40,Business travel,Business,1005,3,3,3,3,3,5,4,4,4,5,4,4,4,4,0,0.0,satisfied
82472,Female,Loyal Customer,23,Personal Travel,Eco,241,4,5,4,2,1,4,1,1,5,3,4,5,5,1,0,0.0,satisfied
53689,Male,Loyal Customer,35,Business travel,Business,2653,2,2,2,2,5,3,3,4,4,4,4,2,4,3,5,3.0,satisfied
57736,Male,Loyal Customer,56,Personal Travel,Eco,1754,5,3,5,3,4,5,4,4,1,2,3,1,3,4,5,0.0,satisfied
24240,Female,Loyal Customer,29,Business travel,Business,1602,2,2,2,2,5,5,3,5,3,3,5,2,3,5,0,0.0,satisfied
14820,Female,disloyal Customer,24,Business travel,Eco,563,3,0,3,5,3,3,3,3,3,4,3,5,2,3,9,0.0,neutral or dissatisfied
45271,Male,Loyal Customer,53,Personal Travel,Business,175,3,5,3,4,4,4,5,3,3,3,3,3,3,5,0,0.0,neutral or dissatisfied
7560,Male,Loyal Customer,66,Personal Travel,Eco,606,4,5,4,4,3,4,3,3,3,5,4,3,5,3,0,0.0,neutral or dissatisfied
41203,Male,Loyal Customer,56,Business travel,Business,3810,3,3,3,3,5,4,4,5,5,4,5,4,5,5,0,0.0,satisfied
21987,Male,Loyal Customer,10,Personal Travel,Eco,448,3,5,3,5,2,3,2,2,4,3,4,5,4,2,0,0.0,neutral or dissatisfied
4123,Female,disloyal Customer,37,Business travel,Business,431,2,2,2,3,2,2,2,2,5,5,5,4,5,2,0,7.0,neutral or dissatisfied
38412,Male,Loyal Customer,19,Business travel,Business,1747,4,4,4,4,5,5,5,5,5,2,5,1,2,5,59,55.0,satisfied
63647,Male,disloyal Customer,35,Business travel,Business,651,2,2,2,3,2,2,1,2,5,4,5,3,5,2,16,0.0,neutral or dissatisfied
51047,Male,Loyal Customer,29,Personal Travel,Eco,363,3,1,3,4,1,3,5,1,1,5,4,1,3,1,2,14.0,neutral or dissatisfied
95836,Male,Loyal Customer,52,Business travel,Business,3325,1,1,1,1,2,5,5,4,4,4,4,4,4,3,7,15.0,satisfied
90980,Female,Loyal Customer,49,Business travel,Eco,246,5,1,1,1,1,4,4,5,5,5,5,2,5,4,0,0.0,satisfied
29880,Male,Loyal Customer,46,Business travel,Business,571,1,1,1,1,5,4,4,2,2,2,1,4,4,4,142,,satisfied
20001,Male,Loyal Customer,52,Business travel,Business,646,4,1,1,1,2,4,3,4,4,4,4,2,4,2,65,65.0,neutral or dissatisfied
34425,Female,Loyal Customer,7,Personal Travel,Eco Plus,612,4,5,4,2,1,4,1,1,2,5,1,4,3,1,26,18.0,neutral or dissatisfied
36556,Female,disloyal Customer,22,Business travel,Eco,1121,4,4,4,4,1,4,1,1,4,4,1,3,1,1,28,31.0,neutral or dissatisfied
81689,Female,Loyal Customer,73,Business travel,Eco,507,2,5,5,5,5,3,4,2,2,2,2,2,2,2,39,30.0,neutral or dissatisfied
113035,Male,disloyal Customer,26,Business travel,Business,479,0,0,0,4,4,0,2,4,5,3,4,5,4,4,1,3.0,satisfied
17029,Male,Loyal Customer,64,Personal Travel,Eco,781,1,4,1,4,4,1,4,4,3,2,5,5,5,4,25,21.0,neutral or dissatisfied
89437,Female,Loyal Customer,16,Personal Travel,Eco,134,0,2,0,4,5,0,5,5,2,1,3,1,3,5,0,0.0,satisfied
104518,Male,Loyal Customer,9,Personal Travel,Business,1047,3,5,3,3,3,4,5,5,3,4,4,5,5,5,221,199.0,neutral or dissatisfied
100650,Female,Loyal Customer,9,Personal Travel,Eco Plus,349,2,3,2,4,2,2,2,2,1,1,3,2,4,2,11,5.0,neutral or dissatisfied
106017,Male,Loyal Customer,80,Business travel,Eco Plus,499,4,2,2,2,4,4,4,4,1,5,3,2,4,4,32,41.0,neutral or dissatisfied
98430,Female,Loyal Customer,41,Personal Travel,Eco,1910,3,5,3,1,3,3,3,3,5,5,3,3,4,3,0,0.0,neutral or dissatisfied
53753,Male,Loyal Customer,41,Business travel,Business,1195,2,2,2,2,4,1,4,4,4,4,4,4,4,3,0,0.0,satisfied
12746,Female,Loyal Customer,21,Personal Travel,Eco,803,2,3,2,4,1,2,1,1,1,2,3,4,4,1,0,0.0,neutral or dissatisfied
39951,Male,Loyal Customer,52,Personal Travel,Eco,1086,1,5,1,1,3,1,3,3,4,3,4,5,4,3,24,0.0,neutral or dissatisfied
57558,Female,Loyal Customer,28,Business travel,Business,1597,3,3,3,3,5,5,5,5,3,5,5,4,5,5,1,0.0,satisfied
63153,Female,Loyal Customer,47,Business travel,Business,337,0,0,0,3,5,5,4,2,2,2,2,3,2,5,7,6.0,satisfied
58064,Male,Loyal Customer,53,Business travel,Business,1712,1,1,1,1,2,4,5,4,4,4,4,3,4,3,3,7.0,satisfied
102123,Male,Loyal Customer,47,Business travel,Business,1701,1,1,2,1,5,5,5,3,3,4,3,5,3,5,27,28.0,satisfied
60047,Male,Loyal Customer,41,Business travel,Eco Plus,1065,4,1,1,1,4,4,4,4,1,4,2,1,2,4,0,0.0,neutral or dissatisfied
74075,Male,disloyal Customer,25,Business travel,Business,721,0,5,0,2,1,0,1,1,3,5,4,3,5,1,0,0.0,satisfied
19627,Male,Loyal Customer,29,Business travel,Business,1672,4,4,4,4,3,3,3,3,1,5,4,3,3,3,0,0.0,satisfied
126617,Female,Loyal Customer,47,Personal Travel,Eco Plus,1337,1,5,1,5,5,4,4,1,1,1,1,4,1,4,0,0.0,neutral or dissatisfied
6591,Female,Loyal Customer,53,Personal Travel,Eco,618,2,5,2,2,4,5,4,2,2,2,2,4,2,4,0,1.0,neutral or dissatisfied
34302,Male,Loyal Customer,53,Personal Travel,Eco,280,3,2,3,2,4,3,2,4,3,4,2,1,1,4,0,0.0,neutral or dissatisfied
80484,Female,disloyal Customer,45,Business travel,Business,1299,3,3,3,3,1,3,1,1,4,5,4,3,5,1,0,0.0,neutral or dissatisfied
2987,Male,Loyal Customer,52,Business travel,Business,3140,5,5,5,5,4,5,4,5,5,5,5,3,5,5,0,0.0,satisfied
88721,Female,Loyal Customer,37,Personal Travel,Eco,271,3,2,3,3,3,3,3,3,3,2,3,1,2,3,0,0.0,neutral or dissatisfied
94566,Male,Loyal Customer,58,Business travel,Business,3824,1,1,1,1,2,5,5,3,3,4,3,4,3,5,0,0.0,satisfied
53757,Male,Loyal Customer,33,Business travel,Business,3836,5,5,5,5,5,4,5,5,1,2,4,3,4,5,0,0.0,satisfied
1220,Female,Loyal Customer,26,Personal Travel,Eco,247,3,2,3,4,5,3,5,5,1,4,3,1,3,5,2,0.0,neutral or dissatisfied
40709,Female,Loyal Customer,17,Business travel,Business,558,4,4,4,4,4,5,4,4,2,2,2,3,2,4,40,21.0,satisfied
103317,Male,Loyal Customer,55,Business travel,Eco,1139,1,1,1,1,1,1,1,1,2,2,3,3,3,1,1,0.0,neutral or dissatisfied
110689,Male,Loyal Customer,51,Personal Travel,Eco,837,2,1,2,3,1,2,1,1,4,4,4,2,3,1,29,17.0,neutral or dissatisfied
64484,Female,disloyal Customer,21,Business travel,Eco,354,4,0,4,5,4,4,5,4,4,3,4,5,4,4,0,0.0,satisfied
34955,Male,Loyal Customer,43,Personal Travel,Eco,187,1,5,1,3,2,1,1,2,4,4,5,3,5,2,0,0.0,neutral or dissatisfied
105337,Female,Loyal Customer,49,Business travel,Business,2265,3,3,3,3,3,4,4,5,5,5,5,5,5,5,1,3.0,satisfied
80336,Male,Loyal Customer,55,Personal Travel,Eco Plus,746,2,4,2,4,4,2,4,4,2,4,4,1,2,4,0,0.0,neutral or dissatisfied
33709,Male,Loyal Customer,36,Business travel,Eco,499,3,3,3,3,3,3,3,3,4,4,3,1,4,3,19,46.0,neutral or dissatisfied
48594,Female,Loyal Customer,31,Personal Travel,Eco,844,4,2,4,2,4,4,4,4,3,5,2,4,2,4,40,17.0,neutral or dissatisfied
80483,Male,Loyal Customer,46,Business travel,Business,3638,5,5,5,5,4,5,4,4,4,4,4,3,4,4,2,0.0,satisfied
129360,Male,Loyal Customer,58,Business travel,Business,2454,4,4,4,4,4,3,4,2,2,2,2,3,2,4,1,0.0,satisfied
110770,Female,disloyal Customer,50,Business travel,Business,997,4,4,4,3,1,4,1,1,3,3,5,3,4,1,0,0.0,neutral or dissatisfied
129504,Female,Loyal Customer,24,Business travel,Eco,1846,2,4,2,4,2,2,2,2,1,5,2,1,3,2,0,21.0,neutral or dissatisfied
24780,Female,Loyal Customer,36,Business travel,Eco,128,4,4,5,4,4,4,4,4,3,4,3,4,1,4,4,3.0,satisfied
5986,Male,Loyal Customer,34,Business travel,Business,2079,4,4,4,4,5,5,4,5,5,5,5,4,5,3,0,21.0,satisfied
57510,Female,Loyal Customer,52,Business travel,Business,3399,4,4,4,4,5,5,4,4,4,4,4,3,4,5,0,4.0,satisfied
103401,Female,disloyal Customer,37,Business travel,Eco,237,1,1,1,1,2,1,2,2,3,4,2,2,2,2,20,17.0,neutral or dissatisfied
122327,Male,disloyal Customer,17,Business travel,Eco,541,1,2,0,3,2,0,2,2,2,3,3,1,3,2,8,0.0,neutral or dissatisfied
60276,Male,Loyal Customer,25,Business travel,Business,2583,3,1,1,1,3,3,3,1,2,2,2,3,2,3,17,19.0,neutral or dissatisfied
83358,Female,Loyal Customer,35,Business travel,Business,2530,5,5,5,5,3,5,4,5,5,5,5,4,5,5,0,0.0,satisfied
101252,Male,Loyal Customer,27,Personal Travel,Eco Plus,1587,5,5,5,3,1,5,1,1,4,5,4,5,5,1,0,0.0,satisfied
61690,Male,disloyal Customer,45,Business travel,Eco,1379,2,2,2,3,1,2,1,1,1,5,3,3,2,1,70,53.0,neutral or dissatisfied
75951,Female,Loyal Customer,35,Business travel,Business,1990,0,0,0,3,5,5,5,1,1,1,1,4,1,4,0,0.0,satisfied
89335,Male,Loyal Customer,23,Business travel,Business,1541,5,1,5,5,5,5,5,5,5,2,5,3,5,5,3,0.0,satisfied
124707,Female,Loyal Customer,34,Personal Travel,Eco,399,4,5,4,2,2,4,5,2,5,5,2,2,3,2,0,0.0,satisfied
10521,Male,Loyal Customer,59,Business travel,Business,295,3,3,3,3,5,4,4,5,5,5,5,3,5,5,9,0.0,satisfied
5181,Female,Loyal Customer,44,Business travel,Business,3250,5,3,5,5,2,5,5,5,5,5,5,4,5,3,10,16.0,satisfied
71715,Female,Loyal Customer,56,Business travel,Business,1007,4,4,4,4,3,5,5,4,4,4,4,4,4,4,0,0.0,satisfied
41330,Female,disloyal Customer,22,Business travel,Eco,689,4,4,4,4,3,4,3,3,4,1,3,5,3,3,7,0.0,satisfied
100100,Female,Loyal Customer,42,Business travel,Business,725,3,3,3,3,2,5,5,5,5,5,5,3,5,4,0,0.0,satisfied
31064,Female,Loyal Customer,61,Business travel,Business,462,4,3,3,3,1,3,4,4,4,4,4,1,4,2,0,4.0,neutral or dissatisfied
105465,Female,Loyal Customer,64,Personal Travel,Business,495,3,4,3,5,5,4,5,4,4,3,2,5,4,3,8,11.0,neutral or dissatisfied
113687,Female,Loyal Customer,13,Personal Travel,Eco,397,4,4,3,1,4,3,4,4,4,3,5,5,4,4,0,0.0,neutral or dissatisfied
93730,Male,Loyal Customer,60,Personal Travel,Eco,630,3,5,3,2,1,3,1,1,5,4,2,3,2,1,17,10.0,neutral or dissatisfied
89147,Female,disloyal Customer,37,Business travel,Eco,447,3,2,3,3,4,3,4,4,1,2,3,1,3,4,0,0.0,neutral or dissatisfied
76866,Male,Loyal Customer,39,Business travel,Eco,1927,1,1,1,1,1,1,1,1,3,4,2,3,3,1,0,0.0,neutral or dissatisfied
37941,Male,Loyal Customer,44,Business travel,Eco Plus,1065,4,1,5,1,4,4,4,4,5,2,3,5,3,4,28,0.0,satisfied
9433,Male,Loyal Customer,44,Business travel,Eco,299,2,4,4,4,2,2,2,2,3,1,4,3,3,2,0,0.0,neutral or dissatisfied
105496,Female,Loyal Customer,55,Personal Travel,Eco,516,2,4,2,3,1,5,3,2,2,2,2,1,2,3,0,0.0,neutral or dissatisfied
67158,Male,disloyal Customer,18,Business travel,Eco,1017,1,1,1,3,1,1,1,1,3,5,2,3,3,1,22,17.0,neutral or dissatisfied
88706,Male,Loyal Customer,14,Personal Travel,Eco,545,3,4,1,5,4,1,4,4,2,2,2,5,4,4,28,29.0,neutral or dissatisfied
58271,Female,Loyal Customer,60,Business travel,Business,3507,5,5,5,5,2,5,4,3,3,3,3,3,3,5,2,0.0,satisfied
96907,Female,Loyal Customer,36,Personal Travel,Eco,928,3,3,3,4,5,3,5,5,1,2,4,2,4,5,4,7.0,neutral or dissatisfied
128985,Male,Loyal Customer,39,Personal Travel,Eco,414,2,4,2,1,1,2,1,1,4,2,3,4,4,1,0,0.0,neutral or dissatisfied
28708,Male,Loyal Customer,32,Business travel,Eco,2717,5,5,5,5,5,5,5,1,5,5,1,5,4,5,0,10.0,satisfied
47429,Female,Loyal Customer,60,Business travel,Eco,101,5,1,2,1,2,3,5,5,5,5,5,4,5,1,0,0.0,satisfied
9,Male,Loyal Customer,50,Business travel,Business,2607,4,1,1,1,3,2,3,4,4,4,4,3,4,3,0,0.0,neutral or dissatisfied
11286,Female,Loyal Customer,53,Personal Travel,Eco,201,4,2,4,4,2,4,4,5,5,4,3,4,5,4,0,6.0,neutral or dissatisfied
113351,Female,Loyal Customer,49,Business travel,Business,226,0,0,0,5,2,5,4,4,4,4,4,4,4,5,0,0.0,satisfied
73206,Female,Loyal Customer,70,Personal Travel,Eco,1258,3,2,3,1,5,1,1,4,4,3,2,1,4,2,27,21.0,neutral or dissatisfied
43357,Male,Loyal Customer,32,Business travel,Business,1856,1,1,1,1,5,5,5,5,3,2,2,2,3,5,15,4.0,satisfied
92711,Male,Loyal Customer,43,Personal Travel,Eco,2153,1,2,1,4,1,1,1,1,3,4,3,1,3,1,0,0.0,neutral or dissatisfied
54436,Female,Loyal Customer,36,Business travel,Eco Plus,305,4,4,4,4,4,4,4,4,4,1,2,3,3,4,26,21.0,satisfied
90729,Male,disloyal Customer,54,Business travel,Business,240,3,2,2,4,4,3,2,4,5,3,4,3,5,4,0,15.0,neutral or dissatisfied
94605,Male,disloyal Customer,38,Business travel,Eco,239,4,2,4,3,4,4,5,4,3,4,4,1,4,4,31,24.0,neutral or dissatisfied
10503,Female,Loyal Customer,36,Business travel,Business,517,1,1,1,1,4,5,5,5,5,5,5,4,5,3,0,0.0,satisfied
111700,Male,Loyal Customer,52,Business travel,Business,3073,4,4,3,4,2,4,5,3,3,3,3,4,3,5,30,17.0,satisfied
74258,Female,Loyal Customer,39,Business travel,Business,1810,1,1,1,1,2,4,5,4,4,4,4,4,4,5,11,0.0,satisfied
79972,Male,disloyal Customer,26,Business travel,Eco,635,3,2,3,3,4,3,4,4,4,2,3,1,3,4,19,11.0,neutral or dissatisfied
70470,Female,Loyal Customer,52,Business travel,Business,3178,3,3,3,3,3,5,4,4,4,4,4,3,4,4,0,0.0,satisfied
92302,Female,Loyal Customer,30,Business travel,Business,2615,1,5,5,5,1,1,1,2,2,3,4,1,3,1,47,41.0,neutral or dissatisfied
13879,Female,Loyal Customer,30,Business travel,Business,578,2,4,4,4,2,2,2,2,4,3,1,2,1,2,0,5.0,neutral or dissatisfied
93152,Female,Loyal Customer,13,Business travel,Eco,1075,3,1,1,1,3,3,2,3,2,4,3,2,4,3,0,2.0,neutral or dissatisfied
21638,Female,Loyal Customer,41,Personal Travel,Eco,780,3,1,3,3,1,3,1,1,2,2,3,1,3,1,121,111.0,neutral or dissatisfied
127003,Female,Loyal Customer,49,Business travel,Business,3767,5,5,5,5,4,4,4,3,3,3,3,3,3,5,0,0.0,satisfied
74756,Female,Loyal Customer,32,Personal Travel,Eco,1205,2,2,2,2,3,2,3,3,2,5,3,4,3,3,0,0.0,neutral or dissatisfied
34612,Male,Loyal Customer,66,Personal Travel,Eco,1598,1,4,1,3,2,1,2,2,4,2,4,5,5,2,120,97.0,neutral or dissatisfied
84767,Male,Loyal Customer,60,Business travel,Business,547,3,3,3,3,2,4,4,4,4,4,4,4,4,4,5,0.0,satisfied
84755,Male,Loyal Customer,29,Business travel,Business,2615,5,5,5,5,4,4,4,4,5,4,4,4,5,4,12,7.0,satisfied
28526,Female,disloyal Customer,23,Business travel,Eco,1316,1,1,1,3,5,1,5,5,5,4,3,1,4,5,5,0.0,neutral or dissatisfied
98000,Male,Loyal Customer,29,Business travel,Eco Plus,612,3,5,5,5,3,3,3,3,2,2,3,3,3,3,31,36.0,neutral or dissatisfied
59803,Female,Loyal Customer,41,Business travel,Business,1065,5,5,5,5,4,5,5,5,5,5,5,3,5,3,50,17.0,satisfied
111445,Female,Loyal Customer,31,Business travel,Business,836,4,5,5,5,4,4,4,4,4,5,3,3,3,4,0,0.0,neutral or dissatisfied
58109,Female,Loyal Customer,13,Personal Travel,Eco,612,2,3,3,3,1,3,1,1,2,4,3,1,3,1,73,61.0,neutral or dissatisfied
109073,Male,Loyal Customer,17,Personal Travel,Eco,849,4,4,4,4,4,4,4,4,5,4,5,4,5,4,12,11.0,satisfied
78052,Male,Loyal Customer,29,Personal Travel,Eco,214,2,3,2,1,4,2,4,4,4,5,3,2,1,4,0,0.0,neutral or dissatisfied
10245,Female,Loyal Customer,65,Personal Travel,Business,482,3,2,3,3,4,4,3,2,2,3,2,2,2,3,0,0.0,neutral or dissatisfied
29258,Female,Loyal Customer,27,Business travel,Business,3160,3,2,3,3,5,5,5,5,2,3,3,1,2,5,0,8.0,satisfied
98421,Female,disloyal Customer,22,Business travel,Business,2176,0,2,0,1,0,3,5,4,3,4,5,5,5,5,1,0.0,satisfied
91110,Female,Loyal Customer,57,Personal Travel,Eco,404,3,5,3,2,4,4,5,5,5,3,5,4,5,5,0,0.0,neutral or dissatisfied
81951,Male,Loyal Customer,45,Business travel,Business,1532,3,3,3,3,4,5,4,3,3,3,3,4,3,3,0,0.0,satisfied
73596,Female,Loyal Customer,46,Business travel,Business,192,1,1,1,1,4,4,5,4,4,4,4,4,4,3,0,0.0,satisfied
16065,Female,disloyal Customer,14,Business travel,Eco,501,4,2,4,3,4,4,5,4,3,2,3,2,4,4,0,8.0,neutral or dissatisfied
93268,Female,disloyal Customer,20,Business travel,Eco,806,2,2,2,2,4,2,4,4,4,4,5,5,4,4,7,5.0,neutral or dissatisfied
73846,Male,Loyal Customer,55,Business travel,Business,1709,3,3,5,3,3,4,4,4,4,4,4,4,4,4,28,34.0,satisfied
38209,Male,Loyal Customer,33,Business travel,Eco Plus,1237,4,3,3,3,4,4,4,4,2,3,1,1,5,4,0,5.0,satisfied
80754,Male,Loyal Customer,18,Business travel,Eco Plus,448,2,2,5,2,2,3,3,2,1,5,4,4,3,2,0,2.0,neutral or dissatisfied
126450,Male,Loyal Customer,47,Business travel,Business,3847,0,0,0,1,2,4,4,5,5,5,5,4,5,4,0,0.0,satisfied
65532,Female,Loyal Customer,49,Personal Travel,Eco,1616,1,5,2,4,2,4,5,1,1,2,1,5,1,3,0,24.0,neutral or dissatisfied
115838,Male,disloyal Customer,59,Business travel,Eco,337,4,0,4,4,1,4,1,1,5,2,3,3,2,1,2,5.0,neutral or dissatisfied
88285,Female,Loyal Customer,28,Business travel,Business,2033,2,4,4,4,2,2,2,2,2,1,4,2,3,2,0,0.0,neutral or dissatisfied
77365,Male,Loyal Customer,22,Business travel,Eco,590,2,5,3,5,2,4,2,4,2,4,3,2,3,2,163,170.0,neutral or dissatisfied
34519,Male,Loyal Customer,21,Personal Travel,Eco,1521,1,3,1,2,5,1,5,5,3,2,1,3,5,5,0,8.0,neutral or dissatisfied
92181,Female,disloyal Customer,39,Business travel,Business,1979,2,2,2,1,2,2,2,2,4,3,4,3,5,2,0,2.0,neutral or dissatisfied
65116,Female,Loyal Customer,34,Personal Travel,Eco,190,3,4,3,3,2,3,2,2,1,2,3,4,4,2,124,128.0,neutral or dissatisfied
120867,Male,disloyal Customer,37,Business travel,Business,861,5,5,5,3,1,5,1,1,4,4,5,4,4,1,65,53.0,satisfied
2560,Male,Loyal Customer,64,Business travel,Eco,227,2,3,5,3,2,2,2,2,2,2,3,4,3,2,0,0.0,neutral or dissatisfied
118945,Female,Loyal Customer,52,Business travel,Business,682,2,5,5,5,4,2,3,2,2,2,2,1,2,4,0,0.0,neutral or dissatisfied
26237,Male,Loyal Customer,67,Personal Travel,Eco,515,3,4,3,3,3,3,3,3,5,5,5,5,5,3,0,0.0,neutral or dissatisfied
35884,Female,Loyal Customer,60,Personal Travel,Eco,1065,2,5,3,2,3,5,5,2,2,3,2,4,2,4,4,5.0,neutral or dissatisfied
100024,Male,Loyal Customer,52,Business travel,Eco,281,2,2,2,2,1,2,1,1,2,4,3,1,3,1,32,24.0,neutral or dissatisfied
105821,Male,Loyal Customer,45,Personal Travel,Eco,925,2,1,2,2,4,2,4,4,1,4,2,1,2,4,0,11.0,neutral or dissatisfied
101508,Male,Loyal Customer,45,Business travel,Business,1984,2,2,2,2,1,3,4,2,2,2,2,4,2,2,40,36.0,neutral or dissatisfied
9793,Male,Loyal Customer,39,Business travel,Business,2967,2,2,2,2,3,5,5,4,4,4,4,3,4,4,0,0.0,satisfied
56061,Female,Loyal Customer,64,Personal Travel,Eco,2475,3,5,3,1,3,1,1,5,4,5,1,1,1,1,0,0.0,neutral or dissatisfied
23648,Female,Loyal Customer,49,Business travel,Business,251,2,3,4,3,2,2,2,2,2,4,3,2,3,2,141,143.0,neutral or dissatisfied
82000,Male,Loyal Customer,39,Business travel,Business,1589,2,2,2,2,3,3,5,4,4,5,4,3,4,5,2,0.0,satisfied
11361,Female,Loyal Customer,24,Personal Travel,Eco,301,3,5,3,4,2,3,2,2,4,5,4,4,5,2,0,0.0,neutral or dissatisfied
81105,Female,Loyal Customer,33,Business travel,Business,991,3,4,3,3,5,5,5,5,5,5,5,3,5,5,0,0.0,satisfied
75007,Female,Loyal Customer,60,Business travel,Business,236,3,3,3,3,2,4,4,5,5,5,5,4,5,5,0,0.0,satisfied
86374,Male,Loyal Customer,57,Business travel,Business,762,2,3,2,2,5,4,5,4,4,4,4,4,4,5,0,0.0,satisfied
23752,Female,disloyal Customer,43,Business travel,Eco,1048,2,2,2,4,5,2,1,5,1,3,3,2,2,5,0,0.0,neutral or dissatisfied
117288,Female,disloyal Customer,27,Business travel,Business,304,0,0,0,1,3,0,5,3,5,5,5,3,4,3,9,0.0,satisfied
87250,Female,Loyal Customer,46,Business travel,Business,2624,1,2,1,1,4,5,4,4,4,4,4,4,4,5,0,0.0,satisfied
19202,Male,Loyal Customer,70,Personal Travel,Eco,542,2,3,2,4,3,2,3,3,1,3,5,4,4,3,0,0.0,neutral or dissatisfied
73921,Female,Loyal Customer,25,Business travel,Business,2342,2,2,4,2,4,4,4,3,2,4,4,4,5,4,0,9.0,satisfied
12561,Female,Loyal Customer,70,Personal Travel,Eco,871,5,4,5,3,1,4,2,4,4,5,2,1,4,2,0,0.0,satisfied
19785,Male,Loyal Customer,25,Business travel,Business,667,2,3,3,3,2,2,2,2,4,2,2,3,2,2,73,55.0,neutral or dissatisfied
56166,Male,Loyal Customer,37,Business travel,Eco,1400,4,2,4,2,4,3,4,4,4,2,3,3,3,4,1,0.0,neutral or dissatisfied
95597,Male,Loyal Customer,26,Business travel,Business,670,3,3,3,3,3,3,3,3,1,5,3,2,2,3,0,0.0,neutral or dissatisfied
26595,Female,Loyal Customer,49,Business travel,Business,515,1,1,1,1,1,1,4,4,4,4,4,2,4,4,0,0.0,satisfied
43381,Female,Loyal Customer,46,Personal Travel,Eco,436,3,5,3,3,4,5,5,3,3,3,3,4,3,4,0,0.0,neutral or dissatisfied
126737,Female,Loyal Customer,32,Business travel,Eco,2402,0,0,0,4,3,0,3,3,5,2,2,3,4,3,25,36.0,satisfied
38147,Female,Loyal Customer,66,Personal Travel,Eco,1185,2,5,2,2,2,4,4,1,1,2,1,5,1,3,0,0.0,neutral or dissatisfied
122618,Male,Loyal Customer,12,Personal Travel,Eco,728,2,3,2,3,4,2,4,4,3,5,4,1,3,4,0,0.0,neutral or dissatisfied
115169,Male,disloyal Customer,20,Business travel,Eco,417,1,3,1,3,2,1,2,2,1,3,3,3,3,2,0,0.0,neutral or dissatisfied
80187,Male,Loyal Customer,35,Personal Travel,Eco,2586,2,5,1,4,1,3,3,3,2,5,4,3,5,3,0,0.0,neutral or dissatisfied
21854,Female,Loyal Customer,48,Business travel,Eco,448,4,4,4,4,4,3,3,4,4,4,4,4,4,4,0,0.0,satisfied
22355,Female,Loyal Customer,36,Business travel,Business,2196,2,2,1,2,2,3,4,3,3,3,2,2,3,4,0,0.0,neutral or dissatisfied
83510,Female,Loyal Customer,61,Personal Travel,Eco,946,2,4,2,3,1,4,4,5,5,2,5,4,5,1,3,36.0,neutral or dissatisfied
33549,Male,Loyal Customer,43,Business travel,Business,3792,3,3,3,3,1,1,3,3,3,3,3,3,3,4,0,0.0,satisfied
66758,Male,Loyal Customer,36,Personal Travel,Eco,978,5,4,5,3,4,5,4,4,3,2,4,3,4,4,0,0.0,satisfied
94460,Male,Loyal Customer,36,Business travel,Business,1689,3,1,1,1,2,2,3,4,4,4,3,2,4,3,0,4.0,neutral or dissatisfied
11051,Female,Loyal Customer,34,Personal Travel,Eco,216,3,0,3,1,3,3,3,3,5,4,5,4,1,3,0,8.0,neutral or dissatisfied
127025,Female,disloyal Customer,27,Business travel,Business,647,2,2,2,5,5,2,5,5,4,5,5,4,4,5,0,0.0,neutral or dissatisfied
111829,Female,Loyal Customer,56,Business travel,Business,1605,1,1,3,1,5,5,5,5,5,4,4,5,5,5,190,206.0,satisfied
44140,Female,disloyal Customer,35,Business travel,Eco,98,3,5,3,4,4,3,4,4,2,4,2,1,2,4,0,0.0,neutral or dissatisfied
8535,Female,Loyal Customer,51,Business travel,Business,109,5,5,5,5,3,4,4,4,4,4,5,4,4,5,122,121.0,satisfied
5526,Female,Loyal Customer,67,Business travel,Eco,404,2,2,2,2,3,3,4,2,2,2,2,2,2,4,0,0.0,neutral or dissatisfied
839,Female,Loyal Customer,45,Business travel,Business,2708,2,5,5,5,5,3,3,2,2,3,2,2,2,1,4,0.0,neutral or dissatisfied
52716,Male,Loyal Customer,55,Business travel,Eco Plus,1162,5,3,3,3,5,5,5,5,4,5,1,3,2,5,0,0.0,satisfied
30047,Male,Loyal Customer,32,Business travel,Business,82,2,2,2,2,5,5,3,5,1,5,5,5,1,5,0,0.0,satisfied
114023,Female,Loyal Customer,25,Business travel,Business,1855,3,3,3,3,5,4,5,5,3,4,3,3,4,5,21,0.0,satisfied
91939,Female,Loyal Customer,19,Business travel,Business,2475,4,4,4,4,4,4,4,4,5,4,1,3,4,4,0,0.0,satisfied
129394,Male,Loyal Customer,60,Business travel,Business,236,5,5,5,5,4,5,4,5,5,5,5,4,5,4,0,0.0,satisfied
43333,Male,Loyal Customer,56,Business travel,Business,1679,2,5,5,5,2,3,4,2,2,1,2,3,2,1,0,0.0,neutral or dissatisfied
20609,Female,Loyal Customer,43,Business travel,Eco,864,5,2,2,2,3,3,5,5,5,5,5,5,5,1,106,109.0,satisfied
116329,Female,Loyal Customer,41,Personal Travel,Eco,358,4,4,4,4,5,4,1,5,1,2,4,5,5,5,9,0.0,satisfied
74526,Female,disloyal Customer,28,Business travel,Business,1438,3,3,3,2,3,3,3,3,3,3,4,3,4,3,0,0.0,neutral or dissatisfied
84754,Male,disloyal Customer,52,Business travel,Business,547,3,3,3,4,4,3,4,4,4,5,5,4,5,4,0,0.0,satisfied
126790,Female,disloyal Customer,31,Business travel,Business,2077,3,3,3,3,4,3,4,4,5,3,5,4,4,4,0,0.0,neutral or dissatisfied
108718,Male,disloyal Customer,10,Business travel,Business,591,1,4,1,4,1,1,1,1,2,5,4,4,4,1,44,57.0,neutral or dissatisfied
62137,Female,Loyal Customer,47,Business travel,Business,2454,1,1,4,1,5,5,5,3,3,3,3,3,3,5,0,0.0,satisfied
67571,Female,Loyal Customer,24,Business travel,Business,1464,5,5,5,5,4,5,4,4,4,3,5,4,5,4,38,35.0,satisfied
29834,Male,disloyal Customer,24,Business travel,Eco,261,2,3,2,3,3,2,1,3,3,5,2,4,3,3,0,0.0,neutral or dissatisfied
121275,Male,Loyal Customer,53,Business travel,Business,2075,1,1,1,1,3,5,4,5,5,5,5,3,5,3,0,0.0,satisfied
89426,Female,Loyal Customer,23,Business travel,Eco,134,4,5,5,5,4,4,3,4,3,3,5,1,1,4,0,0.0,satisfied
128464,Male,Loyal Customer,8,Personal Travel,Eco,325,4,4,4,5,2,4,2,2,1,1,1,5,2,2,3,11.0,satisfied
30269,Female,Loyal Customer,50,Business travel,Business,1024,3,3,3,3,5,4,3,4,4,4,4,1,4,1,9,0.0,satisfied
116065,Male,Loyal Customer,52,Personal Travel,Eco,417,2,3,2,1,2,2,2,2,3,4,4,4,3,2,0,0.0,neutral or dissatisfied
91400,Male,Loyal Customer,16,Personal Travel,Eco,2342,3,3,2,3,3,2,3,3,3,4,2,2,3,3,40,34.0,neutral or dissatisfied
40496,Male,Loyal Customer,27,Personal Travel,Eco,290,2,5,2,5,5,2,5,5,4,5,5,4,5,5,0,0.0,neutral or dissatisfied
46039,Female,Loyal Customer,48,Business travel,Business,3889,5,5,5,5,4,5,4,5,5,5,5,4,5,5,0,11.0,satisfied
9255,Male,Loyal Customer,28,Personal Travel,Eco,177,2,4,2,1,2,2,5,2,5,4,5,4,4,2,0,0.0,neutral or dissatisfied
261,Female,Loyal Customer,61,Personal Travel,Eco,612,2,4,3,4,1,1,2,2,2,3,2,3,2,4,6,6.0,neutral or dissatisfied
107910,Male,disloyal Customer,26,Business travel,Eco,861,3,4,4,4,4,1,1,1,2,3,3,1,3,1,201,195.0,neutral or dissatisfied
33109,Male,Loyal Customer,38,Personal Travel,Eco,101,2,5,0,5,1,0,1,1,3,4,5,3,4,1,0,0.0,neutral or dissatisfied
22246,Male,Loyal Customer,25,Business travel,Business,208,3,3,3,3,5,5,4,5,3,5,3,1,1,5,0,0.0,satisfied
110906,Male,Loyal Customer,46,Business travel,Eco,406,2,3,3,3,2,2,2,2,2,3,3,1,2,2,0,0.0,neutral or dissatisfied
92421,Female,Loyal Customer,55,Business travel,Business,1892,4,4,4,4,4,4,4,4,4,4,4,5,4,5,1,2.0,satisfied
63577,Female,Loyal Customer,47,Business travel,Business,2133,2,4,4,4,3,3,3,2,2,3,2,4,2,1,26,0.0,neutral or dissatisfied
4768,Male,Loyal Customer,47,Business travel,Business,3602,1,1,1,1,5,4,4,5,5,5,5,4,5,5,1,0.0,satisfied
80606,Male,Loyal Customer,38,Business travel,Business,2403,2,2,2,2,5,4,4,3,3,4,3,3,3,3,0,0.0,satisfied
116861,Female,Loyal Customer,40,Business travel,Business,3644,1,1,1,1,5,4,4,3,3,3,3,4,3,3,0,0.0,satisfied
11648,Female,Loyal Customer,49,Business travel,Business,3470,5,5,5,5,2,5,5,4,4,4,4,3,4,3,0,0.0,satisfied
125796,Male,Loyal Customer,58,Business travel,Business,2316,1,1,1,1,4,4,5,5,5,5,5,5,5,3,0,0.0,satisfied
76423,Female,disloyal Customer,40,Business travel,Business,405,2,2,2,4,3,2,3,3,5,2,5,5,4,3,0,0.0,neutral or dissatisfied
80922,Male,disloyal Customer,34,Business travel,Business,341,1,1,1,3,5,1,4,5,4,5,4,5,4,5,0,0.0,neutral or dissatisfied
32684,Female,disloyal Customer,57,Business travel,Eco,101,2,0,2,5,5,2,5,5,4,4,3,4,3,5,0,0.0,neutral or dissatisfied
116551,Female,Loyal Customer,51,Personal Travel,Eco,362,3,5,4,5,2,4,4,1,1,4,1,3,1,5,15,11.0,neutral or dissatisfied
104321,Female,Loyal Customer,53,Business travel,Business,3536,1,1,1,1,4,4,4,4,2,4,5,4,5,4,352,335.0,satisfied
85950,Male,Loyal Customer,54,Business travel,Business,554,3,3,3,3,2,5,4,3,3,3,3,4,3,5,3,0.0,satisfied
66520,Female,disloyal Customer,20,Business travel,Business,447,5,4,5,2,5,5,5,5,5,2,5,5,4,5,4,11.0,satisfied
71654,Male,Loyal Customer,33,Personal Travel,Eco,1005,1,5,1,5,1,1,1,1,5,3,5,5,5,1,6,0.0,neutral or dissatisfied
91132,Male,Loyal Customer,22,Personal Travel,Eco,270,2,0,2,3,1,2,1,1,5,3,4,4,4,1,0,0.0,neutral or dissatisfied
20078,Male,Loyal Customer,27,Business travel,Eco Plus,738,4,1,1,1,4,4,4,4,4,3,2,4,4,4,96,90.0,satisfied
69900,Male,Loyal Customer,34,Business travel,Business,1671,3,3,3,3,4,5,5,5,5,5,5,3,5,3,0,0.0,satisfied
36092,Male,Loyal Customer,65,Personal Travel,Eco,474,2,4,2,3,4,2,4,4,4,2,5,5,1,4,0,0.0,neutral or dissatisfied
19404,Male,Loyal Customer,15,Personal Travel,Eco Plus,261,3,5,3,2,4,3,4,4,3,1,4,4,5,4,0,0.0,neutral or dissatisfied
19138,Female,Loyal Customer,36,Business travel,Eco Plus,323,5,1,1,1,5,5,5,5,2,1,5,5,4,5,0,0.0,satisfied
7187,Female,disloyal Customer,36,Business travel,Eco,139,4,3,4,3,3,4,3,3,1,4,4,1,4,3,0,0.0,neutral or dissatisfied
61383,Male,Loyal Customer,55,Business travel,Business,679,3,3,5,3,2,5,5,4,4,4,4,4,4,3,0,0.0,satisfied
124008,Male,Loyal Customer,32,Business travel,Business,184,4,1,1,1,3,3,4,3,3,3,3,3,4,3,0,0.0,neutral or dissatisfied
82728,Female,Loyal Customer,43,Business travel,Business,1759,2,2,2,2,5,4,5,5,5,5,5,3,5,5,106,110.0,satisfied
4088,Male,Loyal Customer,66,Personal Travel,Business,431,4,5,4,1,2,4,4,3,3,4,1,5,3,5,0,0.0,satisfied
45115,Male,disloyal Customer,30,Business travel,Eco,157,3,3,3,4,3,3,3,3,1,1,4,1,3,3,0,0.0,neutral or dissatisfied
92659,Female,Loyal Customer,19,Personal Travel,Eco,453,3,3,3,3,1,3,1,1,3,2,4,2,4,1,0,0.0,neutral or dissatisfied
52282,Female,disloyal Customer,26,Business travel,Eco,451,2,5,2,3,2,2,4,2,3,5,3,2,2,2,5,3.0,neutral or dissatisfied
44367,Male,Loyal Customer,57,Personal Travel,Eco,596,2,5,2,3,2,2,2,2,4,4,5,5,3,2,0,0.0,neutral or dissatisfied
47223,Male,Loyal Customer,8,Personal Travel,Eco,748,4,1,4,1,3,4,3,3,3,5,1,3,1,3,23,19.0,neutral or dissatisfied
124833,Female,Loyal Customer,11,Personal Travel,Eco,280,1,3,2,4,2,2,2,2,2,3,1,2,5,2,0,27.0,neutral or dissatisfied
67858,Female,Loyal Customer,37,Personal Travel,Eco,1171,2,5,2,2,4,2,4,4,5,5,3,3,5,4,0,0.0,neutral or dissatisfied
9921,Male,disloyal Customer,21,Business travel,Eco,515,3,4,3,3,3,3,3,3,1,4,4,2,4,3,16,12.0,neutral or dissatisfied
26326,Female,Loyal Customer,16,Personal Travel,Eco,892,1,5,1,3,3,1,3,3,5,2,4,3,4,3,0,0.0,neutral or dissatisfied
117886,Female,disloyal Customer,38,Business travel,Business,255,1,1,1,2,4,1,4,4,3,5,5,3,5,4,0,8.0,neutral or dissatisfied
95582,Male,disloyal Customer,20,Business travel,Eco,670,4,4,4,3,4,4,3,4,3,2,4,5,5,4,0,0.0,satisfied
80944,Male,Loyal Customer,11,Personal Travel,Eco,341,1,5,1,2,4,1,4,4,4,5,4,4,4,4,0,0.0,neutral or dissatisfied
5057,Male,Loyal Customer,66,Business travel,Business,3559,2,2,2,2,2,4,3,3,3,3,2,4,3,2,0,14.0,neutral or dissatisfied
47124,Female,Loyal Customer,21,Business travel,Business,3668,5,5,4,5,5,5,5,5,3,2,4,5,4,5,2,0.0,satisfied
8934,Female,Loyal Customer,70,Business travel,Business,2478,3,3,3,3,5,4,5,5,5,4,5,3,5,5,0,7.0,satisfied
114155,Female,Loyal Customer,53,Business travel,Business,3690,4,4,4,4,4,5,4,4,4,4,4,5,4,5,68,59.0,satisfied
99350,Female,Loyal Customer,16,Business travel,Business,1771,1,1,5,1,1,1,1,1,3,4,4,4,4,1,0,15.0,neutral or dissatisfied
17623,Female,Loyal Customer,30,Personal Travel,Eco,622,1,4,1,3,5,1,4,5,3,2,5,5,1,5,0,0.0,neutral or dissatisfied
52560,Female,Loyal Customer,38,Business travel,Eco,160,4,5,3,5,4,4,4,4,2,3,4,5,3,4,0,2.0,satisfied
119725,Male,Loyal Customer,42,Business travel,Eco,1303,1,1,1,1,1,1,1,1,3,2,4,4,3,1,0,0.0,neutral or dissatisfied
5135,Male,Loyal Customer,56,Business travel,Business,184,0,4,0,3,4,5,4,4,4,4,4,5,4,3,0,0.0,satisfied
62067,Female,Loyal Customer,45,Personal Travel,Eco,2475,3,4,3,5,4,4,5,4,4,3,4,5,4,5,0,4.0,neutral or dissatisfied
81511,Male,Loyal Customer,20,Personal Travel,Eco Plus,528,3,3,3,1,3,3,2,3,3,2,5,3,3,3,0,0.0,neutral or dissatisfied
17508,Male,Loyal Customer,49,Business travel,Eco,352,4,2,2,2,4,4,4,4,1,3,3,3,4,4,0,0.0,satisfied
81189,Female,Loyal Customer,63,Personal Travel,Eco,726,4,5,4,3,4,3,3,1,1,4,1,2,1,3,0,0.0,neutral or dissatisfied
99532,Male,Loyal Customer,43,Personal Travel,Business,829,3,4,3,1,3,4,4,4,4,3,4,5,4,4,1,8.0,neutral or dissatisfied
124048,Female,Loyal Customer,26,Personal Travel,Eco Plus,184,1,4,1,2,5,1,5,5,3,2,4,4,4,5,0,0.0,neutral or dissatisfied
120418,Male,Loyal Customer,33,Business travel,Business,366,4,4,2,4,5,5,5,5,4,3,4,3,4,5,0,0.0,satisfied
28158,Female,disloyal Customer,37,Business travel,Eco,434,3,0,4,2,4,4,4,4,3,2,4,5,5,4,0,0.0,neutral or dissatisfied
44202,Female,Loyal Customer,64,Personal Travel,Eco,157,2,2,2,3,5,4,4,2,2,2,2,3,2,4,0,1.0,neutral or dissatisfied
40650,Male,Loyal Customer,48,Business travel,Business,532,1,1,1,1,2,5,5,5,5,4,5,3,5,3,0,0.0,satisfied
14888,Male,disloyal Customer,23,Business travel,Eco,296,5,4,5,3,2,5,1,2,4,3,3,2,1,2,0,0.0,satisfied
78928,Female,Loyal Customer,53,Business travel,Business,500,4,4,4,4,5,4,5,3,3,3,3,5,3,4,0,0.0,satisfied
83909,Female,Loyal Customer,41,Business travel,Business,2328,3,3,4,3,5,4,3,3,3,3,3,1,3,3,0,0.0,neutral or dissatisfied
24111,Male,disloyal Customer,13,Business travel,Eco,584,2,2,2,2,5,2,5,5,2,5,3,2,3,5,0,0.0,neutral or dissatisfied
110178,Female,Loyal Customer,40,Personal Travel,Eco,882,2,2,1,4,2,1,2,2,4,2,3,2,3,2,0,0.0,neutral or dissatisfied
50464,Male,disloyal Customer,80,Business travel,Eco,337,3,0,4,4,3,4,3,3,2,5,4,4,2,3,0,0.0,neutral or dissatisfied
24214,Female,Loyal Customer,27,Business travel,Business,3374,0,4,0,5,5,5,5,5,3,3,1,4,2,5,0,0.0,satisfied
98732,Female,Loyal Customer,35,Business travel,Business,2746,1,1,1,1,2,5,4,5,5,4,5,3,5,5,0,0.0,satisfied
18927,Female,Loyal Customer,41,Personal Travel,Eco,551,3,5,3,3,2,3,2,2,4,2,4,5,1,2,0,0.0,neutral or dissatisfied
106356,Female,Loyal Customer,60,Business travel,Business,488,4,4,4,4,2,5,5,4,4,5,4,3,4,4,0,0.0,satisfied
108504,Male,Loyal Customer,43,Personal Travel,Eco,287,2,1,3,2,4,3,5,4,3,5,2,3,2,4,9,8.0,neutral or dissatisfied
26713,Male,Loyal Customer,47,Personal Travel,Eco,404,2,5,2,2,5,2,2,5,3,4,5,4,4,5,0,0.0,neutral or dissatisfied
71491,Female,disloyal Customer,27,Business travel,Business,1182,2,2,2,4,5,2,5,5,3,3,5,3,4,5,15,1.0,neutral or dissatisfied
125664,Male,Loyal Customer,25,Business travel,Business,1846,4,4,4,4,5,5,5,5,4,4,4,5,4,5,4,0.0,satisfied
74142,Female,Loyal Customer,56,Business travel,Eco,641,2,3,4,4,2,4,4,2,2,2,2,1,2,4,0,0.0,neutral or dissatisfied
116917,Male,Loyal Customer,54,Business travel,Business,370,2,2,2,2,4,5,5,4,4,4,4,4,4,5,22,16.0,satisfied
11222,Male,Loyal Customer,64,Personal Travel,Eco,301,1,4,1,2,5,1,5,5,3,3,4,5,4,5,0,0.0,neutral or dissatisfied
86529,Female,Loyal Customer,39,Personal Travel,Eco,762,3,3,3,4,2,3,2,2,3,2,4,3,3,2,10,4.0,neutral or dissatisfied
59820,Female,Loyal Customer,14,Personal Travel,Business,1065,2,5,2,4,2,2,2,2,5,3,4,3,5,2,66,36.0,neutral or dissatisfied
5193,Female,disloyal Customer,36,Business travel,Business,190,3,2,2,4,2,2,2,2,3,2,5,4,4,2,3,0.0,neutral or dissatisfied
118099,Female,Loyal Customer,34,Business travel,Business,1999,4,4,4,4,4,4,4,5,5,5,5,5,5,5,0,0.0,satisfied
38675,Female,Loyal Customer,36,Personal Travel,Eco,2611,2,2,2,3,2,2,3,2,2,3,2,4,2,2,11,9.0,neutral or dissatisfied
123663,Male,Loyal Customer,47,Business travel,Business,214,2,2,2,2,5,5,4,4,4,4,5,3,4,5,0,0.0,satisfied
14678,Male,Loyal Customer,55,Personal Travel,Eco,430,5,4,3,4,4,3,4,4,4,4,5,4,5,4,0,0.0,satisfied
38537,Female,disloyal Customer,25,Business travel,Eco,1446,3,3,3,3,2,3,2,2,4,3,2,4,4,2,35,6.0,neutral or dissatisfied
19216,Female,Loyal Customer,25,Business travel,Business,459,3,1,1,1,3,4,3,3,4,2,2,3,2,3,0,32.0,neutral or dissatisfied
128030,Female,Loyal Customer,51,Business travel,Business,1440,3,3,3,3,5,5,4,4,4,4,4,4,4,4,0,0.0,satisfied
673,Female,Loyal Customer,39,Business travel,Business,2929,4,4,2,4,2,4,5,4,4,5,4,3,4,5,0,0.0,satisfied
41110,Female,disloyal Customer,21,Business travel,Eco,667,2,3,2,4,1,2,1,1,1,2,3,2,3,1,19,22.0,neutral or dissatisfied
60581,Male,Loyal Customer,50,Business travel,Business,2256,4,1,1,1,4,2,2,4,4,4,4,1,4,3,4,0.0,neutral or dissatisfied
79564,Female,Loyal Customer,50,Business travel,Business,762,3,3,3,3,5,5,5,3,3,5,5,5,5,5,138,120.0,satisfied
86654,Male,Loyal Customer,53,Personal Travel,Eco,746,2,3,2,5,4,2,4,4,3,1,5,2,4,4,0,0.0,neutral or dissatisfied
91339,Male,Loyal Customer,7,Personal Travel,Eco Plus,581,5,5,5,3,4,5,4,4,3,3,5,5,4,4,0,0.0,satisfied
16038,Female,Loyal Customer,35,Business travel,Eco Plus,853,4,4,4,4,4,5,4,4,3,4,4,2,5,4,0,10.0,satisfied
1716,Male,Loyal Customer,49,Business travel,Business,3101,3,2,2,2,3,4,4,3,3,3,3,3,3,4,0,0.0,neutral or dissatisfied
122793,Female,Loyal Customer,52,Business travel,Business,599,4,4,4,4,2,5,5,5,5,5,5,4,5,5,1,0.0,satisfied
82859,Female,Loyal Customer,41,Business travel,Business,1951,2,2,2,2,5,4,4,4,4,5,4,5,4,5,2,3.0,satisfied
22483,Male,Loyal Customer,51,Personal Travel,Eco,83,5,5,0,4,3,0,3,3,3,5,3,3,5,3,0,0.0,satisfied
36571,Male,Loyal Customer,43,Business travel,Eco,1121,4,2,5,2,4,4,4,4,3,3,4,1,4,4,55,104.0,satisfied
7046,Female,Loyal Customer,31,Personal Travel,Eco Plus,196,2,3,2,2,1,2,1,1,3,1,1,3,3,1,0,0.0,neutral or dissatisfied
8257,Female,Loyal Customer,48,Personal Travel,Eco,125,3,5,0,3,5,4,4,5,5,0,5,5,5,4,0,0.0,neutral or dissatisfied
35108,Male,disloyal Customer,27,Business travel,Eco,944,2,2,2,3,3,2,3,3,1,4,5,2,4,3,0,0.0,neutral or dissatisfied
110346,Female,Loyal Customer,42,Business travel,Business,2232,2,2,2,2,2,5,4,5,5,5,5,5,5,5,10,7.0,satisfied
57290,Male,Loyal Customer,46,Business travel,Eco Plus,228,2,2,2,2,2,2,2,2,2,3,3,3,3,2,13,17.0,neutral or dissatisfied
29706,Female,Loyal Customer,69,Personal Travel,Eco,1542,4,5,4,2,3,4,5,5,5,4,5,5,5,4,0,0.0,neutral or dissatisfied
86932,Male,disloyal Customer,25,Business travel,Business,352,0,2,0,2,4,0,4,4,5,5,4,3,4,4,0,0.0,satisfied
77604,Male,Loyal Customer,24,Business travel,Business,2980,2,2,2,2,4,4,4,4,3,2,5,3,4,4,0,0.0,satisfied
110720,Male,Loyal Customer,52,Business travel,Business,2628,2,2,2,2,3,4,4,4,4,4,4,3,4,3,36,40.0,satisfied
55754,Female,Loyal Customer,9,Personal Travel,Eco,1737,0,5,1,3,5,1,5,5,3,2,4,4,1,5,7,0.0,satisfied
122424,Male,Loyal Customer,45,Business travel,Business,1916,2,2,2,2,2,3,5,5,5,5,5,4,5,3,0,0.0,satisfied
13193,Female,disloyal Customer,33,Business travel,Eco,419,2,1,2,3,1,2,1,1,1,4,4,1,3,1,0,0.0,neutral or dissatisfied
123587,Female,Loyal Customer,13,Personal Travel,Eco,1773,3,3,4,2,5,4,1,5,1,5,5,2,2,5,11,0.0,neutral or dissatisfied
85651,Male,Loyal Customer,61,Personal Travel,Eco Plus,192,3,4,3,1,3,3,3,3,3,5,5,5,4,3,34,21.0,neutral or dissatisfied
87199,Female,Loyal Customer,51,Business travel,Business,946,1,1,1,1,4,4,4,5,5,5,5,5,5,4,0,0.0,satisfied
69046,Female,Loyal Customer,60,Business travel,Business,1389,4,4,4,4,5,5,4,4,4,4,4,4,4,4,0,8.0,satisfied
100958,Male,disloyal Customer,17,Business travel,Eco,1204,2,2,2,4,3,2,3,3,3,1,3,1,3,3,22,27.0,neutral or dissatisfied
6044,Female,Loyal Customer,34,Business travel,Business,693,1,1,1,1,3,1,2,5,5,5,5,2,5,4,0,0.0,satisfied
113463,Female,disloyal Customer,17,Business travel,Eco,197,0,4,0,3,5,0,4,5,4,4,4,3,4,5,0,0.0,satisfied
26727,Female,Loyal Customer,40,Business travel,Eco Plus,515,5,3,3,3,5,5,5,3,5,4,4,5,2,5,160,154.0,satisfied
33046,Female,Loyal Customer,26,Personal Travel,Eco,101,2,5,2,3,3,2,3,3,3,3,4,5,5,3,0,1.0,neutral or dissatisfied
32260,Female,Loyal Customer,29,Business travel,Business,163,0,4,0,2,5,4,4,5,3,4,4,3,5,5,0,0.0,satisfied
6989,Male,Loyal Customer,40,Business travel,Business,1742,3,1,1,1,3,3,4,2,2,2,3,2,2,1,0,0.0,neutral or dissatisfied
71116,Male,Loyal Customer,43,Personal Travel,Eco,2072,3,4,3,1,3,3,3,4,2,3,4,3,3,3,188,178.0,neutral or dissatisfied
20976,Male,Loyal Customer,20,Personal Travel,Eco,851,1,5,1,5,2,1,1,2,3,3,4,5,4,2,66,60.0,neutral or dissatisfied
114541,Male,Loyal Customer,68,Personal Travel,Business,417,2,5,2,2,4,5,2,1,1,2,1,4,1,3,0,0.0,neutral or dissatisfied
78006,Male,Loyal Customer,77,Business travel,Business,2363,2,5,5,5,1,4,3,1,1,2,2,2,1,3,0,1.0,neutral or dissatisfied
106495,Male,Loyal Customer,39,Business travel,Business,495,5,5,5,5,2,5,4,5,5,5,5,3,5,5,0,0.0,satisfied
93131,Female,Loyal Customer,50,Business travel,Business,2574,2,5,5,5,4,3,4,2,2,2,2,4,2,4,4,12.0,neutral or dissatisfied
89090,Male,disloyal Customer,39,Business travel,Business,1103,5,5,5,2,5,5,5,5,4,5,4,3,5,5,21,25.0,satisfied
111293,Female,Loyal Customer,27,Personal Travel,Eco Plus,479,3,2,3,4,5,3,2,5,3,2,3,4,3,5,23,12.0,neutral or dissatisfied
103387,Female,Loyal Customer,38,Business travel,Business,2541,1,1,1,1,4,4,4,4,4,4,4,5,4,5,1,0.0,satisfied
91919,Male,Loyal Customer,35,Business travel,Business,2475,4,4,4,4,3,5,5,4,4,4,4,4,4,5,90,83.0,satisfied
84314,Female,Loyal Customer,51,Business travel,Business,591,2,2,2,2,2,4,5,5,5,5,5,5,5,3,42,28.0,satisfied
20434,Female,disloyal Customer,39,Business travel,Business,299,2,2,2,3,2,2,2,2,4,2,4,2,3,2,0,0.0,neutral or dissatisfied
79590,Female,Loyal Customer,48,Business travel,Business,1525,5,5,5,5,2,5,5,5,5,5,5,3,5,3,2,9.0,satisfied
27965,Female,Loyal Customer,29,Personal Travel,Eco,1774,1,4,1,3,2,1,2,2,4,3,4,4,5,2,0,0.0,neutral or dissatisfied
90575,Male,Loyal Customer,48,Business travel,Business,2263,3,3,3,3,4,4,5,5,5,5,5,5,5,4,32,21.0,satisfied
72221,Female,Loyal Customer,52,Personal Travel,Business,919,1,5,2,2,3,4,4,1,1,2,1,5,1,4,0,0.0,neutral or dissatisfied
119961,Male,Loyal Customer,47,Business travel,Eco,868,2,3,3,3,3,2,3,3,3,2,4,3,4,3,0,0.0,neutral or dissatisfied
63575,Female,Loyal Customer,51,Business travel,Business,2133,1,1,1,1,5,3,5,5,5,5,5,3,5,3,31,38.0,satisfied
19042,Female,Loyal Customer,58,Business travel,Business,304,5,5,3,5,2,3,4,4,4,4,4,4,4,3,0,0.0,satisfied
49199,Male,disloyal Customer,33,Business travel,Eco,110,1,1,1,4,5,1,5,5,1,1,3,3,4,5,0,0.0,neutral or dissatisfied
64625,Male,Loyal Customer,60,Business travel,Business,3821,0,0,0,3,5,4,4,5,5,3,3,3,5,5,5,0.0,satisfied
24156,Female,Loyal Customer,15,Business travel,Business,2633,2,5,4,4,3,4,2,3,2,3,3,4,3,3,0,0.0,neutral or dissatisfied
45905,Female,Loyal Customer,57,Business travel,Business,3634,1,3,2,3,5,2,2,1,1,2,1,1,1,2,3,0.0,neutral or dissatisfied
11765,Female,Loyal Customer,17,Personal Travel,Eco,395,4,1,4,2,3,4,3,3,4,1,2,4,2,3,0,0.0,satisfied
44020,Female,Loyal Customer,22,Personal Travel,Eco Plus,397,4,2,4,3,1,4,4,1,4,1,4,2,3,1,0,0.0,satisfied
15230,Male,Loyal Customer,39,Business travel,Business,3489,4,4,4,4,3,4,2,4,4,4,4,1,4,2,0,0.0,satisfied
110310,Female,Loyal Customer,32,Business travel,Business,919,5,5,5,5,5,5,5,5,3,4,5,4,5,5,0,0.0,satisfied
106929,Male,Loyal Customer,31,Business travel,Business,2511,4,4,4,4,4,4,4,4,4,4,4,4,5,4,6,2.0,satisfied
49743,Female,Loyal Customer,36,Business travel,Eco,373,5,3,3,3,5,5,5,5,5,5,5,1,3,5,0,7.0,satisfied
128785,Female,Loyal Customer,20,Personal Travel,Eco,2248,3,4,3,1,3,4,4,3,5,4,4,4,5,4,1,40.0,neutral or dissatisfied
69168,Female,Loyal Customer,59,Business travel,Business,1538,1,1,1,1,3,5,5,4,4,4,5,4,4,3,0,0.0,satisfied
98750,Female,Loyal Customer,62,Personal Travel,Eco,1290,2,5,2,3,5,3,5,2,2,2,2,3,2,3,20,21.0,neutral or dissatisfied
24284,Male,Loyal Customer,24,Personal Travel,Eco,147,2,1,0,2,5,0,5,5,4,4,3,1,2,5,1,0.0,neutral or dissatisfied
39883,Male,Loyal Customer,70,Personal Travel,Eco,272,4,5,4,3,2,4,2,2,5,4,4,5,5,2,0,0.0,neutral or dissatisfied
45847,Female,Loyal Customer,10,Personal Travel,Eco,391,2,4,2,3,5,2,5,5,4,2,3,2,3,5,3,0.0,neutral or dissatisfied
21561,Female,Loyal Customer,36,Business travel,Eco Plus,331,3,5,5,5,3,3,3,3,3,3,3,5,1,3,0,0.0,satisfied
60319,Female,Loyal Customer,41,Business travel,Business,836,4,4,4,4,5,4,5,4,4,5,4,5,4,5,11,1.0,satisfied
83264,Male,Loyal Customer,25,Business travel,Business,1956,5,5,5,5,3,3,3,3,5,2,3,4,5,3,0,0.0,satisfied
51316,Female,Loyal Customer,36,Business travel,Eco Plus,86,5,3,3,3,5,5,5,5,4,5,4,3,1,5,1,0.0,satisfied
70600,Male,disloyal Customer,33,Business travel,Business,2611,4,4,4,2,4,4,4,1,1,2,3,4,2,4,0,0.0,neutral or dissatisfied
97077,Male,Loyal Customer,51,Business travel,Business,3038,5,5,4,5,2,5,4,4,4,4,4,3,4,3,0,0.0,satisfied
79666,Female,Loyal Customer,29,Personal Travel,Eco,760,3,3,3,3,5,3,5,5,1,3,3,3,2,5,7,37.0,neutral or dissatisfied
20243,Female,Loyal Customer,47,Business travel,Business,2863,2,2,2,2,4,1,5,5,5,5,5,1,5,5,0,0.0,satisfied
71186,Male,disloyal Customer,23,Business travel,Eco,733,3,3,3,4,2,3,2,2,5,3,4,3,4,2,0,0.0,neutral or dissatisfied
48941,Male,Loyal Customer,27,Business travel,Business,3270,4,4,4,4,5,5,5,5,5,5,3,1,3,5,24,25.0,satisfied
42054,Male,Loyal Customer,40,Personal Travel,Eco,116,1,4,1,4,5,1,5,5,4,4,4,5,2,5,0,10.0,neutral or dissatisfied
90273,Female,Loyal Customer,62,Business travel,Business,3272,4,4,4,4,2,5,5,3,3,4,3,4,3,4,24,22.0,satisfied
3581,Male,Loyal Customer,60,Personal Travel,Eco Plus,227,4,5,4,1,1,4,3,1,5,4,5,4,5,1,0,0.0,neutral or dissatisfied
107823,Female,Loyal Customer,33,Personal Travel,Eco,349,2,1,5,3,4,5,4,4,1,5,2,4,2,4,0,0.0,neutral or dissatisfied
30500,Male,Loyal Customer,45,Business travel,Business,373,3,3,3,3,2,3,1,4,4,4,4,2,4,5,25,30.0,satisfied
62256,Female,Loyal Customer,60,Business travel,Business,2434,1,1,2,1,2,4,5,4,4,4,4,5,4,4,12,0.0,satisfied
19840,Male,Loyal Customer,34,Personal Travel,Eco Plus,528,1,5,1,2,2,1,2,2,5,5,4,3,5,2,127,124.0,neutral or dissatisfied
47845,Male,Loyal Customer,35,Business travel,Eco,329,5,2,2,2,5,5,5,5,3,3,5,5,5,5,10,0.0,satisfied
107385,Male,Loyal Customer,32,Business travel,Business,3247,3,3,3,3,5,5,5,5,5,5,4,4,4,5,8,0.0,satisfied
125073,Male,disloyal Customer,37,Business travel,Business,361,1,1,1,5,4,1,1,4,5,4,5,4,5,4,0,0.0,neutral or dissatisfied
72526,Female,Loyal Customer,71,Business travel,Business,918,4,5,5,5,4,4,3,4,4,4,4,4,4,1,0,0.0,neutral or dissatisfied
107858,Female,Loyal Customer,75,Business travel,Eco,228,2,4,4,4,4,1,1,2,2,2,2,4,2,3,22,14.0,neutral or dissatisfied
75165,Female,Loyal Customer,50,Business travel,Business,1744,3,3,5,3,4,5,4,5,5,5,5,4,5,4,0,0.0,satisfied
54799,Male,Loyal Customer,48,Business travel,Eco,641,4,5,5,5,4,4,4,4,2,4,3,4,4,4,100,91.0,satisfied
108814,Male,Loyal Customer,45,Business travel,Eco Plus,406,1,5,5,5,1,1,1,1,1,3,4,1,3,1,2,1.0,neutral or dissatisfied
66028,Male,Loyal Customer,30,Business travel,Business,1500,1,4,1,1,5,5,5,5,5,3,4,5,4,5,7,14.0,satisfied
9343,Male,Loyal Customer,29,Business travel,Business,441,1,1,1,1,4,4,4,4,4,3,4,3,5,4,0,0.0,satisfied
68029,Female,Loyal Customer,23,Business travel,Business,868,5,5,5,5,4,4,4,4,5,4,5,5,5,4,0,0.0,satisfied
78657,Female,disloyal Customer,20,Business travel,Business,897,5,0,5,3,1,5,2,1,3,4,3,5,4,1,0,9.0,satisfied
42255,Female,Loyal Customer,38,Business travel,Eco,834,2,3,3,3,2,2,2,2,1,3,3,1,3,2,0,8.0,neutral or dissatisfied
113879,Female,Loyal Customer,63,Personal Travel,Eco Plus,1334,2,5,2,1,4,5,5,2,2,2,2,4,2,5,0,0.0,neutral or dissatisfied
80169,Female,Loyal Customer,8,Business travel,Business,2475,2,3,3,3,2,2,2,2,2,2,4,2,2,2,0,0.0,neutral or dissatisfied
110043,Male,disloyal Customer,50,Business travel,Eco,2039,2,2,2,3,3,2,3,3,1,2,2,1,2,3,0,10.0,neutral or dissatisfied
26245,Male,Loyal Customer,53,Personal Travel,Eco,581,3,2,3,3,3,3,3,3,3,3,3,3,4,3,9,1.0,neutral or dissatisfied
931,Female,Loyal Customer,57,Business travel,Business,164,2,2,2,2,5,3,2,2,2,2,2,2,2,1,29,39.0,neutral or dissatisfied
120821,Female,Loyal Customer,16,Personal Travel,Eco,666,3,1,3,3,2,3,5,2,4,3,3,1,3,2,0,0.0,neutral or dissatisfied
63008,Female,Loyal Customer,66,Business travel,Business,862,2,5,5,5,1,4,3,2,2,2,2,4,2,3,0,1.0,neutral or dissatisfied
51471,Female,disloyal Customer,43,Business travel,Eco Plus,89,3,3,3,2,4,3,5,4,3,2,5,5,5,4,0,0.0,neutral or dissatisfied
13743,Male,Loyal Customer,52,Business travel,Eco,401,2,1,1,1,2,2,2,2,2,1,3,4,3,2,26,12.0,neutral or dissatisfied
128166,Female,disloyal Customer,48,Business travel,Eco,849,3,3,3,3,3,3,3,3,4,3,3,1,3,3,2,0.0,neutral or dissatisfied
71764,Male,disloyal Customer,26,Business travel,Business,1744,5,5,5,1,3,0,3,3,3,2,4,4,5,3,0,0.0,satisfied
36317,Male,Loyal Customer,46,Business travel,Business,2608,2,5,3,3,2,4,3,4,4,4,2,3,4,1,0,4.0,neutral or dissatisfied
121633,Male,Loyal Customer,28,Business travel,Business,936,5,5,5,5,4,4,4,4,5,3,5,3,4,4,0,0.0,satisfied
42239,Male,Loyal Customer,32,Business travel,Business,1668,5,5,5,5,5,5,5,5,5,4,4,1,3,5,2,0.0,satisfied
4097,Female,Loyal Customer,42,Business travel,Business,2036,5,5,5,5,4,5,4,4,4,4,4,4,4,5,15,19.0,satisfied
104906,Female,Loyal Customer,7,Personal Travel,Eco,1565,1,5,1,4,3,1,3,3,3,2,5,4,5,3,6,6.0,neutral or dissatisfied
59619,Female,Loyal Customer,28,Business travel,Business,861,3,5,5,5,3,3,3,3,3,4,2,1,2,3,0,0.0,neutral or dissatisfied
62460,Female,Loyal Customer,59,Personal Travel,Business,1723,1,5,1,3,4,3,5,5,5,1,5,3,5,3,0,0.0,neutral or dissatisfied
45383,Female,disloyal Customer,37,Business travel,Eco Plus,175,5,5,5,1,4,5,3,4,1,2,1,2,4,4,0,0.0,satisfied
46199,Female,Loyal Customer,39,Business travel,Eco Plus,472,4,1,1,1,4,4,4,4,1,5,5,1,3,4,50,53.0,satisfied
113754,Female,Loyal Customer,34,Personal Travel,Eco,197,1,4,1,4,2,1,2,2,3,5,4,4,5,2,1,0.0,neutral or dissatisfied
68024,Female,Loyal Customer,47,Personal Travel,Eco,304,4,5,4,3,5,4,5,2,2,4,2,3,2,3,0,0.0,neutral or dissatisfied
112030,Male,Loyal Customer,38,Personal Travel,Eco,680,2,5,2,3,3,2,3,3,4,2,4,3,4,3,0,0.0,neutral or dissatisfied
73952,Female,Loyal Customer,41,Business travel,Eco,718,3,1,1,1,3,3,3,3,1,2,4,4,3,3,0,0.0,neutral or dissatisfied
9714,Male,Loyal Customer,23,Personal Travel,Eco,199,2,5,0,5,5,0,5,5,1,5,2,4,2,5,20,29.0,neutral or dissatisfied
76349,Female,Loyal Customer,38,Business travel,Business,1851,5,5,5,5,2,4,5,5,5,5,5,5,5,4,0,0.0,satisfied
16817,Female,Loyal Customer,47,Business travel,Business,1871,5,5,5,5,3,2,2,4,4,4,4,3,4,1,80,125.0,satisfied
40009,Female,Loyal Customer,25,Business travel,Eco,618,5,5,5,5,5,5,5,5,1,1,2,3,5,5,0,0.0,satisfied
43184,Male,Loyal Customer,60,Personal Travel,Eco,282,3,4,3,3,5,3,5,5,1,2,3,1,3,5,0,0.0,neutral or dissatisfied
49138,Male,disloyal Customer,33,Business travel,Eco,372,4,0,4,2,1,4,1,1,2,1,5,4,5,1,8,0.0,neutral or dissatisfied
72605,Female,Loyal Customer,15,Personal Travel,Eco,964,5,5,5,3,5,5,3,5,4,4,4,3,5,5,5,0.0,satisfied
107739,Female,Loyal Customer,65,Personal Travel,Eco,251,2,4,2,1,2,5,4,3,3,2,3,5,3,3,0,4.0,neutral or dissatisfied
96633,Female,Loyal Customer,47,Business travel,Business,1605,4,4,4,4,4,4,5,5,5,5,5,3,5,3,12,13.0,satisfied
47905,Female,Loyal Customer,46,Business travel,Eco,748,3,3,3,3,5,3,3,3,3,3,3,1,3,1,0,2.0,neutral or dissatisfied
105953,Male,Loyal Customer,55,Business travel,Business,2329,1,1,1,1,3,3,5,4,4,4,4,4,4,4,5,0.0,satisfied
2814,Male,Loyal Customer,36,Personal Travel,Business,409,1,4,1,2,1,4,4,2,2,1,3,4,2,4,168,171.0,neutral or dissatisfied
81727,Female,Loyal Customer,45,Personal Travel,Business,1416,3,5,3,5,5,5,4,2,2,3,2,3,2,5,0,0.0,neutral or dissatisfied
50659,Female,Loyal Customer,33,Personal Travel,Eco,109,2,5,2,4,4,2,4,4,3,4,1,1,2,4,0,3.0,neutral or dissatisfied
31483,Male,Loyal Customer,50,Business travel,Eco,862,4,4,4,4,4,4,4,4,4,3,2,3,5,4,0,31.0,satisfied
71850,Male,Loyal Customer,17,Business travel,Business,1846,1,4,4,4,1,2,1,1,4,5,2,3,4,1,3,19.0,neutral or dissatisfied
85696,Male,disloyal Customer,26,Business travel,Business,1547,0,0,0,2,4,0,4,4,3,5,4,3,4,4,0,0.0,satisfied
27548,Male,Loyal Customer,47,Personal Travel,Eco,1050,4,4,4,3,5,4,5,5,3,2,2,1,4,5,0,0.0,neutral or dissatisfied
22854,Male,Loyal Customer,65,Personal Travel,Eco,147,1,3,0,3,4,0,4,4,2,3,3,1,4,4,0,0.0,neutral or dissatisfied
124168,Female,Loyal Customer,24,Personal Travel,Eco,2133,2,4,2,4,5,2,5,5,3,3,4,2,3,5,0,0.0,neutral or dissatisfied
122942,Female,Loyal Customer,53,Business travel,Eco,590,3,3,3,3,4,3,3,3,3,3,3,4,3,2,36,35.0,neutral or dissatisfied
58872,Female,Loyal Customer,45,Business travel,Business,2542,2,2,2,2,3,4,5,5,5,5,5,4,5,4,10,0.0,satisfied
34844,Female,Loyal Customer,61,Personal Travel,Eco Plus,301,2,5,2,5,2,2,2,4,3,4,4,2,3,2,156,209.0,neutral or dissatisfied
33500,Male,Loyal Customer,13,Personal Travel,Business,965,5,3,5,3,1,5,1,1,3,2,4,3,4,1,0,0.0,satisfied
122067,Male,Loyal Customer,67,Business travel,Business,1907,5,5,5,5,5,3,1,5,5,5,3,1,5,2,0,0.0,satisfied
127608,Male,disloyal Customer,29,Business travel,Business,1773,4,4,4,3,3,4,3,3,3,5,3,4,5,3,0,0.0,neutral or dissatisfied
49661,Female,Loyal Customer,43,Business travel,Eco,109,1,4,4,4,3,3,4,1,1,1,1,4,1,1,9,20.0,neutral or dissatisfied
75841,Male,Loyal Customer,43,Business travel,Business,1440,5,5,5,5,3,5,4,2,2,3,2,3,2,4,0,0.0,satisfied
15688,Female,Loyal Customer,18,Business travel,Business,2489,2,2,2,2,4,4,4,4,3,2,2,3,3,4,0,0.0,satisfied
108096,Male,Loyal Customer,52,Business travel,Business,3701,2,2,2,2,2,4,5,4,4,4,4,5,4,4,0,0.0,satisfied
124300,Female,disloyal Customer,36,Business travel,Business,255,4,4,4,5,5,4,5,5,4,4,5,5,4,5,0,0.0,neutral or dissatisfied
66835,Female,disloyal Customer,32,Business travel,Business,731,4,4,4,3,5,4,5,5,4,3,5,5,5,5,0,0.0,neutral or dissatisfied
68856,Female,Loyal Customer,44,Business travel,Business,1744,3,3,3,3,5,5,4,4,4,4,4,4,4,5,0,0.0,satisfied
21698,Male,Loyal Customer,11,Personal Travel,Eco,746,1,5,1,3,5,1,5,5,4,4,1,2,5,5,38,68.0,neutral or dissatisfied
28210,Female,Loyal Customer,46,Personal Travel,Eco,569,1,1,1,3,2,3,2,2,2,1,2,1,2,4,106,107.0,neutral or dissatisfied
103708,Male,Loyal Customer,36,Personal Travel,Eco,405,4,5,4,4,3,4,3,3,4,5,5,4,5,3,61,53.0,neutral or dissatisfied
120868,Female,Loyal Customer,29,Business travel,Business,2103,2,2,2,2,4,4,4,4,4,2,5,3,4,4,91,65.0,satisfied
16048,Female,Loyal Customer,56,Business travel,Business,3653,5,2,5,5,3,5,4,4,4,4,4,5,4,4,0,0.0,satisfied
114984,Female,Loyal Customer,47,Business travel,Business,3415,2,2,2,2,4,4,5,4,4,4,4,4,4,3,0,0.0,satisfied
83653,Male,Loyal Customer,50,Business travel,Business,1784,1,1,1,1,3,4,4,4,4,5,4,3,4,5,0,0.0,satisfied
104393,Male,Loyal Customer,19,Business travel,Business,1646,4,4,5,4,5,5,5,5,4,5,4,4,4,5,26,12.0,satisfied
114421,Male,Loyal Customer,56,Business travel,Business,2708,1,1,1,1,3,4,4,4,4,4,4,3,4,5,33,25.0,satisfied
57463,Female,Loyal Customer,7,Personal Travel,Eco,334,1,5,1,4,1,1,1,1,4,2,5,3,4,1,84,72.0,neutral or dissatisfied
77808,Female,Loyal Customer,24,Personal Travel,Eco,874,3,1,3,4,4,3,1,4,4,1,3,3,4,4,3,2.0,neutral or dissatisfied
43171,Female,Loyal Customer,49,Business travel,Eco,781,4,1,1,1,4,4,4,1,2,3,3,4,5,4,126,141.0,satisfied
3392,Male,Loyal Customer,57,Business travel,Business,296,1,5,5,5,2,1,1,1,1,1,1,1,1,3,30,29.0,neutral or dissatisfied
45317,Female,Loyal Customer,39,Business travel,Eco,150,3,1,1,1,2,3,3,1,3,3,4,3,1,3,200,193.0,neutral or dissatisfied
119577,Female,Loyal Customer,50,Business travel,Business,3649,3,3,3,3,3,5,4,5,5,5,5,3,5,5,0,1.0,satisfied
5574,Female,Loyal Customer,23,Personal Travel,Eco,588,3,4,2,3,2,2,2,2,4,4,3,1,4,2,0,0.0,neutral or dissatisfied
55735,Female,disloyal Customer,21,Business travel,Eco,1366,3,3,3,5,5,3,1,5,5,4,5,3,5,5,0,0.0,neutral or dissatisfied
127738,Female,Loyal Customer,52,Business travel,Business,2496,4,4,4,4,5,4,4,4,4,4,4,3,4,3,1,0.0,satisfied
101177,Male,disloyal Customer,24,Business travel,Eco,395,5,0,5,4,1,5,1,1,5,4,3,4,4,1,0,0.0,satisfied
85416,Male,Loyal Customer,43,Business travel,Business,1702,4,4,4,4,5,5,5,5,5,5,4,3,5,5,0,0.0,satisfied
88109,Male,Loyal Customer,20,Business travel,Business,594,5,5,5,5,2,2,2,2,4,5,4,3,5,2,0,0.0,satisfied
83477,Male,Loyal Customer,28,Business travel,Business,946,2,4,4,4,2,3,2,2,2,1,2,2,2,2,0,0.0,neutral or dissatisfied
94655,Female,disloyal Customer,21,Business travel,Eco,192,3,3,3,4,1,3,1,1,3,1,3,2,4,1,22,23.0,neutral or dissatisfied
94565,Male,Loyal Customer,66,Business travel,Business,233,1,4,4,4,2,3,3,1,1,1,1,1,1,2,0,0.0,neutral or dissatisfied
59581,Male,Loyal Customer,16,Business travel,Eco,956,4,1,1,1,4,4,2,4,3,5,4,3,3,4,7,6.0,neutral or dissatisfied
45641,Female,Loyal Customer,64,Personal Travel,Eco,313,2,4,2,3,5,4,5,5,5,2,5,3,5,4,31,19.0,neutral or dissatisfied
148,Female,Loyal Customer,54,Business travel,Business,227,2,3,3,3,2,3,3,2,2,2,2,3,2,3,58,62.0,neutral or dissatisfied
88499,Male,Loyal Customer,34,Business travel,Business,3772,4,4,4,4,2,2,1,5,5,5,5,3,5,3,85,70.0,satisfied
106396,Male,Loyal Customer,49,Business travel,Business,2182,2,4,4,4,4,3,4,2,2,2,2,1,2,4,7,0.0,neutral or dissatisfied
48803,Female,Loyal Customer,20,Personal Travel,Business,372,4,1,4,3,1,4,1,1,4,1,3,1,4,1,16,14.0,satisfied
80597,Female,Loyal Customer,43,Business travel,Business,1747,1,1,1,1,5,4,5,5,5,5,5,5,5,5,0,0.0,satisfied
109003,Male,Loyal Customer,53,Business travel,Business,2238,3,3,3,3,4,4,4,4,4,4,4,5,4,5,0,0.0,satisfied
46709,Male,Loyal Customer,10,Personal Travel,Eco,73,2,4,2,1,3,2,3,3,4,4,1,3,3,3,110,115.0,neutral or dissatisfied
120381,Female,Loyal Customer,61,Business travel,Business,3565,1,1,1,1,2,4,5,2,2,2,2,5,2,5,0,0.0,satisfied
72500,Male,Loyal Customer,47,Business travel,Business,964,2,2,2,2,2,3,3,2,2,3,2,2,2,3,0,0.0,neutral or dissatisfied
92991,Female,Loyal Customer,57,Personal Travel,Eco,738,2,2,2,4,4,4,4,2,2,2,2,3,2,1,9,7.0,neutral or dissatisfied
125456,Female,Loyal Customer,29,Business travel,Business,2860,3,3,5,3,4,4,4,4,3,4,5,5,5,4,0,0.0,satisfied
20770,Male,Loyal Customer,32,Business travel,Business,534,3,3,3,3,5,5,5,5,1,4,4,4,1,5,49,55.0,satisfied
59898,Male,Loyal Customer,29,Business travel,Business,1023,1,1,1,1,5,5,5,5,3,4,5,5,4,5,3,0.0,satisfied
124717,Male,Loyal Customer,9,Personal Travel,Eco,399,1,2,1,2,4,1,4,4,3,2,3,2,3,4,4,0.0,neutral or dissatisfied
38513,Male,Loyal Customer,39,Business travel,Business,2446,4,4,4,4,3,5,5,3,3,3,3,4,3,5,19,5.0,satisfied
8060,Female,Loyal Customer,57,Business travel,Business,294,1,1,1,1,5,5,4,4,4,4,4,5,4,3,0,1.0,satisfied
116844,Female,Loyal Customer,29,Personal Travel,Business,369,2,4,2,3,4,2,4,4,1,1,4,2,4,4,1,8.0,neutral or dissatisfied
111190,Female,disloyal Customer,24,Business travel,Business,1506,0,0,0,4,4,0,4,4,4,2,5,3,4,4,0,0.0,satisfied
89172,Female,Loyal Customer,62,Personal Travel,Eco,1947,4,5,4,1,4,4,5,2,2,4,2,4,2,5,29,0.0,neutral or dissatisfied
20170,Female,Loyal Customer,46,Personal Travel,Eco,403,1,4,1,4,5,4,5,3,3,1,4,4,3,5,0,19.0,neutral or dissatisfied
25827,Male,Loyal Customer,61,Business travel,Eco,484,4,2,2,2,4,4,4,4,1,5,5,1,3,4,25,22.0,satisfied
78007,Male,Loyal Customer,39,Business travel,Eco,214,3,3,3,3,3,3,3,3,2,3,3,4,3,3,0,0.0,neutral or dissatisfied
24311,Male,Loyal Customer,19,Personal Travel,Eco Plus,302,3,5,3,2,4,3,5,4,3,3,5,5,4,4,0,0.0,neutral or dissatisfied
98352,Female,disloyal Customer,25,Business travel,Eco,1189,2,2,2,2,1,2,1,1,3,4,2,2,2,1,0,0.0,neutral or dissatisfied
104698,Male,Loyal Customer,35,Business travel,Eco,159,2,4,4,4,2,2,2,2,3,4,3,4,2,2,57,57.0,neutral or dissatisfied
105051,Female,Loyal Customer,38,Personal Travel,Eco,255,3,5,3,2,2,3,5,2,4,2,5,5,4,2,0,0.0,neutral or dissatisfied
112788,Male,Loyal Customer,27,Business travel,Business,715,3,3,3,3,5,5,5,5,3,4,5,4,4,5,78,78.0,satisfied
67706,Male,Loyal Customer,45,Business travel,Business,1843,5,5,5,5,3,5,5,4,4,4,4,4,4,4,0,0.0,satisfied
106090,Female,Loyal Customer,59,Business travel,Business,1780,2,2,2,2,4,4,5,4,4,4,4,4,4,5,0,0.0,satisfied
110586,Male,Loyal Customer,49,Personal Travel,Eco,488,1,3,1,4,3,1,3,3,2,5,4,1,3,3,0,0.0,neutral or dissatisfied
125586,Male,Loyal Customer,40,Business travel,Business,1587,4,4,4,4,4,4,4,4,4,4,4,3,4,5,0,10.0,satisfied
32925,Female,Loyal Customer,41,Personal Travel,Eco,216,5,2,5,3,3,5,3,3,4,4,3,1,3,3,0,0.0,satisfied
96056,Female,Loyal Customer,42,Business travel,Business,835,3,3,3,3,3,4,1,5,5,5,5,5,5,5,14,16.0,satisfied
7835,Male,Loyal Customer,59,Business travel,Business,3386,4,4,4,4,5,4,5,5,5,5,5,5,5,5,0,0.0,satisfied
30273,Male,Loyal Customer,51,Business travel,Business,2534,1,1,1,1,2,1,1,5,5,5,5,4,5,3,0,0.0,satisfied
57919,Female,Loyal Customer,30,Personal Travel,Eco,305,3,2,3,4,1,3,3,1,3,5,4,2,3,1,0,0.0,neutral or dissatisfied
43583,Female,Loyal Customer,21,Business travel,Eco Plus,1499,3,1,1,1,3,3,3,4,3,4,4,3,2,3,154,196.0,neutral or dissatisfied
118382,Female,Loyal Customer,36,Business travel,Business,338,5,2,5,5,3,5,4,4,4,4,4,4,4,3,39,47.0,satisfied
43739,Male,Loyal Customer,17,Business travel,Eco,622,4,1,1,1,4,4,4,4,1,4,2,1,1,4,9,0.0,satisfied
129463,Male,Loyal Customer,36,Business travel,Business,2704,3,5,3,3,4,4,5,5,5,5,5,5,5,5,0,1.0,satisfied
87767,Male,Loyal Customer,50,Business travel,Business,3524,3,3,3,3,2,4,5,5,5,5,5,5,5,3,2,0.0,satisfied
62236,Female,Loyal Customer,67,Personal Travel,Eco,2454,4,4,4,3,4,4,4,4,4,4,4,3,4,4,3,0.0,neutral or dissatisfied
113291,Female,Loyal Customer,48,Business travel,Business,488,5,5,5,5,2,4,5,5,5,5,5,5,5,4,9,0.0,satisfied
77817,Male,Loyal Customer,11,Personal Travel,Eco,696,3,5,2,1,2,2,4,2,4,4,5,5,5,2,0,0.0,neutral or dissatisfied
19546,Female,disloyal Customer,38,Business travel,Eco,212,2,0,2,4,3,2,3,3,4,4,4,4,4,3,0,0.0,neutral or dissatisfied
26561,Male,Loyal Customer,44,Business travel,Business,1575,4,4,4,4,2,5,4,4,4,4,4,3,4,3,0,19.0,satisfied
59548,Male,disloyal Customer,17,Business travel,Eco,787,4,3,3,1,3,3,4,3,4,3,4,4,5,3,0,0.0,satisfied
87184,Male,Loyal Customer,55,Business travel,Business,946,3,3,3,3,5,4,4,4,4,5,4,4,4,3,10,0.0,satisfied
83886,Male,Loyal Customer,14,Personal Travel,Eco,1670,2,4,2,5,4,2,4,4,2,5,2,2,5,4,0,0.0,neutral or dissatisfied
97731,Female,Loyal Customer,44,Business travel,Business,2257,2,2,2,2,5,5,5,5,5,5,5,5,5,5,6,3.0,satisfied
81155,Female,Loyal Customer,51,Business travel,Business,1607,2,2,2,2,5,5,5,5,5,5,5,4,5,5,3,0.0,satisfied
102672,Female,Loyal Customer,55,Business travel,Business,2565,4,4,4,4,4,5,4,5,5,5,5,5,5,5,0,0.0,satisfied
56814,Male,disloyal Customer,25,Business travel,Eco,982,4,4,4,1,3,4,3,3,3,2,5,4,4,3,0,0.0,satisfied
6015,Male,Loyal Customer,57,Business travel,Eco,672,4,2,2,2,4,4,4,4,4,4,3,3,4,4,1,0.0,neutral or dissatisfied
63868,Female,Loyal Customer,44,Business travel,Business,1158,1,1,1,1,2,4,4,4,4,5,4,5,4,3,7,0.0,satisfied
80978,Male,disloyal Customer,40,Business travel,Business,297,2,3,3,3,2,3,2,2,3,3,4,4,5,2,0,0.0,neutral or dissatisfied
16053,Female,Loyal Customer,38,Personal Travel,Business,501,4,5,4,4,3,5,5,1,1,4,1,5,1,5,0,0.0,neutral or dissatisfied
123885,Female,disloyal Customer,43,Business travel,Eco,203,2,4,2,4,4,2,2,4,3,5,4,3,3,4,0,6.0,neutral or dissatisfied
117111,Female,Loyal Customer,39,Business travel,Business,338,3,4,4,4,1,4,3,3,3,3,3,4,3,4,11,15.0,neutral or dissatisfied
43844,Female,Loyal Customer,45,Business travel,Business,3972,3,4,4,4,3,3,3,3,3,3,3,2,3,3,0,0.0,neutral or dissatisfied
116467,Male,Loyal Customer,44,Personal Travel,Eco,480,3,3,3,3,5,3,5,5,3,4,2,1,2,5,13,0.0,neutral or dissatisfied
47114,Female,Loyal Customer,55,Business travel,Business,784,1,3,3,3,2,4,3,1,1,1,1,4,1,1,10,12.0,neutral or dissatisfied
44233,Female,Loyal Customer,38,Business travel,Business,359,3,3,3,3,4,5,5,4,4,4,4,5,4,3,0,0.0,satisfied
1701,Male,disloyal Customer,33,Business travel,Business,364,4,4,4,5,1,4,1,1,5,5,4,4,5,1,35,30.0,neutral or dissatisfied
14270,Female,Loyal Customer,28,Business travel,Business,429,2,2,2,2,3,4,3,3,1,1,4,5,3,3,0,0.0,satisfied
29108,Male,Loyal Customer,32,Personal Travel,Eco,987,3,5,3,3,5,3,5,5,5,2,5,5,5,5,0,0.0,neutral or dissatisfied
25431,Male,Loyal Customer,21,Business travel,Business,3107,5,5,5,5,3,5,3,3,5,2,5,2,4,3,13,0.0,satisfied
24563,Female,Loyal Customer,28,Business travel,Eco,696,3,4,4,4,3,4,3,3,3,5,2,4,2,3,1,0.0,neutral or dissatisfied
122988,Female,Loyal Customer,55,Business travel,Business,507,3,3,3,3,3,4,4,5,5,4,5,3,5,3,1,2.0,satisfied
66323,Female,Loyal Customer,61,Personal Travel,Eco,852,3,4,3,3,1,4,4,4,4,3,4,4,4,4,69,70.0,neutral or dissatisfied
97888,Male,Loyal Customer,52,Business travel,Business,684,4,4,4,4,5,4,4,4,4,4,4,3,4,3,2,0.0,satisfied
48044,Male,Loyal Customer,56,Business travel,Eco,896,1,4,4,4,1,1,1,1,3,4,3,3,3,1,27,7.0,neutral or dissatisfied
101315,Male,Loyal Customer,43,Business travel,Business,2468,2,2,2,2,5,4,5,5,5,5,5,4,5,4,57,46.0,satisfied
104158,Female,disloyal Customer,24,Business travel,Eco,349,2,5,2,2,4,2,4,4,3,3,5,5,5,4,12,13.0,neutral or dissatisfied
105466,Male,Loyal Customer,60,Business travel,Business,495,3,3,3,3,5,5,4,3,3,3,3,4,3,4,44,39.0,satisfied
118435,Female,Loyal Customer,44,Business travel,Business,2408,1,1,1,1,2,4,5,4,4,4,4,4,4,3,34,20.0,satisfied
111264,Female,Loyal Customer,59,Business travel,Business,3670,4,4,4,4,4,4,5,4,4,4,4,4,4,4,0,6.0,satisfied
72334,Male,disloyal Customer,22,Business travel,Eco,1017,2,2,2,2,4,2,4,4,3,2,4,5,4,4,12,10.0,neutral or dissatisfied
56805,Female,Loyal Customer,50,Business travel,Business,1725,4,4,4,4,2,3,4,4,4,4,4,3,4,5,0,0.0,satisfied
50992,Female,Loyal Customer,62,Personal Travel,Eco,156,3,4,0,1,2,5,4,3,3,0,3,3,3,3,0,0.0,neutral or dissatisfied
48962,Male,Loyal Customer,44,Business travel,Eco,86,4,4,4,4,4,4,4,4,2,2,4,5,4,4,15,18.0,satisfied
46392,Male,Loyal Customer,50,Personal Travel,Eco,1081,4,5,4,5,2,4,2,2,2,3,2,1,4,2,16,3.0,neutral or dissatisfied
1169,Female,Loyal Customer,41,Personal Travel,Eco,158,3,4,3,4,4,3,5,4,4,2,5,3,4,4,17,21.0,neutral or dissatisfied
42604,Male,disloyal Customer,22,Business travel,Eco,546,2,4,2,3,5,2,5,5,5,2,4,4,5,5,0,0.0,neutral or dissatisfied
17140,Male,Loyal Customer,47,Business travel,Eco,455,4,4,4,4,4,4,4,4,4,2,3,1,4,4,0,11.0,neutral or dissatisfied
72326,Male,Loyal Customer,24,Business travel,Business,1935,5,5,5,5,3,3,3,3,5,2,5,3,5,3,0,0.0,satisfied
52557,Female,Loyal Customer,51,Business travel,Business,119,5,5,5,5,2,4,5,5,5,5,4,5,5,5,0,4.0,satisfied
51428,Female,Loyal Customer,35,Personal Travel,Eco Plus,337,3,4,3,4,5,3,5,5,3,5,5,3,4,5,18,19.0,neutral or dissatisfied
28880,Male,disloyal Customer,36,Business travel,Eco,954,2,1,1,4,2,1,2,2,5,3,2,5,2,2,0,0.0,neutral or dissatisfied
65866,Female,Loyal Customer,60,Personal Travel,Eco,1389,3,3,3,4,2,4,2,4,4,3,4,5,4,5,0,3.0,neutral or dissatisfied
87446,Female,Loyal Customer,46,Business travel,Business,3088,4,4,4,4,5,5,5,5,5,5,5,5,5,3,4,9.0,satisfied
9380,Female,Loyal Customer,44,Personal Travel,Eco,384,3,4,3,2,3,5,4,2,2,3,2,3,2,3,6,7.0,neutral or dissatisfied
116626,Male,Loyal Customer,46,Business travel,Business,373,5,5,5,5,2,4,5,5,5,4,5,5,5,3,0,0.0,satisfied
42263,Female,disloyal Customer,37,Business travel,Eco,451,2,4,3,3,4,3,4,4,2,1,5,5,3,4,0,0.0,neutral or dissatisfied
105454,Female,Loyal Customer,52,Personal Travel,Eco,998,2,5,2,1,3,5,4,5,5,2,5,4,5,3,17,0.0,neutral or dissatisfied
26921,Male,Loyal Customer,60,Personal Travel,Eco,1660,3,3,4,3,2,4,2,2,2,1,3,1,3,2,0,0.0,neutral or dissatisfied
119927,Male,Loyal Customer,60,Business travel,Business,2726,5,5,5,5,5,5,4,5,5,5,5,5,5,3,0,3.0,satisfied
109988,Male,disloyal Customer,45,Business travel,Business,1092,3,3,3,1,2,3,2,2,5,5,4,4,4,2,15,3.0,neutral or dissatisfied
7205,Male,Loyal Customer,52,Business travel,Business,135,1,4,4,4,3,2,2,2,2,2,1,1,2,2,39,80.0,neutral or dissatisfied
88231,Female,Loyal Customer,38,Business travel,Eco,404,2,2,2,2,2,2,2,2,3,2,3,2,3,2,0,0.0,neutral or dissatisfied
70608,Female,Loyal Customer,41,Business travel,Business,2611,1,1,1,1,4,4,4,3,4,5,4,4,5,4,0,0.0,satisfied
90059,Female,Loyal Customer,40,Business travel,Business,2662,1,1,1,1,2,4,5,4,4,4,4,5,4,3,2,0.0,satisfied
83609,Male,Loyal Customer,65,Business travel,Business,409,3,4,4,4,5,2,2,3,3,3,3,3,3,2,16,23.0,neutral or dissatisfied
117589,Female,Loyal Customer,45,Business travel,Business,347,4,4,4,4,2,5,4,4,4,4,4,3,4,3,0,0.0,satisfied
65291,Female,Loyal Customer,32,Personal Travel,Eco Plus,247,3,4,3,5,1,3,1,1,4,4,4,3,5,1,0,0.0,neutral or dissatisfied
78819,Female,Loyal Customer,70,Personal Travel,Eco,432,4,5,5,3,1,5,2,5,5,5,5,1,5,2,5,0.0,satisfied
88446,Male,Loyal Customer,25,Business travel,Business,3037,3,5,5,5,3,3,3,3,3,2,2,1,3,3,15,0.0,neutral or dissatisfied
21842,Female,Loyal Customer,50,Business travel,Business,503,1,1,1,1,5,4,4,5,5,5,5,4,5,4,0,0.0,satisfied
95278,Female,Loyal Customer,22,Personal Travel,Eco,189,1,4,1,2,2,1,2,2,3,5,5,3,5,2,0,0.0,neutral or dissatisfied
80317,Female,Loyal Customer,22,Personal Travel,Eco,746,2,3,2,3,2,2,2,2,4,1,3,3,4,2,81,88.0,neutral or dissatisfied
100937,Female,Loyal Customer,54,Business travel,Business,3703,2,2,2,2,4,3,3,2,2,2,2,4,2,4,1,0.0,neutral or dissatisfied
74492,Male,Loyal Customer,52,Business travel,Eco,1126,3,5,5,5,3,3,3,3,3,1,3,3,2,3,11,14.0,neutral or dissatisfied
10721,Male,Loyal Customer,42,Business travel,Business,3368,1,1,1,1,5,5,5,4,4,4,5,4,4,5,0,0.0,satisfied
85749,Male,Loyal Customer,56,Business travel,Business,666,4,4,3,4,4,4,4,4,4,4,4,3,4,4,3,0.0,satisfied
7909,Male,disloyal Customer,29,Business travel,Eco,1020,3,3,3,3,3,3,3,3,2,2,2,1,3,3,0,11.0,neutral or dissatisfied
78767,Male,Loyal Customer,42,Business travel,Business,554,3,3,3,3,4,5,4,4,4,4,4,5,4,3,25,16.0,satisfied
56659,Female,Loyal Customer,41,Business travel,Business,2380,1,1,1,1,3,2,3,4,4,4,4,5,4,5,0,0.0,satisfied
3075,Male,Loyal Customer,32,Business travel,Business,3005,5,5,5,5,5,4,5,5,3,2,5,4,4,5,55,81.0,satisfied
92546,Female,Loyal Customer,53,Personal Travel,Eco,2139,2,4,2,2,4,5,4,2,2,2,2,3,2,4,0,0.0,neutral or dissatisfied
38273,Female,Loyal Customer,28,Personal Travel,Eco,1133,2,4,1,4,3,1,3,3,5,1,3,2,5,3,84,76.0,neutral or dissatisfied
119580,Female,Loyal Customer,70,Personal Travel,Eco,313,3,5,3,1,2,4,4,5,5,3,5,5,5,3,0,0.0,neutral or dissatisfied
97737,Male,Loyal Customer,19,Business travel,Business,1828,4,4,4,4,4,4,4,4,1,1,4,1,4,4,9,0.0,neutral or dissatisfied
125952,Male,Loyal Customer,31,Business travel,Eco Plus,920,1,4,4,4,1,1,1,1,1,3,4,4,4,1,0,0.0,neutral or dissatisfied
44428,Female,disloyal Customer,22,Business travel,Eco,542,2,2,2,4,4,2,4,4,4,2,3,1,4,4,0,0.0,neutral or dissatisfied
74871,Male,Loyal Customer,43,Business travel,Business,2239,5,5,5,5,3,4,5,3,3,4,3,3,3,5,0,0.0,satisfied
89505,Female,Loyal Customer,28,Business travel,Eco Plus,684,2,4,4,4,2,2,2,2,2,3,3,1,4,2,0,0.0,neutral or dissatisfied
84094,Female,Loyal Customer,50,Personal Travel,Eco,879,2,1,2,3,2,4,3,1,1,2,1,3,1,4,0,0.0,neutral or dissatisfied
74914,Male,Loyal Customer,48,Business travel,Business,2586,2,2,2,2,2,3,5,3,3,3,3,3,3,5,68,65.0,satisfied
10274,Male,Loyal Customer,37,Personal Travel,Business,191,2,4,2,4,2,4,4,4,2,5,5,4,3,4,149,140.0,neutral or dissatisfied
55154,Male,Loyal Customer,70,Personal Travel,Eco,1346,3,5,3,4,2,3,2,2,5,3,4,3,5,2,0,0.0,neutral or dissatisfied
20060,Female,Loyal Customer,51,Personal Travel,Eco,607,4,4,4,4,3,3,3,3,3,4,3,4,3,3,9,0.0,neutral or dissatisfied
17554,Female,Loyal Customer,40,Personal Travel,Eco,970,1,5,1,4,2,1,2,2,5,4,5,5,4,2,0,0.0,neutral or dissatisfied
85506,Female,Loyal Customer,37,Personal Travel,Eco,332,2,4,2,1,1,2,1,1,5,4,5,5,5,1,0,0.0,neutral or dissatisfied
23036,Male,Loyal Customer,22,Personal Travel,Eco,927,3,5,3,4,4,3,4,4,4,5,4,5,5,4,83,65.0,neutral or dissatisfied
112124,Female,Loyal Customer,45,Business travel,Business,3638,3,2,3,3,3,5,4,4,4,4,4,5,4,3,57,48.0,satisfied
25786,Male,disloyal Customer,35,Business travel,Eco,762,2,2,2,4,4,2,4,4,4,2,5,5,5,4,1,0.0,neutral or dissatisfied
50456,Male,Loyal Customer,38,Business travel,Eco,337,2,5,2,5,2,2,2,2,2,5,3,1,4,2,87,89.0,neutral or dissatisfied
53537,Female,Loyal Customer,59,Business travel,Eco Plus,919,4,1,1,1,5,2,5,4,4,4,4,3,4,4,0,0.0,satisfied
100769,Female,Loyal Customer,47,Business travel,Business,1504,3,3,3,3,5,4,4,4,4,4,4,5,4,5,50,25.0,satisfied
64437,Female,disloyal Customer,42,Business travel,Business,989,1,1,1,3,1,1,1,1,4,5,4,4,4,1,32,38.0,neutral or dissatisfied
101885,Male,Loyal Customer,53,Business travel,Business,2039,3,3,5,3,2,4,5,5,5,5,5,4,5,3,15,0.0,satisfied
121448,Female,Loyal Customer,50,Business travel,Business,257,1,1,3,1,5,5,5,5,5,5,5,3,5,3,0,1.0,satisfied
85649,Male,Loyal Customer,54,Personal Travel,Eco Plus,192,2,2,0,4,5,0,5,5,4,4,3,1,4,5,0,0.0,neutral or dissatisfied
13452,Male,Loyal Customer,15,Personal Travel,Eco,475,1,3,1,4,3,1,3,3,1,5,4,2,4,3,0,0.0,neutral or dissatisfied
8823,Female,Loyal Customer,44,Personal Travel,Eco,522,1,5,1,4,3,4,5,5,5,1,5,3,5,3,0,13.0,neutral or dissatisfied
106680,Male,Loyal Customer,57,Business travel,Eco,451,1,2,2,2,1,1,1,1,4,5,4,3,4,1,0,8.0,neutral or dissatisfied
45450,Female,disloyal Customer,28,Business travel,Business,522,5,5,5,3,1,5,1,1,4,2,4,4,5,1,16,13.0,satisfied
4633,Female,Loyal Customer,29,Business travel,Eco,489,2,2,2,2,2,2,2,2,2,2,3,1,3,2,0,5.0,neutral or dissatisfied
102396,Female,disloyal Customer,37,Business travel,Eco,386,2,0,2,2,4,2,2,4,5,1,5,1,3,4,0,0.0,neutral or dissatisfied
59999,Female,Loyal Customer,18,Personal Travel,Eco,937,2,5,2,2,1,2,1,1,5,2,2,1,1,1,0,0.0,neutral or dissatisfied
39090,Male,Loyal Customer,52,Business travel,Eco,584,2,3,3,3,2,2,2,2,3,5,3,2,4,2,11,34.0,neutral or dissatisfied
10000,Male,Loyal Customer,30,Personal Travel,Eco,534,4,5,4,2,3,4,3,3,3,4,5,5,5,3,0,0.0,neutral or dissatisfied
114729,Male,Loyal Customer,48,Business travel,Business,2773,4,4,4,4,4,4,4,5,5,5,5,4,5,4,0,12.0,satisfied
70445,Male,Loyal Customer,37,Personal Travel,Eco,187,2,4,2,4,5,2,2,5,5,5,5,5,4,5,0,0.0,neutral or dissatisfied
81682,Female,disloyal Customer,26,Business travel,Eco,907,4,4,4,4,5,4,5,5,1,3,4,4,4,5,0,0.0,neutral or dissatisfied
64063,Male,disloyal Customer,26,Business travel,Business,921,2,2,2,2,1,2,1,1,3,3,5,5,4,1,0,0.0,neutral or dissatisfied
60085,Male,Loyal Customer,25,Business travel,Business,2266,1,1,1,1,3,3,3,3,5,4,5,5,5,3,0,2.0,satisfied
39486,Female,Loyal Customer,34,Personal Travel,Eco,867,5,4,5,3,3,5,1,3,3,3,2,3,3,3,0,0.0,satisfied
42123,Male,Loyal Customer,48,Personal Travel,Eco,991,4,5,5,3,5,5,4,5,3,3,5,5,4,5,7,0.0,neutral or dissatisfied
74709,Female,Loyal Customer,44,Personal Travel,Eco,1464,4,5,3,3,5,4,4,3,3,3,1,5,3,3,0,0.0,neutral or dissatisfied
71997,Female,Loyal Customer,51,Personal Travel,Eco,1440,2,5,2,4,3,5,5,4,4,2,4,3,4,5,12,40.0,neutral or dissatisfied
42025,Female,Loyal Customer,30,Business travel,Business,116,0,5,0,1,2,2,2,2,4,5,4,3,4,2,0,0.0,satisfied
115390,Female,Loyal Customer,49,Business travel,Business,371,3,4,4,4,2,3,3,3,3,3,3,1,3,1,19,6.0,neutral or dissatisfied
107018,Female,Loyal Customer,22,Business travel,Business,395,4,4,4,4,5,4,5,5,5,4,4,4,4,5,19,7.0,satisfied
26123,Female,Loyal Customer,47,Personal Travel,Business,406,3,5,3,3,3,4,5,5,5,3,5,3,5,5,49,40.0,neutral or dissatisfied
126172,Female,Loyal Customer,45,Business travel,Business,631,2,2,2,2,3,4,5,5,5,5,5,4,5,3,0,0.0,satisfied
79546,Female,Loyal Customer,59,Business travel,Business,762,1,1,1,1,2,5,4,2,2,2,2,4,2,3,13,23.0,satisfied
5951,Male,Loyal Customer,64,Personal Travel,Eco,612,3,3,3,3,4,3,4,4,4,1,4,2,2,4,0,0.0,neutral or dissatisfied
43879,Female,disloyal Customer,18,Business travel,Eco,174,2,2,2,4,4,2,1,4,4,5,4,3,4,4,0,59.0,neutral or dissatisfied
103016,Male,Loyal Customer,53,Business travel,Business,460,4,4,2,4,2,4,4,4,4,4,4,5,4,4,50,42.0,satisfied
43236,Male,Loyal Customer,51,Business travel,Business,358,5,5,5,5,2,5,5,3,3,4,3,5,3,5,0,0.0,satisfied
55887,Male,Loyal Customer,23,Business travel,Business,3951,1,1,5,1,1,1,1,4,5,3,3,1,4,1,151,126.0,neutral or dissatisfied
56091,Female,Loyal Customer,52,Personal Travel,Eco Plus,2475,2,1,2,3,2,2,2,1,3,4,4,2,4,2,74,67.0,neutral or dissatisfied
117279,Female,Loyal Customer,34,Business travel,Business,370,5,5,3,5,3,4,4,5,5,5,5,3,5,5,0,6.0,satisfied
56129,Male,disloyal Customer,36,Business travel,Business,1400,2,2,2,2,3,2,3,3,3,3,4,5,4,3,112,97.0,neutral or dissatisfied
23183,Female,Loyal Customer,10,Personal Travel,Eco,300,2,5,2,1,4,2,4,4,4,2,4,4,4,4,0,0.0,neutral or dissatisfied
26286,Female,Loyal Customer,52,Business travel,Eco Plus,859,5,4,2,4,3,5,4,5,5,5,5,5,5,4,0,0.0,satisfied
99067,Female,Loyal Customer,59,Business travel,Business,237,2,2,2,2,5,5,5,5,4,5,4,5,4,5,138,125.0,satisfied
76288,Female,disloyal Customer,24,Business travel,Eco,1261,1,1,1,2,1,5,5,3,3,3,5,5,3,5,0,0.0,neutral or dissatisfied
98855,Female,Loyal Customer,55,Business travel,Business,1751,2,2,2,2,4,2,4,2,2,2,2,1,2,4,7,13.0,neutral or dissatisfied
7677,Female,disloyal Customer,22,Business travel,Eco,641,3,2,3,4,5,3,5,5,3,1,3,3,4,5,0,0.0,neutral or dissatisfied
122397,Male,Loyal Customer,27,Personal Travel,Eco,529,3,4,5,1,5,5,5,5,4,3,5,2,2,5,0,0.0,neutral or dissatisfied
71266,Male,Loyal Customer,55,Personal Travel,Eco,733,2,1,2,4,4,2,4,4,2,3,3,2,3,4,0,0.0,neutral or dissatisfied
92472,Female,Loyal Customer,54,Business travel,Business,1947,3,4,3,3,4,4,5,4,4,4,4,5,4,3,0,0.0,satisfied
64513,Male,Loyal Customer,70,Personal Travel,Business,354,2,4,2,3,3,4,4,4,4,2,5,5,4,5,16,22.0,neutral or dissatisfied
89612,Female,Loyal Customer,41,Business travel,Business,1010,5,5,5,5,3,4,5,2,2,2,2,5,2,5,0,0.0,satisfied
115831,Female,disloyal Customer,36,Business travel,Eco,446,2,3,3,2,3,3,3,3,1,4,3,3,1,3,0,4.0,neutral or dissatisfied
17020,Female,disloyal Customer,20,Business travel,Eco,781,1,2,2,4,5,2,5,5,1,5,3,2,3,5,0,0.0,neutral or dissatisfied
19976,Male,Loyal Customer,51,Personal Travel,Eco,557,3,3,3,3,5,3,5,5,2,4,1,2,5,5,0,0.0,neutral or dissatisfied
112102,Male,Loyal Customer,74,Business travel,Eco,662,4,4,4,4,4,4,4,4,1,5,4,3,5,4,25,0.0,satisfied
17860,Female,Loyal Customer,35,Business travel,Eco,453,5,4,4,4,5,5,5,5,4,3,3,5,5,5,0,0.0,satisfied
5416,Female,Loyal Customer,57,Business travel,Business,589,1,1,1,1,2,5,5,5,5,5,5,4,5,4,1,0.0,satisfied
37107,Male,Loyal Customer,50,Business travel,Business,2757,5,5,5,5,3,3,3,4,3,5,3,3,2,3,233,250.0,satisfied
26239,Male,Loyal Customer,11,Personal Travel,Eco,581,3,4,3,2,5,3,5,5,3,5,5,4,4,5,16,23.0,neutral or dissatisfied
66226,Male,Loyal Customer,56,Business travel,Business,550,4,4,4,4,5,4,4,4,4,4,4,1,4,3,5,12.0,neutral or dissatisfied
93905,Female,Loyal Customer,21,Business travel,Business,1686,4,4,4,4,4,4,4,4,3,4,5,5,4,4,0,0.0,satisfied
89497,Male,Loyal Customer,47,Personal Travel,Business,684,4,5,4,4,5,4,5,2,2,4,2,3,2,5,0,0.0,neutral or dissatisfied
62980,Male,Loyal Customer,55,Business travel,Business,3431,2,2,2,2,4,4,4,2,2,2,2,4,2,4,27,24.0,satisfied
31264,Female,Loyal Customer,49,Business travel,Eco,533,4,5,5,5,3,1,2,4,4,4,4,5,4,1,45,40.0,satisfied
82836,Male,Loyal Customer,14,Business travel,Business,2366,5,5,2,5,4,4,4,4,4,2,5,5,4,4,0,21.0,satisfied
113271,Female,Loyal Customer,56,Business travel,Business,2760,1,1,3,3,5,1,2,5,5,4,1,1,5,3,28,26.0,neutral or dissatisfied
4505,Female,Loyal Customer,65,Personal Travel,Eco,435,0,5,0,2,4,4,4,3,3,0,3,3,3,5,0,0.0,satisfied
3270,Male,Loyal Customer,45,Business travel,Eco,479,3,1,1,1,4,3,4,4,3,3,3,1,3,4,0,0.0,neutral or dissatisfied
95123,Male,Loyal Customer,20,Personal Travel,Eco,189,2,3,2,3,2,2,2,2,4,2,4,3,3,2,0,0.0,neutral or dissatisfied
64108,Male,disloyal Customer,22,Business travel,Eco,1297,1,1,1,1,2,1,2,2,3,2,4,3,4,2,5,19.0,neutral or dissatisfied
52521,Male,Loyal Customer,57,Business travel,Eco,119,4,4,4,4,4,4,4,4,4,2,4,4,1,4,0,0.0,satisfied
97818,Male,disloyal Customer,32,Business travel,Eco,480,3,2,3,2,1,3,1,1,3,3,3,3,2,1,0,0.0,neutral or dissatisfied
95182,Female,Loyal Customer,7,Personal Travel,Eco,319,1,4,2,4,1,2,1,1,4,1,5,4,4,1,0,0.0,neutral or dissatisfied
20997,Male,disloyal Customer,22,Business travel,Eco,721,5,5,5,2,5,5,4,5,1,2,3,2,3,5,0,0.0,satisfied
39907,Female,Loyal Customer,64,Personal Travel,Eco Plus,272,4,0,4,1,3,4,3,1,1,4,2,5,1,3,4,0.0,neutral or dissatisfied
7322,Male,Loyal Customer,20,Personal Travel,Eco Plus,116,3,4,0,2,5,0,5,5,5,3,4,5,5,5,0,0.0,neutral or dissatisfied
23115,Female,disloyal Customer,44,Business travel,Eco,646,3,4,3,4,4,3,4,4,4,5,4,2,3,4,0,0.0,neutral or dissatisfied
14771,Male,disloyal Customer,28,Business travel,Eco,545,1,5,1,4,5,1,5,5,4,4,4,3,1,5,0,0.0,neutral or dissatisfied
101305,Female,Loyal Customer,49,Business travel,Business,444,4,4,4,4,5,5,4,5,5,5,5,5,5,3,30,26.0,satisfied
120640,Male,disloyal Customer,22,Business travel,Business,280,4,3,4,2,3,4,3,3,3,2,4,5,5,3,39,32.0,satisfied
32022,Female,Loyal Customer,55,Business travel,Eco,216,5,5,5,5,5,5,2,5,5,5,5,2,5,2,0,0.0,satisfied
74955,Male,Loyal Customer,54,Business travel,Business,946,3,3,1,3,5,1,3,4,4,4,4,5,4,5,0,0.0,satisfied
118261,Female,Loyal Customer,50,Personal Travel,Eco,1972,3,3,2,2,2,2,3,3,3,2,5,3,3,2,0,8.0,neutral or dissatisfied
23999,Female,Loyal Customer,32,Business travel,Business,427,3,5,5,5,3,3,3,3,3,3,2,2,2,3,0,0.0,neutral or dissatisfied
41,Female,Loyal Customer,54,Business travel,Business,1554,2,2,2,2,2,4,4,4,4,4,4,3,4,5,59,70.0,satisfied
48724,Male,Loyal Customer,32,Business travel,Business,1667,4,5,4,5,4,4,4,4,3,4,5,5,5,4,77,,satisfied
111348,Male,Loyal Customer,30,Business travel,Business,3845,4,4,4,4,4,4,4,4,3,2,5,5,5,4,0,0.0,satisfied
81342,Male,Loyal Customer,31,Business travel,Business,2316,1,0,0,3,4,0,4,4,4,2,3,1,3,4,0,0.0,neutral or dissatisfied
90701,Male,disloyal Customer,38,Business travel,Business,594,2,2,2,3,4,2,4,4,3,2,4,5,5,4,12,8.0,satisfied
62252,Female,disloyal Customer,25,Business travel,Business,1294,4,0,4,3,4,4,2,4,3,5,5,4,4,4,14,1.0,satisfied
106401,Male,Loyal Customer,33,Business travel,Business,551,2,4,5,4,2,2,2,2,1,4,3,3,3,2,19,21.0,neutral or dissatisfied
105046,Female,Loyal Customer,34,Personal Travel,Eco,361,3,4,3,1,5,3,2,5,3,5,5,3,5,5,5,0.0,neutral or dissatisfied
96836,Male,disloyal Customer,39,Business travel,Business,849,5,5,5,3,3,5,1,3,3,4,4,5,5,3,26,4.0,satisfied
38921,Female,disloyal Customer,65,Business travel,Eco,320,2,2,2,3,1,2,1,1,4,5,3,3,3,1,5,11.0,neutral or dissatisfied
53359,Female,Loyal Customer,39,Business travel,Eco,1452,4,1,3,1,4,4,4,4,1,2,2,4,1,4,5,0.0,satisfied
95751,Male,disloyal Customer,37,Business travel,Eco,181,2,2,2,4,5,2,2,5,4,2,4,2,4,5,7,0.0,neutral or dissatisfied
85638,Male,Loyal Customer,22,Personal Travel,Eco,317,4,4,4,3,4,4,4,4,5,3,5,4,3,4,0,0.0,neutral or dissatisfied
3168,Female,Loyal Customer,39,Business travel,Business,1777,3,3,3,3,3,5,5,4,4,4,4,5,4,4,0,29.0,satisfied
54773,Female,Loyal Customer,49,Business travel,Eco Plus,387,2,5,5,5,3,3,3,2,2,2,2,1,2,3,0,0.0,neutral or dissatisfied
53026,Female,disloyal Customer,18,Business travel,Eco,1190,2,2,2,3,4,2,4,4,4,2,3,3,4,4,0,0.0,neutral or dissatisfied
60269,Male,disloyal Customer,29,Business travel,Business,2446,0,0,0,2,0,2,2,3,2,3,4,2,3,2,0,11.0,satisfied
17583,Female,Loyal Customer,68,Personal Travel,Eco,1034,3,5,4,1,3,5,5,5,5,4,1,3,5,4,0,0.0,neutral or dissatisfied
100162,Male,disloyal Customer,20,Business travel,Eco,123,4,2,4,2,4,4,4,4,4,5,2,2,1,4,11,25.0,neutral or dissatisfied
18160,Male,Loyal Customer,48,Personal Travel,Eco,430,1,2,1,3,5,1,5,5,1,5,4,1,3,5,0,0.0,neutral or dissatisfied
6929,Female,Loyal Customer,57,Business travel,Business,3325,3,3,3,3,3,4,5,5,5,5,5,4,5,3,0,2.0,satisfied
108155,Male,Loyal Customer,15,Personal Travel,Eco,997,3,3,3,3,3,3,5,3,3,4,4,1,4,3,0,0.0,neutral or dissatisfied
58099,Female,Loyal Customer,58,Personal Travel,Eco,589,3,4,3,2,3,4,4,3,3,3,1,4,3,4,1,0.0,neutral or dissatisfied
46291,Female,Loyal Customer,21,Personal Travel,Business,770,1,4,1,2,3,1,3,3,3,4,5,3,4,3,0,0.0,neutral or dissatisfied
54427,Female,Loyal Customer,60,Personal Travel,Eco,305,2,4,2,2,5,5,5,4,4,2,2,5,4,4,0,0.0,neutral or dissatisfied
53065,Female,Loyal Customer,58,Personal Travel,Eco,1190,3,5,3,2,3,4,4,1,1,3,1,5,1,5,0,0.0,neutral or dissatisfied
35018,Male,Loyal Customer,15,Business travel,Business,2907,5,5,5,5,5,5,5,5,4,5,4,5,1,5,0,0.0,satisfied
5089,Female,Loyal Customer,35,Business travel,Business,3910,3,3,3,3,3,2,4,4,4,4,4,3,4,4,0,1.0,satisfied
70673,Female,Loyal Customer,36,Business travel,Business,3731,2,2,2,2,3,5,4,4,4,5,4,5,4,5,17,28.0,satisfied
89326,Male,Loyal Customer,60,Business travel,Business,1587,1,1,1,1,4,4,4,5,5,5,5,4,5,5,0,0.0,satisfied
83360,Female,Loyal Customer,23,Business travel,Business,3306,4,3,2,3,4,4,4,4,4,2,4,4,3,4,1,21.0,neutral or dissatisfied
5119,Male,Loyal Customer,46,Business travel,Business,2766,5,5,4,5,2,4,5,4,4,4,4,5,4,5,0,11.0,satisfied
40293,Male,Loyal Customer,67,Personal Travel,Eco,347,3,5,3,3,4,3,5,4,3,4,5,4,4,4,0,0.0,neutral or dissatisfied
6601,Male,Loyal Customer,57,Personal Travel,Eco,473,2,4,2,4,4,2,5,4,3,1,3,2,3,4,2,0.0,neutral or dissatisfied
6142,Male,Loyal Customer,43,Business travel,Business,3403,4,4,4,4,5,5,4,5,5,5,5,4,5,4,42,41.0,satisfied
52490,Female,Loyal Customer,64,Personal Travel,Eco Plus,751,2,4,2,2,3,5,5,5,5,2,5,5,5,3,129,120.0,neutral or dissatisfied
104929,Female,Loyal Customer,28,Personal Travel,Eco,210,2,4,2,4,1,2,1,1,3,2,3,4,3,1,37,42.0,neutral or dissatisfied
80862,Female,Loyal Customer,66,Personal Travel,Eco,692,3,4,3,4,3,4,5,2,2,3,2,5,2,5,0,8.0,neutral or dissatisfied
56436,Male,disloyal Customer,30,Business travel,Eco,719,2,2,2,3,5,2,5,5,3,2,3,4,3,5,0,11.0,neutral or dissatisfied
79062,Male,Loyal Customer,57,Business travel,Business,3765,3,3,3,3,3,5,5,3,3,3,3,4,3,3,0,0.0,satisfied
124029,Female,Loyal Customer,28,Personal Travel,Eco,184,3,1,3,4,4,3,4,4,4,1,4,1,3,4,14,5.0,neutral or dissatisfied
101758,Male,Loyal Customer,64,Personal Travel,Eco,1590,3,5,3,4,1,3,1,1,3,4,5,5,5,1,0,0.0,neutral or dissatisfied
13808,Female,Loyal Customer,33,Business travel,Business,641,3,3,3,3,4,2,4,4,4,4,4,4,4,3,0,0.0,satisfied
112485,Female,Loyal Customer,24,Personal Travel,Eco,846,3,4,3,2,4,3,4,4,3,2,4,5,4,4,9,1.0,neutral or dissatisfied
82940,Female,Loyal Customer,28,Personal Travel,Eco Plus,594,3,4,3,3,5,3,5,5,4,4,3,1,3,5,0,0.0,neutral or dissatisfied
86994,Female,Loyal Customer,65,Personal Travel,Eco,907,3,4,3,1,5,5,5,1,1,3,1,5,1,4,8,6.0,neutral or dissatisfied
26957,Female,Loyal Customer,40,Business travel,Business,1717,5,5,5,5,2,5,5,4,4,4,4,3,4,3,0,0.0,satisfied
110980,Male,Loyal Customer,40,Business travel,Business,197,3,3,3,3,5,4,4,4,4,4,5,4,4,4,11,1.0,satisfied
27637,Female,Loyal Customer,48,Business travel,Eco Plus,554,5,1,1,1,1,3,3,5,5,5,5,5,5,2,0,0.0,satisfied
31320,Male,Loyal Customer,17,Personal Travel,Eco,680,4,4,5,3,4,5,4,4,5,4,5,4,4,4,0,0.0,neutral or dissatisfied
30060,Female,Loyal Customer,37,Business travel,Eco,183,4,2,2,2,4,4,4,4,3,5,1,4,3,4,71,57.0,satisfied
34987,Female,Loyal Customer,55,Personal Travel,Eco Plus,273,4,3,4,1,4,5,3,3,3,4,3,5,3,3,0,4.0,neutral or dissatisfied
107866,Male,disloyal Customer,22,Business travel,Business,228,5,3,4,1,3,4,3,3,4,2,5,3,4,3,26,32.0,satisfied
115500,Male,Loyal Customer,40,Business travel,Business,3080,1,1,1,1,3,5,5,5,5,5,5,5,5,3,0,0.0,satisfied
78870,Male,Loyal Customer,39,Personal Travel,Eco,1995,2,4,2,5,5,2,5,5,3,5,4,4,5,5,2,11.0,neutral or dissatisfied
1246,Male,Loyal Customer,24,Personal Travel,Eco,164,3,4,3,4,4,3,4,4,4,4,4,3,5,4,0,0.0,neutral or dissatisfied
11927,Male,Loyal Customer,29,Personal Travel,Eco,744,3,5,3,3,2,3,2,2,5,4,5,4,4,2,0,2.0,neutral or dissatisfied
410,Male,Loyal Customer,57,Business travel,Business,3687,2,1,1,1,1,4,4,2,2,2,2,4,2,1,0,0.0,neutral or dissatisfied
58873,Female,disloyal Customer,29,Business travel,Business,888,4,4,4,4,1,4,1,1,4,5,5,4,5,1,14,22.0,satisfied
73652,Male,Loyal Customer,57,Business travel,Business,2818,1,1,5,1,5,5,4,4,4,5,4,4,4,5,6,0.0,satisfied
91504,Male,Loyal Customer,39,Business travel,Business,1620,2,2,2,2,5,5,4,5,5,5,5,4,5,3,0,0.0,satisfied
39260,Female,Loyal Customer,56,Business travel,Business,2881,1,1,1,1,5,3,3,3,3,3,1,1,3,3,0,18.0,neutral or dissatisfied
9133,Female,Loyal Customer,30,Business travel,Business,3267,3,3,3,3,4,4,4,4,3,4,4,4,3,4,327,326.0,satisfied
20753,Male,Loyal Customer,59,Personal Travel,Eco,363,2,2,3,2,3,3,2,3,4,4,1,3,2,3,4,13.0,neutral or dissatisfied
59305,Male,Loyal Customer,33,Business travel,Business,2367,2,2,2,2,5,5,5,5,4,3,4,4,5,5,7,1.0,satisfied
29666,Male,Loyal Customer,59,Personal Travel,Eco,680,4,5,4,4,3,4,3,3,4,5,4,3,5,3,0,0.0,neutral or dissatisfied
104053,Female,Loyal Customer,38,Personal Travel,Eco,1044,3,4,3,5,5,3,4,5,5,1,2,1,1,5,12,12.0,neutral or dissatisfied
17505,Male,Loyal Customer,29,Business travel,Business,2668,2,2,2,2,3,4,3,3,1,5,4,1,2,3,16,0.0,satisfied
97050,Male,disloyal Customer,29,Business travel,Business,1242,4,4,4,4,4,5,5,3,3,5,5,5,4,5,301,289.0,neutral or dissatisfied
35052,Male,Loyal Customer,40,Business travel,Business,3415,5,5,5,5,4,5,4,4,4,4,4,4,4,5,0,0.0,satisfied
41942,Male,Loyal Customer,49,Business travel,Business,3284,5,5,5,5,5,5,5,3,3,3,3,5,3,5,0,0.0,satisfied
54306,Male,Loyal Customer,34,Business travel,Business,1597,1,1,1,1,4,4,4,5,5,5,5,4,5,4,4,0.0,satisfied
53431,Female,Loyal Customer,25,Business travel,Business,2288,3,3,3,3,5,4,5,5,3,4,4,2,4,5,0,0.0,satisfied
80049,Male,Loyal Customer,28,Personal Travel,Eco,1069,2,1,2,2,4,2,4,4,3,2,1,4,2,4,0,0.0,neutral or dissatisfied
121304,Male,Loyal Customer,55,Business travel,Business,3959,5,5,5,5,3,5,5,5,5,5,5,3,5,3,7,0.0,satisfied
107508,Male,Loyal Customer,12,Personal Travel,Eco,711,2,4,1,3,5,1,5,5,3,3,4,2,4,5,49,47.0,neutral or dissatisfied
32485,Male,Loyal Customer,67,Business travel,Business,163,1,1,1,1,2,1,5,4,4,4,4,1,4,5,0,0.0,satisfied
73230,Male,Loyal Customer,55,Personal Travel,Eco,946,2,5,3,1,3,3,3,3,5,1,1,3,3,3,0,0.0,neutral or dissatisfied
25922,Male,Loyal Customer,56,Business travel,Eco,594,4,4,1,4,4,4,4,4,1,1,4,4,2,4,7,0.0,satisfied
29898,Male,Loyal Customer,56,Business travel,Eco,261,5,1,1,1,5,5,5,5,3,1,2,4,2,5,0,0.0,satisfied
88867,Male,disloyal Customer,35,Business travel,Business,859,2,2,2,2,4,2,5,4,3,4,4,4,5,4,0,0.0,neutral or dissatisfied
119150,Female,disloyal Customer,41,Business travel,Business,331,2,2,2,4,4,2,4,4,3,2,4,4,4,4,0,0.0,neutral or dissatisfied
29740,Female,disloyal Customer,37,Business travel,Business,548,3,2,2,4,4,2,4,4,3,5,4,5,5,4,0,0.0,neutral or dissatisfied
110357,Female,disloyal Customer,25,Business travel,Eco,663,1,2,1,3,2,1,2,2,1,5,3,4,3,2,28,12.0,neutral or dissatisfied
45534,Male,disloyal Customer,28,Business travel,Eco,566,3,1,3,4,2,3,2,2,4,3,3,4,4,2,100,88.0,neutral or dissatisfied
81517,Male,Loyal Customer,50,Business travel,Business,1124,1,1,4,1,2,4,4,3,3,3,3,4,3,4,13,3.0,satisfied
20095,Female,Loyal Customer,34,Business travel,Eco,416,2,5,5,5,2,2,2,2,1,5,3,3,4,2,22,38.0,neutral or dissatisfied
84744,Male,Loyal Customer,32,Business travel,Business,516,4,4,5,4,4,5,4,4,4,3,5,5,4,4,0,0.0,satisfied
11527,Female,Loyal Customer,69,Personal Travel,Eco Plus,429,3,3,2,3,5,3,4,5,5,2,5,3,5,2,0,0.0,neutral or dissatisfied
6412,Female,Loyal Customer,35,Personal Travel,Eco,315,2,4,2,3,2,2,3,2,4,4,3,2,4,2,0,20.0,neutral or dissatisfied
52071,Female,disloyal Customer,33,Business travel,Eco,639,3,5,3,5,3,3,3,3,1,1,1,5,3,3,47,50.0,neutral or dissatisfied
45267,Male,Loyal Customer,44,Business travel,Business,3357,4,4,4,4,3,4,5,4,4,4,4,3,4,4,0,0.0,satisfied
32028,Female,disloyal Customer,55,Business travel,Eco,163,3,3,3,5,5,3,5,5,2,2,3,2,5,5,0,0.0,neutral or dissatisfied
44644,Female,Loyal Customer,38,Business travel,Eco,67,4,1,1,1,4,4,4,4,3,2,4,4,4,4,11,1.0,satisfied
76063,Male,Loyal Customer,39,Business travel,Business,669,1,1,1,1,3,4,5,5,5,5,5,4,5,3,20,68.0,satisfied
47038,Female,Loyal Customer,35,Business travel,Eco,438,4,2,1,2,4,4,4,4,2,3,4,5,3,4,0,0.0,satisfied
99574,Male,disloyal Customer,28,Business travel,Eco,829,2,2,2,3,1,2,1,1,3,5,4,1,3,1,0,0.0,neutral or dissatisfied
4683,Male,Loyal Customer,23,Personal Travel,Eco,364,2,5,2,1,2,2,2,2,4,2,5,3,5,2,0,40.0,neutral or dissatisfied
93549,Female,disloyal Customer,21,Business travel,Eco,719,1,1,1,1,4,1,1,4,5,2,5,5,5,4,0,0.0,neutral or dissatisfied
65382,Female,Loyal Customer,50,Personal Travel,Eco,432,3,3,2,3,1,3,5,2,2,2,4,2,2,5,0,21.0,neutral or dissatisfied
88598,Male,Loyal Customer,12,Personal Travel,Eco,444,4,4,4,5,1,4,1,1,4,4,5,4,5,1,0,0.0,neutral or dissatisfied
70642,Female,Loyal Customer,44,Business travel,Business,2214,4,4,4,4,5,4,4,4,4,4,4,5,4,3,0,0.0,satisfied
50191,Female,Loyal Customer,26,Business travel,Business,3879,3,2,2,2,3,3,3,3,3,4,3,1,4,3,0,0.0,neutral or dissatisfied
32115,Female,Loyal Customer,42,Business travel,Business,216,3,3,3,3,2,4,3,4,4,4,3,1,4,4,1,4.0,neutral or dissatisfied
43016,Female,Loyal Customer,37,Business travel,Business,1554,3,3,2,3,4,4,4,3,3,3,3,2,3,1,47,33.0,neutral or dissatisfied
24179,Female,Loyal Customer,17,Business travel,Eco,134,4,5,3,3,4,4,3,4,2,5,3,4,4,4,10,15.0,neutral or dissatisfied
50343,Male,disloyal Customer,30,Business travel,Eco,134,1,1,0,4,3,0,5,3,4,5,3,4,3,3,0,0.0,neutral or dissatisfied
119353,Male,Loyal Customer,40,Personal Travel,Eco Plus,214,5,5,5,4,1,5,1,1,3,2,4,5,5,1,0,0.0,satisfied
90103,Female,disloyal Customer,27,Business travel,Eco,957,1,1,1,3,2,1,2,2,4,4,3,1,4,2,1,0.0,neutral or dissatisfied
66628,Female,Loyal Customer,17,Personal Travel,Business,802,3,1,3,2,2,3,3,2,3,1,2,4,2,2,25,29.0,neutral or dissatisfied
72419,Female,Loyal Customer,25,Business travel,Business,918,5,5,5,5,4,4,4,4,3,5,4,5,4,4,0,0.0,satisfied
125991,Female,Loyal Customer,54,Personal Travel,Business,507,1,4,1,3,5,1,5,2,2,1,2,4,2,4,0,0.0,neutral or dissatisfied
112105,Male,Loyal Customer,25,Personal Travel,Eco,1062,2,4,2,2,5,2,1,5,4,4,5,5,5,5,58,34.0,neutral or dissatisfied
16741,Male,Loyal Customer,56,Personal Travel,Eco,1167,4,5,4,3,4,4,4,4,4,4,5,4,5,4,0,8.0,neutral or dissatisfied
16729,Male,Loyal Customer,36,Business travel,Eco,1167,1,5,5,5,1,1,1,1,4,2,3,2,3,1,0,21.0,neutral or dissatisfied
1502,Female,Loyal Customer,15,Personal Travel,Eco,737,3,4,2,3,2,2,2,2,4,3,5,3,4,2,0,4.0,neutral or dissatisfied
13416,Female,Loyal Customer,47,Business travel,Business,409,4,4,4,4,3,4,2,4,4,4,4,4,4,5,0,0.0,satisfied
44631,Male,Loyal Customer,57,Business travel,Business,2587,5,5,5,5,1,1,4,4,4,4,4,3,4,4,0,71.0,satisfied
112145,Male,Loyal Customer,51,Business travel,Business,895,4,4,4,4,5,5,5,3,3,3,3,5,3,5,4,0.0,satisfied
45566,Female,Loyal Customer,23,Personal Travel,Eco,1304,3,5,3,3,5,3,5,5,5,4,4,4,4,5,55,44.0,neutral or dissatisfied
97655,Male,Loyal Customer,38,Business travel,Business,2922,2,2,2,2,3,5,4,4,4,4,4,5,4,3,17,13.0,satisfied
35826,Male,Loyal Customer,37,Business travel,Eco,997,4,4,4,4,4,4,4,4,2,1,5,4,1,4,371,372.0,satisfied
32361,Male,Loyal Customer,39,Business travel,Business,2396,0,3,0,4,1,3,4,5,5,5,5,2,5,3,0,0.0,satisfied
28070,Male,Loyal Customer,68,Personal Travel,Eco,2603,5,5,5,2,5,5,5,1,5,5,3,5,5,5,20,52.0,satisfied
31315,Female,Loyal Customer,51,Personal Travel,Eco,680,2,5,2,5,4,5,5,5,5,2,5,5,5,3,8,8.0,neutral or dissatisfied
93535,Male,Loyal Customer,56,Personal Travel,Eco,1315,1,5,2,3,1,2,2,1,5,4,4,3,5,1,0,0.0,neutral or dissatisfied
34878,Male,Loyal Customer,64,Personal Travel,Eco,2248,1,4,1,3,1,2,2,5,4,3,4,2,4,2,16,40.0,neutral or dissatisfied
65691,Female,Loyal Customer,45,Business travel,Business,936,4,4,5,4,5,5,4,4,4,4,4,4,4,5,0,0.0,satisfied
65213,Male,Loyal Customer,36,Business travel,Business,2387,2,2,2,2,5,4,5,4,4,4,5,5,4,5,0,0.0,satisfied
11023,Male,Loyal Customer,43,Business travel,Business,3079,3,3,3,3,4,5,5,5,5,5,3,3,5,4,0,0.0,satisfied
86473,Female,Loyal Customer,57,Business travel,Eco,312,5,4,1,4,5,2,5,5,5,5,5,1,5,5,0,0.0,satisfied
43622,Male,Loyal Customer,37,Personal Travel,Eco,297,4,4,4,4,1,4,1,1,5,2,5,5,5,1,0,6.0,satisfied
122741,Male,Loyal Customer,29,Business travel,Business,3688,4,4,4,4,4,4,4,4,5,5,5,3,5,4,0,0.0,satisfied
66,Male,Loyal Customer,36,Business travel,Business,173,1,5,5,5,4,3,3,3,3,3,1,2,3,3,12,8.0,neutral or dissatisfied
107164,Female,Loyal Customer,54,Business travel,Business,3918,3,3,1,3,5,5,5,5,4,4,5,5,5,5,124,143.0,satisfied
48091,Female,Loyal Customer,55,Business travel,Eco,236,5,3,3,3,1,3,3,5,5,5,5,2,5,3,29,24.0,satisfied
13256,Male,Loyal Customer,53,Business travel,Eco,772,2,2,2,2,2,2,2,2,3,3,3,1,3,2,0,0.0,neutral or dissatisfied
21509,Female,Loyal Customer,42,Personal Travel,Eco,164,1,2,1,4,1,4,4,3,3,1,3,1,3,4,10,2.0,neutral or dissatisfied
102663,Male,Loyal Customer,43,Business travel,Business,255,3,3,3,3,2,4,4,5,5,5,5,3,5,3,4,0.0,satisfied
125335,Female,Loyal Customer,57,Business travel,Business,599,3,3,3,3,4,5,5,4,4,5,4,5,4,4,4,1.0,satisfied
36094,Male,Loyal Customer,25,Personal Travel,Eco,399,2,4,2,3,3,2,3,3,5,5,5,4,4,3,65,55.0,neutral or dissatisfied
103530,Female,Loyal Customer,58,Business travel,Business,1719,1,1,1,1,2,4,4,5,5,5,5,4,5,3,12,2.0,satisfied
22310,Male,disloyal Customer,16,Business travel,Eco,83,1,3,1,3,4,1,4,4,2,5,4,1,4,4,39,31.0,neutral or dissatisfied
55697,Male,disloyal Customer,25,Business travel,Eco,1062,3,3,3,4,3,3,2,3,1,3,4,4,3,3,0,2.0,neutral or dissatisfied
94712,Female,disloyal Customer,26,Business travel,Eco,323,2,2,2,4,4,2,4,4,4,2,3,2,4,4,11,13.0,neutral or dissatisfied
71826,Female,Loyal Customer,18,Business travel,Business,1726,2,2,2,2,2,2,2,2,3,3,3,1,3,2,0,0.0,neutral or dissatisfied
120852,Male,Loyal Customer,18,Personal Travel,Business,861,3,4,4,1,5,4,5,5,4,5,5,4,4,5,0,0.0,neutral or dissatisfied
45833,Female,Loyal Customer,62,Personal Travel,Eco,391,3,5,3,1,3,4,4,4,4,5,5,4,4,4,147,137.0,neutral or dissatisfied
120420,Male,Loyal Customer,39,Business travel,Eco,366,2,2,2,2,2,2,2,2,3,3,2,2,2,2,3,0.0,neutral or dissatisfied
103314,Female,Loyal Customer,47,Business travel,Business,1139,3,1,1,1,1,4,4,3,3,4,3,1,3,4,68,84.0,neutral or dissatisfied
123008,Male,Loyal Customer,25,Business travel,Business,3975,3,2,3,3,4,4,4,4,3,4,4,3,5,4,45,37.0,satisfied
8225,Female,Loyal Customer,20,Personal Travel,Eco,335,3,4,5,5,3,5,3,3,3,5,4,4,5,3,0,0.0,neutral or dissatisfied
73016,Male,Loyal Customer,11,Personal Travel,Eco,1096,1,3,0,4,3,0,3,3,3,2,3,4,4,3,10,13.0,neutral or dissatisfied
85948,Female,Loyal Customer,48,Business travel,Business,554,1,1,1,1,2,5,5,4,4,5,4,4,4,4,1,0.0,satisfied
123253,Male,Loyal Customer,59,Personal Travel,Eco,468,4,5,4,3,3,4,3,3,5,5,4,3,5,3,9,14.0,neutral or dissatisfied
129656,Male,Loyal Customer,35,Business travel,Business,337,4,4,5,4,3,4,4,4,4,4,4,3,4,3,67,63.0,satisfied
59053,Male,disloyal Customer,38,Business travel,Eco,1726,2,2,2,3,2,2,2,2,3,4,4,3,3,2,19,0.0,neutral or dissatisfied
98473,Male,Loyal Customer,28,Personal Travel,Eco,210,1,4,1,4,4,1,4,4,3,1,3,1,4,4,6,1.0,neutral or dissatisfied
80630,Male,Loyal Customer,43,Business travel,Business,2351,3,3,3,3,4,4,4,4,4,4,4,3,4,3,0,0.0,satisfied
70695,Male,Loyal Customer,39,Business travel,Eco Plus,447,3,5,3,5,3,3,3,3,1,5,3,3,4,3,0,0.0,neutral or dissatisfied
57194,Female,disloyal Customer,28,Business travel,Business,1514,4,3,3,1,4,3,4,4,4,2,4,5,5,4,0,0.0,satisfied
19452,Male,Loyal Customer,35,Business travel,Business,3206,4,4,4,4,1,5,5,4,4,4,4,2,4,3,0,0.0,satisfied
125432,Male,Loyal Customer,69,Personal Travel,Eco,735,4,5,4,3,5,4,5,5,1,3,4,1,4,5,0,0.0,satisfied
83698,Female,Loyal Customer,18,Personal Travel,Eco,577,2,2,2,3,5,2,5,5,1,2,3,3,3,5,66,100.0,neutral or dissatisfied
127420,Female,Loyal Customer,55,Personal Travel,Eco,1009,3,2,3,4,3,3,4,1,1,3,1,2,1,3,4,0.0,neutral or dissatisfied
92352,Male,Loyal Customer,65,Personal Travel,Eco,2399,2,5,1,3,1,1,1,5,4,3,4,1,4,1,0,7.0,neutral or dissatisfied
41962,Female,Loyal Customer,17,Business travel,Business,2062,1,0,0,3,2,0,5,2,2,2,2,1,3,2,0,0.0,neutral or dissatisfied
118969,Male,Loyal Customer,22,Personal Travel,Eco,570,2,3,2,3,5,2,5,5,1,5,3,4,4,5,0,0.0,neutral or dissatisfied
45102,Male,Loyal Customer,39,Business travel,Business,3143,3,3,3,3,2,1,1,4,4,4,5,4,4,4,43,37.0,satisfied
76728,Male,Loyal Customer,72,Business travel,Eco Plus,147,5,2,2,2,5,5,5,5,2,2,1,4,3,5,0,0.0,satisfied
96638,Female,Loyal Customer,50,Business travel,Business,937,5,5,5,5,4,4,5,4,4,4,4,3,4,5,2,0.0,satisfied
79299,Male,Loyal Customer,48,Business travel,Business,2248,2,2,2,2,5,3,5,4,4,4,4,3,4,3,97,81.0,satisfied
43034,Female,Loyal Customer,36,Business travel,Business,3624,5,5,5,5,1,3,5,4,4,4,4,3,4,5,0,0.0,satisfied
100358,Male,Loyal Customer,50,Personal Travel,Eco,1052,2,4,2,4,5,2,5,5,5,4,4,5,5,5,0,0.0,neutral or dissatisfied
28786,Female,Loyal Customer,31,Business travel,Business,605,2,2,2,2,2,2,2,2,2,1,4,2,4,2,0,0.0,neutral or dissatisfied
12893,Male,Loyal Customer,44,Business travel,Business,2247,4,1,4,4,4,1,3,4,4,5,4,3,4,5,0,0.0,satisfied
110351,Female,Loyal Customer,22,Business travel,Business,925,2,2,1,2,4,4,4,4,5,2,5,4,4,4,34,12.0,satisfied
79391,Male,disloyal Customer,32,Business travel,Business,502,1,1,1,3,2,1,2,2,3,5,5,5,5,2,0,0.0,neutral or dissatisfied
85060,Female,Loyal Customer,30,Business travel,Business,3874,3,3,3,3,4,4,4,4,5,3,4,3,4,4,0,9.0,satisfied
61962,Male,Loyal Customer,29,Personal Travel,Eco,2161,4,1,4,4,5,4,5,5,2,4,4,2,3,5,0,0.0,neutral or dissatisfied
66167,Male,Loyal Customer,34,Business travel,Business,460,5,5,5,5,4,4,5,3,3,2,3,5,3,3,1,0.0,satisfied
129460,Male,Loyal Customer,55,Business travel,Business,2590,3,3,3,3,3,5,4,5,5,5,5,5,5,4,0,0.0,satisfied
114944,Female,Loyal Customer,46,Business travel,Business,373,1,1,5,1,3,5,5,4,4,4,4,5,4,4,79,66.0,satisfied
51531,Female,Loyal Customer,52,Business travel,Business,370,1,1,4,1,4,2,5,4,4,4,4,3,4,3,0,0.0,satisfied
32536,Female,Loyal Customer,41,Business travel,Eco,163,4,3,3,3,4,4,4,4,2,4,3,3,2,4,3,0.0,satisfied
51370,Male,Loyal Customer,28,Personal Travel,Eco Plus,109,2,0,2,1,3,2,3,3,5,2,4,5,5,3,0,0.0,neutral or dissatisfied
69293,Female,Loyal Customer,40,Business travel,Business,2024,3,3,3,3,5,4,5,4,4,4,4,5,4,3,7,14.0,satisfied
126113,Female,Loyal Customer,52,Business travel,Business,507,1,3,5,3,5,4,4,1,1,1,1,2,1,1,4,9.0,neutral or dissatisfied
105938,Female,Loyal Customer,44,Personal Travel,Eco,1491,1,5,1,3,4,5,1,1,1,1,1,3,1,3,0,8.0,neutral or dissatisfied
24431,Female,Loyal Customer,63,Personal Travel,Eco,634,2,5,2,2,3,4,5,1,1,2,1,3,1,5,0,1.0,neutral or dissatisfied
120698,Male,Loyal Customer,63,Personal Travel,Eco,280,1,5,1,1,1,1,1,1,5,2,4,4,5,1,82,86.0,neutral or dissatisfied
36271,Female,Loyal Customer,57,Personal Travel,Eco,728,2,4,1,4,4,3,5,2,2,1,2,2,2,3,19,7.0,neutral or dissatisfied
40379,Female,Loyal Customer,26,Personal Travel,Eco,1250,4,5,3,2,1,3,1,1,5,3,4,3,5,1,0,0.0,neutral or dissatisfied
122291,Female,Loyal Customer,38,Personal Travel,Eco,603,3,4,3,3,3,3,3,3,5,2,5,3,4,3,0,0.0,neutral or dissatisfied
31239,Male,Loyal Customer,41,Business travel,Business,472,1,1,3,1,3,3,1,5,5,5,5,3,5,2,0,0.0,satisfied
111618,Female,Loyal Customer,53,Business travel,Business,3245,3,4,4,4,3,3,3,4,1,4,3,3,2,3,147,167.0,neutral or dissatisfied
24209,Female,Loyal Customer,41,Business travel,Business,147,1,1,1,1,1,5,3,4,4,4,4,5,4,3,0,0.0,satisfied
72507,Male,Loyal Customer,27,Business travel,Business,3247,5,5,5,5,4,4,4,4,5,2,5,5,5,4,0,0.0,satisfied
32814,Male,disloyal Customer,35,Business travel,Eco,101,4,4,4,4,2,4,2,2,3,2,4,4,4,2,0,0.0,neutral or dissatisfied
111285,Female,Loyal Customer,54,Personal Travel,Eco,459,2,4,2,2,4,5,5,3,3,2,3,5,3,5,0,10.0,neutral or dissatisfied
97471,Male,Loyal Customer,41,Business travel,Business,2297,2,2,5,2,4,5,4,4,4,4,4,4,4,4,0,0.0,satisfied
97552,Male,Loyal Customer,46,Business travel,Eco Plus,675,2,5,2,2,2,2,2,2,4,3,3,3,4,2,24,9.0,neutral or dissatisfied
51121,Male,Loyal Customer,56,Personal Travel,Eco,109,2,4,2,2,1,2,1,1,5,4,5,4,5,1,0,0.0,neutral or dissatisfied
37453,Male,Loyal Customer,25,Business travel,Business,2438,3,1,1,1,3,3,3,3,4,5,4,2,4,3,0,15.0,neutral or dissatisfied
64674,Female,Loyal Customer,57,Business travel,Business,2968,1,1,1,1,2,5,4,5,5,5,5,3,5,5,0,0.0,satisfied
192,Male,Loyal Customer,52,Business travel,Business,2129,2,2,3,2,5,4,4,2,2,2,2,2,2,3,95,85.0,neutral or dissatisfied
115903,Male,Loyal Customer,57,Business travel,Eco,296,2,2,2,2,2,2,2,2,4,5,3,2,4,2,0,0.0,neutral or dissatisfied
111060,Female,Loyal Customer,60,Personal Travel,Eco,319,3,5,2,4,2,2,3,2,2,2,2,5,2,4,0,0.0,neutral or dissatisfied
65092,Female,Loyal Customer,70,Personal Travel,Eco,190,3,3,3,4,2,4,3,2,2,3,2,1,2,3,1,3.0,neutral or dissatisfied
128782,Male,Loyal Customer,59,Business travel,Business,2248,2,2,2,2,2,4,4,4,4,4,4,4,4,5,3,0.0,satisfied
57970,Female,Loyal Customer,25,Personal Travel,Eco Plus,1670,3,3,3,1,3,3,3,3,5,2,4,5,4,3,2,6.0,neutral or dissatisfied
124740,Male,Loyal Customer,24,Personal Travel,Eco Plus,399,4,4,4,2,4,4,4,4,3,4,5,5,5,4,0,0.0,neutral or dissatisfied
51129,Female,Loyal Customer,21,Personal Travel,Eco,109,1,4,1,2,5,1,5,5,4,3,3,3,1,5,0,0.0,neutral or dissatisfied
78405,Female,Loyal Customer,59,Business travel,Business,201,1,1,1,1,4,5,5,5,5,5,5,4,5,5,0,0.0,satisfied
22423,Male,Loyal Customer,34,Personal Travel,Eco,238,5,5,0,4,4,0,4,4,5,2,4,5,4,4,0,28.0,satisfied
113530,Female,Loyal Customer,56,Business travel,Business,2489,4,4,4,4,2,5,4,5,5,5,5,3,5,4,29,12.0,satisfied
53049,Female,Loyal Customer,8,Personal Travel,Eco,1208,4,2,4,4,2,4,2,2,4,1,3,2,4,2,10,0.0,neutral or dissatisfied
102754,Male,Loyal Customer,31,Personal Travel,Eco Plus,365,4,1,1,3,3,1,3,3,2,2,2,4,2,3,0,0.0,satisfied
20012,Male,Loyal Customer,29,Personal Travel,Eco,589,3,4,3,3,2,3,2,2,4,3,4,5,4,2,0,0.0,neutral or dissatisfied
100683,Female,Loyal Customer,51,Business travel,Business,1785,3,4,4,4,1,3,4,3,3,3,3,3,3,2,4,36.0,neutral or dissatisfied
122279,Female,Loyal Customer,56,Personal Travel,Eco,544,5,3,2,4,4,4,4,4,4,2,4,4,4,2,0,0.0,satisfied
12013,Male,Loyal Customer,37,Personal Travel,Business,376,2,5,2,4,2,4,5,5,5,2,5,5,5,3,0,12.0,neutral or dissatisfied
94101,Male,Loyal Customer,10,Personal Travel,Business,562,3,1,3,3,2,3,2,2,1,1,4,3,3,2,37,29.0,neutral or dissatisfied
109824,Female,Loyal Customer,39,Business travel,Business,1011,4,4,4,4,2,5,5,5,5,5,5,3,5,5,7,6.0,satisfied
85678,Female,Loyal Customer,37,Business travel,Eco Plus,503,4,1,1,1,4,4,4,4,1,2,3,4,1,4,0,0.0,satisfied
2959,Male,Loyal Customer,39,Business travel,Eco,737,3,1,1,1,3,3,3,3,2,2,3,3,4,3,0,9.0,neutral or dissatisfied
10456,Female,Loyal Customer,48,Business travel,Business,2238,5,5,5,5,4,4,4,5,5,5,5,4,5,3,3,19.0,satisfied
85615,Male,Loyal Customer,18,Personal Travel,Eco,259,3,5,3,4,4,3,4,4,5,4,3,4,4,4,0,0.0,neutral or dissatisfied
55511,Female,disloyal Customer,23,Business travel,Eco,991,3,2,2,3,2,2,2,2,3,3,4,4,5,2,0,0.0,neutral or dissatisfied
55458,Female,Loyal Customer,62,Personal Travel,Eco,2327,3,5,3,3,4,4,5,1,1,3,1,4,1,5,0,0.0,neutral or dissatisfied
24643,Female,Loyal Customer,32,Personal Travel,Eco Plus,666,2,4,2,4,2,2,5,2,1,3,5,1,4,2,1,0.0,neutral or dissatisfied
114973,Female,disloyal Customer,30,Business travel,Business,337,1,1,1,4,2,1,2,2,5,2,5,4,5,2,0,0.0,neutral or dissatisfied
14210,Female,Loyal Customer,25,Business travel,Business,3785,5,5,5,5,5,5,5,5,4,4,4,2,3,5,0,0.0,satisfied
11686,Female,Loyal Customer,52,Business travel,Business,175,5,3,5,5,2,4,5,4,4,4,5,5,4,4,106,105.0,satisfied
48009,Male,Loyal Customer,9,Personal Travel,Eco Plus,550,2,0,2,3,2,2,4,2,2,5,2,4,4,2,0,0.0,neutral or dissatisfied
63504,Female,Loyal Customer,25,Personal Travel,Eco,1956,3,5,3,3,2,3,2,2,3,3,4,4,5,2,0,0.0,neutral or dissatisfied
48170,Female,Loyal Customer,24,Business travel,Business,3408,2,4,4,4,2,2,2,2,4,2,2,3,2,2,0,12.0,neutral or dissatisfied
74945,Male,Loyal Customer,53,Business travel,Business,2475,3,3,3,3,2,5,4,5,5,4,5,5,5,4,0,0.0,satisfied
30685,Male,disloyal Customer,48,Business travel,Eco,680,1,1,1,4,3,1,3,3,1,5,3,1,4,3,0,8.0,neutral or dissatisfied
100483,Male,Loyal Customer,53,Business travel,Business,3264,1,1,1,1,3,4,5,5,5,5,5,3,5,5,2,0.0,satisfied
60054,Male,Loyal Customer,22,Personal Travel,Eco Plus,997,3,4,2,2,2,4,4,3,5,4,4,4,5,4,437,429.0,neutral or dissatisfied
56993,Female,Loyal Customer,19,Personal Travel,Eco,2454,1,3,1,2,1,3,3,2,5,3,3,3,4,3,0,10.0,neutral or dissatisfied
1932,Male,Loyal Customer,39,Business travel,Business,3777,3,3,3,3,2,5,5,5,5,5,5,5,5,5,9,0.0,satisfied
125669,Male,Loyal Customer,42,Business travel,Business,759,4,4,4,4,5,4,4,4,4,4,4,4,4,3,0,0.0,satisfied
26480,Male,Loyal Customer,36,Business travel,Eco Plus,842,4,1,1,1,4,4,4,4,5,2,4,2,2,4,0,0.0,satisfied
48393,Male,Loyal Customer,32,Personal Travel,Eco,522,2,5,2,4,3,2,3,3,3,2,5,3,5,3,59,43.0,neutral or dissatisfied
94394,Female,Loyal Customer,60,Business travel,Business,3182,1,1,1,1,5,4,4,5,5,4,4,4,5,5,13,11.0,satisfied
20589,Male,disloyal Customer,26,Business travel,Eco Plus,533,2,2,2,1,5,2,5,5,5,4,3,5,2,5,0,0.0,neutral or dissatisfied
87084,Male,Loyal Customer,47,Business travel,Business,1737,4,2,5,2,2,3,4,4,4,3,4,1,4,3,0,0.0,neutral or dissatisfied
80254,Male,Loyal Customer,70,Business travel,Eco Plus,869,5,4,1,4,5,5,5,5,1,4,4,5,2,5,0,0.0,satisfied
9411,Female,Loyal Customer,27,Personal Travel,Eco,1027,3,4,3,3,3,3,3,3,5,5,5,4,4,3,0,0.0,neutral or dissatisfied
28964,Male,disloyal Customer,25,Business travel,Eco,978,3,3,3,3,1,3,1,1,1,4,3,4,5,1,0,0.0,neutral or dissatisfied
27198,Male,Loyal Customer,17,Personal Travel,Eco,2182,3,3,2,4,1,2,1,1,4,4,1,5,2,1,0,0.0,neutral or dissatisfied
93492,Male,Loyal Customer,46,Business travel,Eco,1107,2,2,2,2,2,2,2,2,4,4,3,1,3,2,12,3.0,neutral or dissatisfied
74143,Male,disloyal Customer,23,Business travel,Eco,721,3,3,3,3,3,3,3,3,2,3,4,4,4,3,0,0.0,neutral or dissatisfied
67962,Female,Loyal Customer,44,Business travel,Business,1464,3,3,5,3,3,5,4,4,4,4,4,5,4,5,17,17.0,satisfied
50575,Female,Loyal Customer,54,Personal Travel,Eco,337,3,5,3,5,3,5,5,2,2,3,5,5,2,3,0,0.0,neutral or dissatisfied
94477,Female,Loyal Customer,53,Business travel,Business,2936,2,2,2,2,4,4,5,5,5,5,5,5,5,3,0,0.0,satisfied
39837,Male,Loyal Customer,31,Business travel,Eco,272,5,5,5,5,5,5,5,5,5,3,4,3,2,5,0,0.0,satisfied
25272,Female,Loyal Customer,30,Business travel,Business,2840,2,2,2,2,2,2,2,2,2,3,4,3,4,2,0,0.0,neutral or dissatisfied
63476,Female,Loyal Customer,14,Personal Travel,Eco Plus,372,2,1,2,3,3,2,3,3,4,4,1,3,2,3,14,18.0,neutral or dissatisfied
18314,Female,disloyal Customer,23,Business travel,Eco,705,4,4,4,4,5,4,5,5,4,1,4,1,5,5,0,0.0,satisfied
110024,Female,Loyal Customer,37,Personal Travel,Eco,1142,2,5,2,2,2,3,3,3,5,3,4,3,4,3,164,156.0,neutral or dissatisfied
124182,Male,Loyal Customer,44,Personal Travel,Eco,2089,5,0,5,1,5,5,5,5,3,5,5,3,4,5,0,0.0,satisfied
112293,Female,Loyal Customer,34,Business travel,Eco Plus,1703,2,5,5,5,2,2,2,2,1,2,1,4,2,2,0,8.0,neutral or dissatisfied
113842,Male,Loyal Customer,44,Business travel,Business,1334,2,2,5,2,4,4,5,2,2,2,2,4,2,3,18,20.0,satisfied
46450,Male,Loyal Customer,55,Business travel,Business,152,0,5,1,1,4,5,5,4,4,4,4,5,4,3,0,0.0,satisfied
95517,Female,Loyal Customer,39,Business travel,Eco Plus,189,4,5,5,5,4,4,4,4,2,2,2,4,3,4,58,60.0,satisfied
123445,Male,Loyal Customer,45,Business travel,Business,2077,1,1,1,1,5,4,4,5,5,5,5,3,5,4,0,16.0,satisfied
3350,Female,Loyal Customer,56,Business travel,Business,3216,2,1,1,1,2,4,3,2,2,2,2,4,2,4,0,0.0,neutral or dissatisfied
31639,Female,disloyal Customer,37,Business travel,Eco,967,4,4,4,3,2,4,2,2,4,2,2,3,3,2,0,0.0,satisfied
127286,Male,Loyal Customer,60,Personal Travel,Eco,1107,4,1,4,3,1,4,1,1,4,3,3,3,2,1,13,0.0,neutral or dissatisfied
126595,Female,Loyal Customer,38,Business travel,Business,1337,3,3,3,3,3,5,5,3,3,3,3,4,3,3,6,0.0,satisfied
91856,Female,Loyal Customer,63,Personal Travel,Eco,1797,2,5,2,3,5,5,4,1,1,2,1,5,1,5,11,10.0,neutral or dissatisfied
105126,Female,Loyal Customer,33,Business travel,Business,3636,4,3,3,3,4,3,3,4,4,4,4,2,4,3,0,4.0,neutral or dissatisfied
67841,Male,Loyal Customer,10,Personal Travel,Eco,1235,4,5,3,1,3,3,3,3,3,2,1,1,4,3,0,0.0,satisfied
121791,Male,disloyal Customer,40,Business travel,Business,449,4,4,4,1,2,4,2,2,4,2,4,4,4,2,0,0.0,neutral or dissatisfied
128445,Female,Loyal Customer,36,Business travel,Business,1811,5,5,3,5,5,1,4,2,2,2,2,4,2,2,0,3.0,satisfied
48747,Female,Loyal Customer,44,Business travel,Business,1860,2,5,5,5,4,3,4,2,2,2,2,1,2,4,16,16.0,neutral or dissatisfied
54572,Female,Loyal Customer,62,Business travel,Eco Plus,525,5,1,1,1,2,1,4,5,5,5,5,5,5,1,0,0.0,satisfied
104292,Female,Loyal Customer,41,Business travel,Business,440,5,5,5,5,2,4,4,5,5,5,5,4,5,5,0,0.0,satisfied
30119,Female,Loyal Customer,27,Personal Travel,Eco,571,1,5,1,2,4,1,5,4,4,3,4,5,5,4,0,0.0,neutral or dissatisfied
92496,Male,Loyal Customer,18,Business travel,Business,1947,3,3,3,3,4,4,4,4,5,4,3,4,3,4,0,0.0,satisfied
42579,Female,Loyal Customer,30,Personal Travel,Eco,315,3,3,3,3,4,3,4,4,1,1,5,3,2,4,41,76.0,neutral or dissatisfied
69587,Female,Loyal Customer,31,Personal Travel,Eco,2475,2,4,2,3,2,2,2,5,3,5,5,2,4,2,0,6.0,neutral or dissatisfied
34925,Male,disloyal Customer,59,Business travel,Eco,187,1,2,0,4,1,0,1,1,2,1,4,4,4,1,0,0.0,neutral or dissatisfied
66291,Male,disloyal Customer,20,Business travel,Eco,852,4,4,4,1,4,4,4,4,3,2,4,5,4,4,0,0.0,satisfied
55247,Female,Loyal Customer,41,Personal Travel,Eco,1009,2,5,2,4,3,2,3,3,5,3,4,3,5,3,0,0.0,neutral or dissatisfied
31981,Female,disloyal Customer,26,Business travel,Business,101,2,5,2,1,4,2,4,4,4,5,4,3,4,4,0,2.0,neutral or dissatisfied
116598,Male,Loyal Customer,45,Business travel,Business,2433,5,5,5,5,5,4,5,5,5,5,5,3,5,4,0,0.0,satisfied
127056,Male,Loyal Customer,23,Business travel,Business,3756,1,1,1,1,3,3,3,3,3,4,5,5,4,3,2,0.0,satisfied
25724,Female,Loyal Customer,36,Personal Travel,Eco,447,2,4,2,3,5,2,5,5,3,5,4,3,4,5,16,15.0,neutral or dissatisfied
25312,Male,disloyal Customer,63,Business travel,Eco,432,1,3,1,4,1,1,1,1,2,1,3,2,4,1,0,3.0,neutral or dissatisfied
122712,Male,Loyal Customer,41,Business travel,Business,3034,1,1,1,1,4,5,5,4,4,4,4,5,4,3,0,0.0,satisfied
108581,Female,disloyal Customer,24,Business travel,Eco,696,4,4,4,4,1,4,1,1,3,4,4,5,5,1,0,0.0,satisfied
5527,Male,disloyal Customer,39,Business travel,Business,404,4,3,3,3,4,3,4,4,4,5,5,5,5,4,0,0.0,neutral or dissatisfied
47341,Female,Loyal Customer,36,Business travel,Business,2577,3,3,3,3,5,3,5,4,4,4,4,2,4,4,0,0.0,satisfied
96817,Female,Loyal Customer,44,Business travel,Business,849,4,4,4,4,4,4,4,5,5,4,5,3,5,5,9,2.0,satisfied
39885,Female,Loyal Customer,10,Personal Travel,Eco,221,1,3,0,3,4,0,4,4,1,2,4,4,3,4,0,0.0,neutral or dissatisfied
129695,Male,disloyal Customer,26,Business travel,Eco,447,3,3,4,3,4,4,4,4,4,1,3,4,3,4,0,0.0,neutral or dissatisfied
67477,Female,Loyal Customer,25,Personal Travel,Eco,641,1,4,1,4,1,1,1,1,4,3,5,4,5,1,0,0.0,neutral or dissatisfied
114641,Male,Loyal Customer,40,Business travel,Business,2270,3,1,3,3,4,4,5,5,5,5,5,3,5,4,0,0.0,satisfied
68969,Female,disloyal Customer,26,Business travel,Business,700,2,0,1,1,2,1,2,2,4,4,4,3,4,2,0,0.0,neutral or dissatisfied
113053,Female,Loyal Customer,16,Business travel,Business,2071,3,3,3,3,4,4,4,4,4,5,4,5,4,4,24,14.0,satisfied
4492,Female,Loyal Customer,47,Business travel,Business,551,3,1,3,3,5,5,4,5,5,5,5,4,5,5,0,0.0,satisfied
56664,Female,Loyal Customer,50,Personal Travel,Eco,997,5,5,5,3,3,4,4,4,4,5,1,3,4,5,64,57.0,satisfied
88502,Female,Loyal Customer,36,Business travel,Business,115,2,3,3,3,2,4,4,4,4,4,2,2,4,1,0,7.0,neutral or dissatisfied
96443,Male,Loyal Customer,56,Business travel,Business,2655,1,1,3,1,4,4,4,3,5,4,5,4,3,4,121,137.0,satisfied
34674,Male,Loyal Customer,37,Business travel,Eco,264,3,5,5,5,3,4,3,3,2,1,3,5,5,3,2,0.0,satisfied
12788,Female,Loyal Customer,35,Business travel,Eco,528,5,5,5,5,5,5,5,5,1,1,2,4,2,5,26,16.0,satisfied
127784,Male,Loyal Customer,53,Personal Travel,Eco,1037,4,2,4,3,5,4,4,5,1,3,2,3,3,5,0,0.0,satisfied
58282,Female,Loyal Customer,18,Personal Travel,Eco,678,1,4,1,2,4,1,4,4,5,2,5,4,5,4,0,0.0,neutral or dissatisfied
1829,Male,Loyal Customer,22,Personal Travel,Eco,408,3,4,3,1,2,3,3,2,4,5,4,3,5,2,0,0.0,neutral or dissatisfied
110539,Female,disloyal Customer,30,Business travel,Business,674,1,1,1,1,2,1,5,2,4,4,4,5,5,2,0,0.0,neutral or dissatisfied
101903,Female,Loyal Customer,43,Business travel,Eco,1984,1,1,5,5,1,4,3,1,1,1,1,1,1,4,11,0.0,neutral or dissatisfied
111851,Female,disloyal Customer,40,Business travel,Business,628,1,1,1,2,2,1,2,2,5,4,5,5,4,2,0,0.0,neutral or dissatisfied
82394,Female,Loyal Customer,36,Business travel,Business,3159,3,4,4,4,2,3,4,3,3,3,3,4,3,1,0,0.0,neutral or dissatisfied
53091,Female,Loyal Customer,25,Business travel,Eco Plus,2327,5,5,5,5,5,4,5,2,5,4,5,5,4,5,12,17.0,satisfied
13045,Male,Loyal Customer,56,Personal Travel,Eco,374,1,5,1,2,2,1,2,2,2,1,3,3,2,2,79,71.0,neutral or dissatisfied
74791,Male,disloyal Customer,24,Business travel,Eco,1235,3,3,3,2,5,3,5,5,5,2,4,5,4,5,0,0.0,neutral or dissatisfied
52119,Male,Loyal Customer,33,Business travel,Eco Plus,639,5,1,3,1,5,5,5,5,3,1,1,4,4,5,0,0.0,satisfied
12704,Female,disloyal Customer,26,Business travel,Eco,689,3,3,3,2,5,3,5,5,3,4,1,3,1,5,0,,neutral or dissatisfied
109335,Male,Loyal Customer,40,Personal Travel,Eco,1188,2,5,2,3,4,2,4,4,5,3,4,3,4,4,5,17.0,neutral or dissatisfied
112184,Male,Loyal Customer,49,Personal Travel,Eco,895,1,2,1,2,1,1,1,1,3,5,2,3,3,1,1,0.0,neutral or dissatisfied
113440,Female,Loyal Customer,56,Business travel,Eco,386,3,3,3,3,4,4,4,2,2,3,2,3,2,3,0,0.0,neutral or dissatisfied
100420,Female,Loyal Customer,34,Personal Travel,Eco Plus,971,4,5,4,3,5,4,5,5,4,3,5,3,4,5,0,0.0,neutral or dissatisfied
55631,Male,disloyal Customer,18,Business travel,Eco,841,2,2,2,2,5,2,5,5,4,2,3,5,5,5,0,0.0,neutral or dissatisfied
76530,Male,Loyal Customer,55,Business travel,Business,2242,3,3,3,3,3,5,5,4,4,4,4,5,4,3,0,0.0,satisfied
30393,Male,Loyal Customer,35,Personal Travel,Eco,862,4,5,5,4,2,5,2,2,5,4,5,4,4,2,0,0.0,neutral or dissatisfied
105028,Male,Loyal Customer,41,Business travel,Business,3360,4,1,1,1,1,3,3,4,4,4,4,3,4,2,14,19.0,neutral or dissatisfied
55305,Male,Loyal Customer,50,Business travel,Business,2072,1,1,1,1,3,4,5,3,3,3,3,3,3,4,0,26.0,satisfied
111476,Female,Loyal Customer,37,Personal Travel,Business,1452,3,5,3,2,3,5,4,5,5,3,5,2,5,3,36,44.0,neutral or dissatisfied
102958,Female,Loyal Customer,39,Personal Travel,Eco,719,2,4,2,1,1,2,1,1,5,5,4,4,4,1,45,45.0,neutral or dissatisfied
95095,Male,Loyal Customer,31,Personal Travel,Eco,562,2,4,1,2,1,1,1,1,4,5,4,4,4,1,4,1.0,neutral or dissatisfied
102665,Female,Loyal Customer,59,Business travel,Business,255,5,5,5,5,4,4,5,5,5,5,5,5,5,3,75,72.0,satisfied
81046,Female,Loyal Customer,40,Business travel,Business,1399,3,2,2,2,2,4,4,3,3,2,3,3,3,4,6,3.0,neutral or dissatisfied
21305,Male,Loyal Customer,65,Personal Travel,Eco,714,5,4,5,2,3,4,3,3,4,2,5,4,4,3,0,0.0,satisfied
24191,Male,Loyal Customer,36,Business travel,Business,302,3,3,3,3,1,3,5,4,4,4,4,1,4,2,0,0.0,satisfied
48558,Female,Loyal Customer,67,Personal Travel,Eco,948,1,1,2,2,4,1,3,4,4,2,4,3,4,3,0,0.0,neutral or dissatisfied
49662,Female,Loyal Customer,22,Business travel,Business,308,2,2,2,2,4,4,4,4,1,2,2,2,4,4,16,3.0,satisfied
14651,Male,Loyal Customer,35,Business travel,Eco,112,4,2,4,4,4,4,4,4,2,2,4,2,3,4,0,2.0,satisfied
66210,Female,Loyal Customer,24,Business travel,Business,550,4,4,4,4,4,4,4,4,4,4,4,4,5,4,3,0.0,satisfied
68725,Female,disloyal Customer,29,Business travel,Eco Plus,237,3,3,3,4,5,3,5,5,1,2,3,1,4,5,0,0.0,neutral or dissatisfied
91796,Female,Loyal Customer,11,Personal Travel,Eco,588,4,4,4,3,4,4,4,4,5,2,4,4,5,4,0,0.0,satisfied
97412,Female,Loyal Customer,41,Business travel,Business,3651,3,3,3,3,5,4,5,4,4,4,4,3,4,3,6,1.0,satisfied
82804,Female,Loyal Customer,51,Business travel,Business,235,1,1,1,1,2,4,4,1,1,2,1,1,1,4,12,1.0,neutral or dissatisfied
35951,Female,disloyal Customer,23,Business travel,Eco,231,0,0,0,3,3,0,3,3,5,4,4,1,2,3,0,0.0,satisfied
37362,Female,Loyal Customer,63,Business travel,Business,972,4,4,4,4,2,4,5,2,2,2,2,3,2,5,0,0.0,satisfied
5459,Male,Loyal Customer,40,Business travel,Eco,265,3,3,3,3,3,3,3,3,2,3,4,3,3,3,17,16.0,neutral or dissatisfied
102130,Male,disloyal Customer,39,Business travel,Business,236,1,1,1,4,4,1,4,4,5,3,5,5,5,4,63,60.0,neutral or dissatisfied
121783,Female,Loyal Customer,60,Business travel,Business,449,5,5,3,5,3,4,5,2,2,2,2,4,2,3,21,24.0,satisfied
9999,Female,Loyal Customer,58,Personal Travel,Eco,534,2,5,2,3,3,5,5,4,4,2,4,4,4,3,0,0.0,neutral or dissatisfied
50058,Female,Loyal Customer,48,Business travel,Eco,337,5,2,2,2,1,3,3,5,5,5,5,1,5,4,0,0.0,satisfied
106861,Male,Loyal Customer,47,Business travel,Business,2145,4,4,4,4,4,4,5,5,5,5,5,4,5,4,21,10.0,satisfied
114805,Male,disloyal Customer,20,Business travel,Business,371,5,0,4,2,2,4,2,2,4,5,5,4,4,2,19,13.0,satisfied
110338,Female,Loyal Customer,51,Business travel,Business,3790,1,1,1,1,5,4,5,5,5,5,5,5,5,5,24,10.0,satisfied
101254,Male,Loyal Customer,28,Business travel,Business,1910,3,3,3,3,4,4,4,4,4,4,4,4,4,4,24,18.0,satisfied
18555,Male,Loyal Customer,54,Business travel,Eco,305,4,1,1,1,4,4,4,4,5,4,2,2,4,4,0,0.0,satisfied
39807,Female,Loyal Customer,33,Business travel,Business,2929,3,3,3,3,5,4,5,5,5,5,5,4,5,2,0,4.0,satisfied
122305,Male,Loyal Customer,23,Personal Travel,Eco,546,5,4,5,1,4,5,4,4,2,4,2,2,4,4,0,0.0,satisfied
58374,Male,disloyal Customer,27,Business travel,Business,733,3,3,3,3,5,3,5,5,3,4,3,4,2,5,29,22.0,neutral or dissatisfied
52752,Male,Loyal Customer,57,Business travel,Business,1874,4,4,4,4,2,5,5,4,4,4,4,3,4,4,0,0.0,satisfied
106523,Female,Loyal Customer,69,Personal Travel,Eco,271,2,4,2,4,5,3,3,4,4,2,1,3,4,3,9,0.0,neutral or dissatisfied
590,Female,Loyal Customer,56,Business travel,Business,2694,3,3,3,3,2,5,4,4,4,4,4,4,4,5,0,2.0,satisfied
109839,Female,Loyal Customer,36,Business travel,Business,2672,2,2,2,2,5,4,3,2,2,2,2,4,2,2,5,0.0,neutral or dissatisfied
62962,Male,disloyal Customer,23,Business travel,Business,967,4,0,5,1,2,5,2,2,4,4,5,4,4,2,5,2.0,satisfied
88215,Female,Loyal Customer,59,Business travel,Business,2930,0,5,0,4,3,4,4,2,2,2,2,4,2,3,35,36.0,satisfied
87452,Male,Loyal Customer,37,Business travel,Business,373,1,1,2,1,3,4,4,5,5,5,5,5,5,5,0,0.0,satisfied
51646,Male,Loyal Customer,61,Business travel,Business,370,2,2,5,2,5,4,4,4,4,4,4,2,4,1,0,0.0,satisfied
12674,Male,disloyal Customer,48,Business travel,Eco,721,4,4,4,3,4,4,4,4,2,4,5,5,4,4,3,0.0,neutral or dissatisfied
64510,Female,Loyal Customer,23,Personal Travel,Business,224,3,4,3,3,4,3,2,4,2,1,4,5,3,4,24,9.0,neutral or dissatisfied
59615,Female,Loyal Customer,42,Business travel,Business,854,1,2,2,2,3,4,3,1,1,1,1,4,1,4,94,94.0,neutral or dissatisfied
75854,Female,Loyal Customer,68,Personal Travel,Eco,1440,2,3,1,4,1,2,3,4,4,1,4,2,4,4,50,55.0,neutral or dissatisfied
98217,Female,disloyal Customer,26,Business travel,Business,442,0,0,0,3,2,0,2,2,5,5,2,4,2,2,0,1.0,satisfied
117942,Female,Loyal Customer,35,Business travel,Business,255,4,1,3,3,4,4,4,4,4,4,4,4,4,3,0,0.0,neutral or dissatisfied
68128,Male,Loyal Customer,38,Personal Travel,Eco,868,2,2,2,3,3,2,3,3,3,4,4,4,4,3,0,0.0,neutral or dissatisfied
56643,Male,Loyal Customer,59,Business travel,Business,3880,2,2,2,2,5,5,4,3,3,3,3,5,3,4,0,0.0,satisfied
96787,Male,disloyal Customer,36,Business travel,Business,957,2,2,2,3,1,2,1,1,3,3,5,3,5,1,0,0.0,neutral or dissatisfied
89948,Male,Loyal Customer,61,Personal Travel,Eco,1306,4,5,3,3,2,3,2,2,5,2,3,4,5,2,88,115.0,satisfied
18430,Male,Loyal Customer,61,Business travel,Business,1959,5,5,5,5,2,5,4,5,5,5,5,4,5,4,0,0.0,satisfied
63249,Female,Loyal Customer,45,Business travel,Business,337,1,1,1,1,2,5,4,4,4,4,4,4,4,3,11,0.0,satisfied
55387,Female,Loyal Customer,40,Personal Travel,Eco,678,3,4,3,2,1,3,1,1,4,5,5,3,4,1,32,27.0,neutral or dissatisfied
34153,Male,Loyal Customer,26,Business travel,Business,1189,2,2,4,2,5,5,5,5,2,2,2,3,3,5,0,0.0,satisfied
1038,Female,Loyal Customer,34,Business travel,Business,3301,1,1,1,1,3,5,2,4,4,4,4,2,4,4,0,0.0,satisfied
120837,Female,Loyal Customer,40,Business travel,Business,2631,2,2,2,2,5,4,4,4,4,4,4,3,4,3,0,0.0,satisfied
69415,Male,Loyal Customer,66,Business travel,Business,3915,1,1,1,1,1,3,5,5,5,4,5,1,5,4,62,70.0,satisfied
71682,Female,Loyal Customer,36,Personal Travel,Eco,1197,1,4,1,4,3,1,3,3,3,3,5,5,4,3,53,48.0,neutral or dissatisfied
27344,Male,disloyal Customer,33,Business travel,Eco,697,2,2,2,4,1,2,1,1,4,2,5,1,5,1,0,0.0,neutral or dissatisfied
54549,Female,Loyal Customer,49,Personal Travel,Eco,925,3,4,3,1,3,5,1,2,2,3,2,2,2,5,0,2.0,neutral or dissatisfied
124979,Male,Loyal Customer,46,Business travel,Business,2729,0,4,0,5,4,5,4,2,2,2,2,5,2,5,38,36.0,satisfied
112326,Female,disloyal Customer,13,Business travel,Business,957,4,3,4,4,2,4,2,2,4,3,4,1,4,2,16,7.0,neutral or dissatisfied
35927,Male,disloyal Customer,10,Business travel,Eco,2381,3,3,3,3,5,3,5,5,5,2,4,1,3,5,18,8.0,neutral or dissatisfied
90089,Female,Loyal Customer,48,Business travel,Eco,1127,3,5,5,5,5,3,4,3,3,3,3,3,3,2,54,36.0,neutral or dissatisfied
55783,Female,Loyal Customer,41,Business travel,Business,599,3,3,3,3,3,4,5,5,5,5,5,5,5,4,12,0.0,satisfied
126651,Female,Loyal Customer,51,Personal Travel,Eco,602,2,3,2,3,4,3,1,2,2,2,2,1,2,4,0,0.0,neutral or dissatisfied
105981,Male,Loyal Customer,26,Personal Travel,Eco,2295,2,1,3,4,3,5,4,1,5,4,3,4,3,4,44,60.0,neutral or dissatisfied
54938,Female,disloyal Customer,22,Business travel,Eco,1303,4,4,4,4,5,4,5,5,1,2,3,1,3,5,0,0.0,neutral or dissatisfied
88483,Male,Loyal Customer,51,Business travel,Eco,270,4,3,2,3,4,4,4,4,1,1,2,1,2,4,25,18.0,satisfied
107610,Male,Loyal Customer,75,Business travel,Business,3004,3,4,4,4,3,4,3,3,3,3,3,3,3,4,102,96.0,neutral or dissatisfied
95986,Male,Loyal Customer,33,Business travel,Business,1069,4,4,4,4,5,5,5,5,3,2,4,3,5,5,3,0.0,satisfied
100265,Female,Loyal Customer,40,Business travel,Business,2837,2,2,2,2,3,5,5,2,2,2,2,3,2,3,17,49.0,satisfied
41764,Male,Loyal Customer,27,Business travel,Eco,872,5,5,5,5,5,5,5,5,2,3,2,5,4,5,0,0.0,satisfied
53226,Male,Loyal Customer,59,Personal Travel,Eco,589,4,2,4,4,4,4,3,4,3,2,4,3,4,4,0,0.0,neutral or dissatisfied
50460,Female,Loyal Customer,35,Business travel,Business,1815,1,1,1,1,4,4,4,1,1,1,1,4,1,4,0,0.0,neutral or dissatisfied
105135,Female,Loyal Customer,19,Business travel,Business,3257,3,1,1,1,3,3,3,3,3,1,3,3,3,3,1,0.0,neutral or dissatisfied
15668,Male,Loyal Customer,29,Personal Travel,Eco,764,2,3,2,2,2,2,2,2,5,3,4,3,4,2,0,24.0,neutral or dissatisfied
35322,Female,Loyal Customer,39,Business travel,Eco,950,4,3,3,3,4,4,4,4,4,2,1,5,5,4,0,0.0,satisfied
61086,Female,Loyal Customer,63,Personal Travel,Eco,1546,5,5,5,4,5,3,4,3,3,5,3,3,3,5,0,0.0,satisfied
127853,Female,Loyal Customer,60,Business travel,Business,1582,2,2,2,2,4,5,5,4,4,4,4,4,4,4,1,0.0,satisfied
26365,Female,disloyal Customer,36,Business travel,Eco,894,3,3,3,4,3,3,3,3,2,5,2,4,4,3,0,0.0,neutral or dissatisfied
13588,Female,Loyal Customer,31,Personal Travel,Eco,227,2,5,2,4,4,2,4,4,3,3,5,4,5,4,0,35.0,neutral or dissatisfied
36401,Female,disloyal Customer,16,Business travel,Eco,632,4,4,4,4,5,4,4,5,2,5,4,2,3,5,0,0.0,neutral or dissatisfied
114145,Female,Loyal Customer,34,Business travel,Business,3644,5,5,5,5,2,5,5,4,4,4,4,5,4,4,7,0.0,satisfied
63050,Male,Loyal Customer,7,Personal Travel,Eco,967,3,4,3,2,3,3,3,3,5,3,5,3,5,3,2,0.0,neutral or dissatisfied
125605,Male,Loyal Customer,13,Personal Travel,Eco,1587,2,4,2,3,2,1,1,4,3,4,4,1,3,1,131,186.0,neutral or dissatisfied
12564,Male,Loyal Customer,13,Personal Travel,Eco,788,4,5,3,3,1,3,1,1,5,4,5,5,4,1,0,0.0,satisfied
25480,Male,Loyal Customer,26,Business travel,Business,3871,5,5,5,5,5,5,5,5,1,5,3,1,2,5,0,0.0,satisfied
50696,Female,Loyal Customer,41,Personal Travel,Eco,86,2,3,2,2,2,2,2,2,3,5,1,5,5,2,0,0.0,neutral or dissatisfied
93046,Male,Loyal Customer,44,Personal Travel,Eco,317,2,1,2,3,4,2,4,4,4,3,2,1,3,4,0,0.0,neutral or dissatisfied
106545,Male,Loyal Customer,27,Business travel,Business,3318,2,1,5,1,2,3,2,2,4,2,3,3,3,2,0,0.0,neutral or dissatisfied
99320,Male,disloyal Customer,23,Business travel,Eco,448,2,4,2,4,4,2,4,4,1,2,3,1,4,4,15,13.0,neutral or dissatisfied
6105,Male,disloyal Customer,24,Business travel,Eco,409,5,0,5,4,3,5,3,3,3,2,5,5,5,3,0,0.0,satisfied
39681,Male,Loyal Customer,21,Personal Travel,Eco,717,2,5,2,3,1,2,1,1,4,3,3,2,1,1,25,7.0,neutral or dissatisfied
21761,Male,Loyal Customer,38,Business travel,Business,3182,5,5,5,5,5,4,4,4,4,4,4,5,4,5,2,0.0,satisfied
43350,Male,disloyal Customer,20,Business travel,Eco,402,1,4,1,2,1,1,1,1,1,3,2,5,5,1,0,0.0,neutral or dissatisfied
122997,Female,Loyal Customer,50,Business travel,Business,1902,5,5,4,5,4,5,5,5,5,5,5,4,5,3,0,0.0,satisfied
37575,Male,disloyal Customer,39,Business travel,Eco,428,1,0,1,4,3,1,3,3,1,3,4,5,3,3,0,0.0,neutral or dissatisfied
3435,Female,Loyal Customer,36,Personal Travel,Eco,240,3,4,0,3,3,0,3,3,3,4,4,5,5,3,0,0.0,neutral or dissatisfied
87135,Female,Loyal Customer,55,Business travel,Business,3140,3,3,3,3,3,4,5,5,5,5,5,5,5,3,0,0.0,satisfied
63643,Female,Loyal Customer,42,Personal Travel,Eco,602,4,2,3,4,2,3,3,2,2,3,1,2,2,1,0,5.0,neutral or dissatisfied
10252,Male,Loyal Customer,31,Personal Travel,Business,216,1,0,1,5,4,1,4,4,5,5,1,1,3,4,0,0.0,neutral or dissatisfied
35966,Female,Loyal Customer,41,Personal Travel,Eco,231,3,5,0,5,5,0,4,5,3,4,4,4,4,5,0,0.0,neutral or dissatisfied
86974,Female,Loyal Customer,53,Business travel,Business,2694,1,1,1,1,3,5,4,4,4,4,4,3,4,3,0,0.0,satisfied
41303,Female,Loyal Customer,41,Business travel,Business,802,2,2,2,2,1,5,3,5,5,5,5,3,5,4,0,0.0,satisfied
11659,Female,Loyal Customer,37,Personal Travel,Eco,837,3,5,3,1,5,3,5,5,3,4,5,3,4,5,110,114.0,neutral or dissatisfied
75516,Male,disloyal Customer,11,Business travel,Eco,748,1,1,1,4,4,1,4,4,4,2,4,3,3,4,14,19.0,neutral or dissatisfied
17389,Male,Loyal Customer,53,Business travel,Business,376,1,1,1,1,3,4,5,5,5,5,5,5,5,5,0,0.0,satisfied
113976,Female,disloyal Customer,38,Business travel,Business,1844,2,2,2,3,3,2,3,3,5,4,4,4,5,3,0,0.0,satisfied
113201,Male,Loyal Customer,53,Business travel,Business,236,3,5,5,5,4,2,2,3,3,3,3,1,3,2,26,29.0,neutral or dissatisfied
21075,Male,Loyal Customer,37,Business travel,Business,106,2,4,4,4,3,3,3,3,3,3,2,2,3,4,3,0.0,neutral or dissatisfied
37147,Female,disloyal Customer,25,Business travel,Eco,1189,2,2,2,3,2,2,2,2,4,3,3,4,3,2,0,0.0,neutral or dissatisfied
28769,Female,Loyal Customer,39,Business travel,Business,3380,3,2,3,3,2,5,5,3,3,3,3,4,3,4,0,0.0,satisfied
59847,Female,Loyal Customer,47,Business travel,Business,2343,4,4,4,4,2,5,4,4,4,5,4,5,4,4,0,63.0,satisfied
117654,Female,Loyal Customer,52,Business travel,Business,3660,3,1,1,1,1,3,3,3,3,3,3,1,3,1,111,96.0,neutral or dissatisfied
109441,Female,Loyal Customer,34,Business travel,Business,834,1,1,1,1,4,4,5,5,5,5,5,5,5,3,15,0.0,satisfied
115518,Male,Loyal Customer,34,Business travel,Business,2983,1,1,1,1,5,3,3,1,1,1,1,1,1,2,20,18.0,neutral or dissatisfied
26093,Male,Loyal Customer,47,Business travel,Business,191,2,5,5,5,5,1,1,2,2,2,2,4,2,3,18,15.0,neutral or dissatisfied
86208,Male,Loyal Customer,59,Business travel,Business,356,3,5,5,5,3,3,4,3,3,3,3,4,3,2,0,0.0,neutral or dissatisfied
712,Female,Loyal Customer,52,Business travel,Business,3854,4,4,4,4,2,5,4,4,4,4,5,3,4,5,0,0.0,satisfied
100750,Female,Loyal Customer,29,Personal Travel,Eco,328,3,4,3,3,3,3,2,3,3,2,5,5,4,3,14,8.0,neutral or dissatisfied
69703,Male,Loyal Customer,48,Business travel,Business,1372,3,3,3,3,4,3,3,3,3,3,3,2,3,1,0,1.0,neutral or dissatisfied
54930,Female,disloyal Customer,27,Business travel,Business,1635,5,5,5,4,2,5,2,2,3,2,4,3,4,2,0,5.0,satisfied
47611,Male,Loyal Customer,50,Business travel,Eco,1464,4,4,4,4,4,4,4,4,3,1,2,3,2,4,21,7.0,satisfied
128924,Male,Loyal Customer,49,Business travel,Business,3691,3,3,3,3,5,4,4,5,5,5,5,4,5,4,0,0.0,satisfied
111863,Male,Loyal Customer,53,Business travel,Business,628,2,2,2,2,2,5,5,5,5,5,5,4,5,3,42,35.0,satisfied
59232,Female,Loyal Customer,56,Business travel,Eco,649,3,3,2,2,4,3,4,3,3,3,3,3,3,2,11,9.0,neutral or dissatisfied
9534,Female,Loyal Customer,38,Business travel,Business,305,2,1,1,1,5,3,4,2,2,2,2,3,2,1,0,0.0,neutral or dissatisfied
62046,Female,disloyal Customer,26,Business travel,Eco,1186,2,2,2,3,3,2,4,3,3,5,3,3,4,3,0,0.0,neutral or dissatisfied
54041,Male,Loyal Customer,51,Business travel,Eco,1416,4,5,5,5,4,4,4,4,4,2,1,3,4,4,0,1.0,satisfied
92980,Male,Loyal Customer,46,Business travel,Business,738,4,4,4,4,4,4,5,5,5,5,5,3,5,4,21,,satisfied
11128,Female,Loyal Customer,60,Personal Travel,Eco,667,4,5,4,3,5,4,5,4,4,4,4,5,4,3,64,51.0,neutral or dissatisfied
65012,Female,disloyal Customer,20,Business travel,Eco,469,4,3,3,4,1,3,1,1,4,1,3,3,4,1,56,61.0,neutral or dissatisfied
118353,Male,Loyal Customer,54,Personal Travel,Eco,602,2,5,2,2,3,2,3,3,3,3,4,4,4,3,85,73.0,neutral or dissatisfied
107626,Male,Loyal Customer,7,Personal Travel,Eco,423,4,5,4,3,3,4,3,3,2,2,3,2,2,3,0,0.0,neutral or dissatisfied
126407,Male,Loyal Customer,32,Business travel,Business,3703,4,4,4,4,5,5,5,5,4,5,5,3,5,5,0,0.0,satisfied
74277,Female,Loyal Customer,25,Business travel,Business,2288,5,5,5,5,2,2,2,2,3,3,5,4,5,2,0,0.0,satisfied
8837,Female,Loyal Customer,72,Business travel,Eco Plus,522,4,5,5,5,4,3,3,4,4,4,4,2,4,3,0,0.0,neutral or dissatisfied
70820,Male,Loyal Customer,15,Personal Travel,Eco,624,5,1,5,4,2,5,2,2,3,3,4,4,3,2,0,0.0,satisfied
968,Male,Loyal Customer,57,Business travel,Business,309,3,3,3,3,1,3,3,3,3,3,3,2,3,2,0,0.0,neutral or dissatisfied
6349,Male,Loyal Customer,38,Business travel,Business,3126,0,0,0,4,3,4,4,1,1,1,1,5,1,5,0,0.0,satisfied
74121,Female,Loyal Customer,39,Business travel,Business,1760,3,3,3,3,5,4,5,5,5,5,5,5,5,4,0,26.0,satisfied
64620,Male,Loyal Customer,60,Business travel,Business,224,1,1,1,1,2,5,4,5,5,5,5,4,5,5,0,1.0,satisfied
102984,Female,Loyal Customer,44,Business travel,Business,460,2,2,2,2,5,4,4,5,5,5,5,3,5,3,0,0.0,satisfied
120966,Male,Loyal Customer,60,Business travel,Business,920,2,2,2,2,2,4,5,4,4,4,4,4,4,3,0,0.0,satisfied
78485,Female,Loyal Customer,38,Business travel,Eco,666,3,1,1,1,3,4,3,3,2,4,3,3,3,3,17,28.0,neutral or dissatisfied
34920,Male,disloyal Customer,21,Business travel,Eco,187,2,1,1,3,3,1,3,3,3,2,3,3,2,3,24,30.0,neutral or dissatisfied
24493,Male,Loyal Customer,27,Personal Travel,Eco,481,3,4,3,3,5,3,5,5,1,5,4,3,4,5,0,0.0,neutral or dissatisfied
1395,Female,Loyal Customer,24,Personal Travel,Eco Plus,158,3,5,3,2,1,3,1,1,3,4,4,5,4,1,0,10.0,neutral or dissatisfied
99204,Male,Loyal Customer,19,Personal Travel,Eco,583,2,3,1,3,3,1,3,3,1,5,3,4,2,3,0,0.0,neutral or dissatisfied
21242,Male,Loyal Customer,43,Personal Travel,Eco,153,1,4,1,3,4,1,4,4,4,4,4,4,4,4,2,0.0,neutral or dissatisfied
98408,Female,Loyal Customer,8,Personal Travel,Eco,675,3,3,3,3,3,3,3,3,2,3,3,2,3,3,8,14.0,neutral or dissatisfied
55784,Male,Loyal Customer,31,Personal Travel,Eco Plus,646,2,1,2,3,4,2,4,4,4,5,4,2,4,4,0,0.0,neutral or dissatisfied
55037,Female,Loyal Customer,25,Business travel,Business,1379,3,3,3,3,4,4,4,4,4,5,5,3,4,4,0,0.0,satisfied
50553,Male,Loyal Customer,21,Personal Travel,Eco,109,1,5,1,4,2,1,2,2,2,1,2,5,3,2,0,9.0,neutral or dissatisfied
84994,Female,Loyal Customer,51,Business travel,Business,1590,5,5,5,5,4,4,4,4,4,4,4,5,4,4,20,7.0,satisfied
42729,Female,Loyal Customer,42,Business travel,Eco,646,4,4,1,1,3,4,1,4,4,4,4,1,4,2,11,8.0,satisfied
42371,Male,Loyal Customer,23,Personal Travel,Eco,329,3,2,3,2,4,3,4,4,1,1,2,3,2,4,0,0.0,neutral or dissatisfied
104436,Male,Loyal Customer,35,Personal Travel,Eco,1138,1,4,1,2,5,1,5,5,4,3,4,5,4,5,0,0.0,neutral or dissatisfied
27105,Female,Loyal Customer,57,Personal Travel,Eco,1721,3,5,3,5,4,3,5,4,4,3,4,4,4,4,0,4.0,neutral or dissatisfied
85030,Female,Loyal Customer,16,Personal Travel,Eco,1590,3,5,3,1,5,3,1,5,3,2,5,4,4,5,6,0.0,neutral or dissatisfied
75758,Male,Loyal Customer,28,Business travel,Business,868,4,4,4,4,4,3,4,4,5,4,4,4,5,4,0,0.0,satisfied
16658,Female,Loyal Customer,28,Business travel,Eco,605,3,4,4,4,3,3,3,3,2,4,4,3,3,3,19,13.0,neutral or dissatisfied
23084,Female,Loyal Customer,24,Business travel,Eco,864,2,2,2,2,2,2,4,2,4,2,3,3,3,2,6,2.0,neutral or dissatisfied
94033,Male,Loyal Customer,45,Business travel,Business,1702,3,3,3,3,5,4,4,5,5,5,5,4,5,3,14,10.0,satisfied
86517,Male,Loyal Customer,8,Personal Travel,Eco,712,2,4,3,5,4,3,4,4,2,2,1,4,3,4,0,1.0,neutral or dissatisfied
70451,Male,Loyal Customer,59,Business travel,Business,2962,0,4,0,4,2,4,5,1,1,1,1,5,1,4,54,46.0,satisfied
12918,Male,Loyal Customer,42,Business travel,Business,2142,3,2,4,2,1,3,4,3,3,3,3,1,3,1,0,0.0,neutral or dissatisfied
55503,Male,Loyal Customer,42,Business travel,Business,1739,3,3,3,3,4,4,4,3,3,3,3,5,3,5,3,0.0,satisfied
125065,Female,Loyal Customer,32,Personal Travel,Eco,90,2,3,2,3,3,2,2,3,1,1,3,1,4,3,0,0.0,neutral or dissatisfied
7225,Female,Loyal Customer,53,Business travel,Eco,130,3,2,2,2,2,4,3,3,3,3,3,1,3,4,14,9.0,neutral or dissatisfied
26377,Male,Loyal Customer,45,Personal Travel,Eco,894,2,5,2,2,2,2,2,2,3,2,4,5,5,2,92,84.0,neutral or dissatisfied
74350,Female,disloyal Customer,38,Business travel,Business,1235,2,2,2,1,4,2,4,4,4,5,5,4,4,4,0,0.0,neutral or dissatisfied
41578,Male,Loyal Customer,51,Personal Travel,Eco,1482,4,4,4,3,4,4,4,4,3,4,5,3,5,4,0,0.0,satisfied
68946,Male,Loyal Customer,68,Personal Travel,Eco,646,3,4,3,4,3,3,3,3,3,2,3,3,4,3,8,11.0,neutral or dissatisfied
22567,Female,Loyal Customer,31,Business travel,Business,223,4,4,2,4,5,5,3,5,3,3,1,2,4,5,12,9.0,satisfied
9059,Male,disloyal Customer,29,Business travel,Business,160,4,4,4,4,4,4,4,4,3,3,5,4,4,4,5,3.0,satisfied
103395,Female,Loyal Customer,42,Business travel,Business,3176,2,2,4,2,3,5,5,5,5,5,5,5,5,3,0,0.0,satisfied
7781,Female,Loyal Customer,60,Personal Travel,Eco,1080,2,5,2,5,4,4,4,4,4,2,4,5,4,4,0,0.0,neutral or dissatisfied
107786,Male,Loyal Customer,23,Business travel,Business,666,1,5,5,5,1,1,1,1,2,4,3,3,4,1,6,0.0,neutral or dissatisfied
104165,Female,Loyal Customer,39,Business travel,Business,2113,3,3,1,3,5,3,3,3,3,3,3,2,3,3,0,0.0,neutral or dissatisfied
37826,Female,Loyal Customer,12,Personal Travel,Business,937,3,5,3,3,1,3,1,1,5,5,5,4,5,1,12,0.0,neutral or dissatisfied
109861,Female,Loyal Customer,23,Business travel,Business,2359,2,2,2,2,2,3,2,2,2,1,3,1,3,2,98,76.0,neutral or dissatisfied
109112,Female,Loyal Customer,55,Business travel,Eco Plus,816,3,4,4,4,2,3,3,3,3,3,3,3,3,1,4,0.0,neutral or dissatisfied
35750,Female,Loyal Customer,58,Personal Travel,Eco Plus,1826,4,4,4,1,3,4,4,3,3,4,3,4,3,5,11,8.0,neutral or dissatisfied
5337,Female,Loyal Customer,39,Business travel,Business,733,4,4,5,4,5,4,5,5,5,5,5,3,5,5,0,0.0,satisfied
6610,Female,Loyal Customer,16,Personal Travel,Eco,607,4,5,3,3,4,3,4,4,5,2,5,5,5,4,29,27.0,neutral or dissatisfied
45382,Female,Loyal Customer,60,Business travel,Eco Plus,150,5,5,1,5,3,5,5,5,5,5,5,5,5,4,0,2.0,satisfied
669,Male,Loyal Customer,40,Business travel,Business,3893,3,3,3,3,3,4,4,4,4,4,5,3,4,4,0,0.0,satisfied
38377,Female,Loyal Customer,15,Personal Travel,Eco,1133,2,4,2,1,2,2,2,2,3,5,3,3,4,2,65,72.0,neutral or dissatisfied
66359,Male,Loyal Customer,50,Business travel,Eco,986,1,2,2,2,1,1,1,1,1,1,4,1,4,1,0,0.0,neutral or dissatisfied
5806,Male,Loyal Customer,35,Business travel,Eco,157,2,3,3,3,2,2,2,2,2,5,2,3,4,2,0,0.0,satisfied
57001,Male,Loyal Customer,37,Personal Travel,Eco,2565,2,5,2,3,2,5,4,5,2,3,2,4,2,4,7,0.0,neutral or dissatisfied
45971,Female,disloyal Customer,54,Business travel,Eco,872,3,3,3,2,4,3,4,4,4,2,3,4,3,4,4,32.0,neutral or dissatisfied
121506,Male,Loyal Customer,42,Business travel,Business,1727,3,3,3,3,4,4,4,3,3,4,3,5,3,3,0,0.0,satisfied
80048,Male,Loyal Customer,37,Personal Travel,Eco,1089,4,5,4,3,4,4,4,4,5,3,3,2,5,4,0,0.0,satisfied
24269,Male,Loyal Customer,66,Personal Travel,Eco,147,3,5,3,4,2,3,2,2,5,1,4,4,1,2,34,26.0,neutral or dissatisfied
97558,Male,Loyal Customer,60,Business travel,Business,2948,3,3,3,3,3,5,4,4,4,4,4,4,4,5,16,14.0,satisfied
42955,Female,disloyal Customer,25,Business travel,Eco,192,1,5,1,4,5,1,1,5,5,1,3,3,2,5,0,0.0,neutral or dissatisfied
115958,Male,Loyal Customer,23,Personal Travel,Eco,325,3,3,1,4,2,1,2,2,1,3,4,2,3,2,69,65.0,neutral or dissatisfied
21157,Male,Loyal Customer,44,Business travel,Business,1807,4,4,1,4,4,4,5,2,2,2,2,5,2,5,0,0.0,satisfied
93262,Male,Loyal Customer,50,Business travel,Business,564,3,3,3,3,3,5,4,5,5,5,5,4,5,5,0,0.0,satisfied
129717,Female,disloyal Customer,22,Business travel,Business,337,4,4,4,4,4,4,4,3,3,5,4,4,3,4,201,200.0,satisfied
90993,Female,disloyal Customer,43,Business travel,Eco,145,2,3,3,1,3,3,3,3,3,5,5,3,2,3,22,12.0,neutral or dissatisfied
4399,Male,Loyal Customer,45,Personal Travel,Eco,473,1,4,1,2,1,1,1,1,3,2,5,2,3,1,0,0.0,neutral or dissatisfied
36543,Male,Loyal Customer,36,Business travel,Business,1197,2,2,2,2,3,4,1,5,5,5,5,4,5,3,31,15.0,satisfied
69874,Female,disloyal Customer,48,Business travel,Business,1055,2,2,2,1,3,2,3,3,5,2,4,3,5,3,0,0.0,neutral or dissatisfied
77525,Female,Loyal Customer,54,Business travel,Business,2509,4,4,4,4,3,5,4,3,3,4,3,3,3,3,6,0.0,satisfied
102326,Female,disloyal Customer,27,Business travel,Eco,223,2,3,2,3,2,2,2,2,1,2,4,1,4,2,38,32.0,neutral or dissatisfied
25561,Male,Loyal Customer,31,Business travel,Business,3533,1,1,1,1,4,4,4,4,3,5,3,5,4,4,4,0.0,satisfied
80191,Male,Loyal Customer,9,Personal Travel,Eco,2586,1,5,1,5,1,5,5,5,2,3,5,5,4,5,55,34.0,neutral or dissatisfied
86252,Male,Loyal Customer,35,Personal Travel,Eco,226,2,4,2,5,5,2,5,5,3,3,4,4,4,5,0,4.0,neutral or dissatisfied
48012,Female,Loyal Customer,27,Personal Travel,Eco Plus,550,3,4,3,4,4,3,4,4,4,4,3,4,5,4,6,0.0,neutral or dissatisfied
46130,Male,disloyal Customer,25,Business travel,Eco,604,3,4,2,2,1,2,1,1,4,1,1,5,4,1,97,92.0,neutral or dissatisfied
114939,Female,Loyal Customer,44,Business travel,Business,2156,4,4,4,4,5,5,5,4,4,4,4,4,4,4,16,20.0,satisfied
60686,Female,Loyal Customer,7,Personal Travel,Business,1605,2,5,2,2,3,2,3,3,3,4,4,3,4,3,0,0.0,neutral or dissatisfied
32656,Female,Loyal Customer,33,Business travel,Business,2517,5,5,5,5,3,4,4,4,4,4,4,1,4,2,0,0.0,satisfied
6177,Male,Loyal Customer,15,Personal Travel,Eco,491,2,3,2,3,2,2,2,2,2,5,4,1,4,2,59,64.0,neutral or dissatisfied
2894,Male,Loyal Customer,21,Personal Travel,Eco,475,2,3,2,1,3,2,3,3,1,3,1,5,3,3,55,42.0,neutral or dissatisfied
128467,Male,Loyal Customer,35,Personal Travel,Eco,304,3,1,3,3,1,3,1,1,1,2,2,4,2,1,5,0.0,neutral or dissatisfied
107237,Male,Loyal Customer,10,Personal Travel,Eco,583,3,4,3,5,3,3,3,3,5,4,5,4,4,3,39,38.0,neutral or dissatisfied
25463,Male,Loyal Customer,40,Business travel,Business,2224,3,3,3,3,5,4,4,2,2,3,2,4,2,4,0,47.0,satisfied
62836,Male,Loyal Customer,59,Business travel,Business,2399,5,5,2,5,4,3,5,5,5,5,5,5,5,3,8,8.0,satisfied
97252,Male,Loyal Customer,39,Business travel,Eco,296,3,2,2,2,3,3,3,3,3,2,3,3,3,3,2,0.0,neutral or dissatisfied
15999,Male,Loyal Customer,59,Business travel,Eco,794,3,3,2,3,3,3,3,3,2,2,3,5,5,3,14,2.0,satisfied
109066,Female,Loyal Customer,44,Business travel,Eco,557,5,4,4,4,5,5,1,5,5,5,5,3,5,2,1,1.0,satisfied
26944,Male,Loyal Customer,53,Business travel,Eco,2402,4,2,5,2,4,4,4,4,3,2,5,3,1,4,0,0.0,satisfied
19057,Male,Loyal Customer,48,Personal Travel,Business,569,4,2,4,2,5,3,3,4,4,4,4,2,4,1,0,0.0,neutral or dissatisfied
5556,Male,Loyal Customer,59,Business travel,Business,501,4,4,4,4,3,5,5,2,2,2,2,3,2,4,18,33.0,satisfied
126864,Male,Loyal Customer,27,Personal Travel,Eco,2077,2,2,2,2,2,2,2,2,1,1,2,4,1,2,0,0.0,neutral or dissatisfied
22983,Male,Loyal Customer,48,Business travel,Business,2965,2,2,2,2,2,3,4,4,4,4,4,4,4,2,12,21.0,satisfied
58864,Male,Loyal Customer,38,Business travel,Business,3699,4,4,4,4,4,4,5,3,3,3,3,5,3,4,5,0.0,satisfied
39571,Male,disloyal Customer,25,Business travel,Eco,679,4,4,4,5,2,4,2,2,1,4,3,4,4,2,81,78.0,satisfied
102162,Female,disloyal Customer,22,Business travel,Business,407,5,0,5,2,5,5,5,5,4,4,4,3,4,5,22,14.0,satisfied
69916,Female,Loyal Customer,23,Personal Travel,Eco,1514,4,2,4,3,1,4,2,1,2,2,4,2,3,1,0,0.0,neutral or dissatisfied
48891,Male,Loyal Customer,39,Business travel,Business,266,0,0,0,4,3,3,1,1,1,1,1,5,1,2,0,0.0,satisfied
127981,Male,Loyal Customer,57,Business travel,Business,1149,3,3,3,3,3,5,4,5,5,5,5,5,5,4,0,1.0,satisfied
14566,Male,Loyal Customer,50,Business travel,Eco,986,4,3,3,3,4,4,4,4,3,3,1,2,2,4,0,0.0,satisfied
3585,Female,disloyal Customer,30,Business travel,Business,999,3,3,3,2,5,3,1,5,3,5,5,5,5,5,3,0.0,neutral or dissatisfied
105073,Female,Loyal Customer,40,Business travel,Business,220,5,5,5,5,3,5,5,5,5,4,4,3,5,4,9,0.0,satisfied
91363,Female,Loyal Customer,48,Personal Travel,Eco Plus,271,3,1,3,3,3,3,2,2,2,3,2,3,2,2,0,0.0,neutral or dissatisfied
22009,Male,Loyal Customer,22,Personal Travel,Eco,500,2,4,2,4,4,2,4,4,3,3,3,3,3,4,0,11.0,neutral or dissatisfied
102921,Female,disloyal Customer,21,Business travel,Eco,317,1,2,1,4,3,1,3,3,1,2,4,2,3,3,45,48.0,neutral or dissatisfied
67067,Female,Loyal Customer,49,Business travel,Business,3133,2,2,2,2,3,5,5,4,4,4,4,5,4,5,0,0.0,satisfied
38368,Female,Loyal Customer,61,Personal Travel,Eco,1111,1,5,1,3,3,4,4,2,2,1,2,4,2,5,0,1.0,neutral or dissatisfied
117812,Male,Loyal Customer,41,Business travel,Business,328,2,2,2,2,2,5,5,4,4,4,4,2,4,1,6,2.0,satisfied
103405,Male,Loyal Customer,33,Business travel,Business,3710,4,4,4,4,4,4,4,4,2,2,3,4,4,4,7,0.0,neutral or dissatisfied
4091,Female,Loyal Customer,60,Business travel,Business,2869,1,1,1,1,4,4,4,3,3,3,3,3,3,5,0,2.0,satisfied
71548,Female,disloyal Customer,36,Business travel,Business,1182,1,1,1,3,4,1,4,4,4,3,5,5,5,4,0,5.0,neutral or dissatisfied
25476,Female,Loyal Customer,48,Business travel,Eco,481,5,1,1,1,2,5,1,5,5,5,5,1,5,5,0,0.0,satisfied
126925,Male,Loyal Customer,42,Personal Travel,Business,647,3,2,3,1,5,1,1,2,2,3,4,2,2,4,0,0.0,neutral or dissatisfied
19434,Female,Loyal Customer,39,Personal Travel,Eco,645,1,3,1,3,1,1,1,1,2,3,3,1,3,1,45,37.0,neutral or dissatisfied
68710,Female,Loyal Customer,34,Personal Travel,Eco,175,5,5,5,4,2,5,5,2,4,3,4,4,4,2,3,5.0,satisfied
60435,Male,Loyal Customer,46,Business travel,Business,3026,1,1,1,1,4,5,5,5,5,5,5,5,5,3,0,0.0,satisfied
122959,Female,Loyal Customer,38,Business travel,Business,600,2,2,2,2,4,4,4,2,2,2,2,5,2,4,0,5.0,satisfied
107704,Female,Loyal Customer,30,Business travel,Business,3024,4,2,2,2,4,4,4,4,4,2,4,4,3,4,69,60.0,neutral or dissatisfied
117292,Female,Loyal Customer,48,Business travel,Business,3329,2,2,2,2,3,4,4,5,5,5,5,4,5,5,0,0.0,satisfied
80729,Male,Loyal Customer,43,Business travel,Business,3221,1,1,1,1,4,5,5,4,4,4,4,3,4,5,11,0.0,satisfied
52632,Female,Loyal Customer,35,Business travel,Eco,160,2,1,3,1,2,2,2,2,2,3,3,2,4,2,0,0.0,neutral or dissatisfied
70299,Female,Loyal Customer,43,Personal Travel,Eco Plus,852,3,4,3,3,3,5,4,3,3,3,3,3,3,4,48,35.0,neutral or dissatisfied
101166,Male,Loyal Customer,34,Business travel,Business,1940,2,3,3,3,4,3,3,2,2,2,2,3,2,3,90,90.0,neutral or dissatisfied
128043,Female,disloyal Customer,17,Business travel,Eco,878,1,2,2,3,4,1,4,4,5,3,5,4,4,4,0,0.0,neutral or dissatisfied
33232,Female,disloyal Customer,44,Business travel,Eco Plus,101,2,2,2,4,1,2,1,1,3,1,2,5,4,1,0,0.0,neutral or dissatisfied
113560,Male,Loyal Customer,51,Business travel,Eco,226,2,3,3,3,2,2,2,2,4,5,3,1,2,2,41,34.0,neutral or dissatisfied
9755,Female,Loyal Customer,42,Business travel,Business,2122,2,5,5,5,5,3,3,2,2,2,2,3,2,2,0,6.0,neutral or dissatisfied
128228,Male,Loyal Customer,44,Business travel,Eco,202,1,5,4,5,1,1,1,1,1,4,3,1,4,1,33,37.0,neutral or dissatisfied
106412,Female,Loyal Customer,9,Personal Travel,Eco,488,1,0,1,1,4,1,4,4,5,4,4,3,5,4,0,0.0,neutral or dissatisfied
81787,Female,disloyal Customer,22,Business travel,Eco,1416,2,1,1,1,2,2,2,2,4,2,5,4,5,2,16,16.0,neutral or dissatisfied
14254,Female,disloyal Customer,34,Business travel,Business,429,1,0,0,2,3,0,3,3,5,2,4,3,4,3,14,9.0,neutral or dissatisfied
96185,Male,Loyal Customer,47,Business travel,Business,2081,3,3,3,3,4,4,4,5,5,5,5,3,5,5,8,3.0,satisfied
65081,Female,Loyal Customer,69,Personal Travel,Eco,224,3,4,0,4,3,5,5,2,2,0,5,3,2,5,0,11.0,neutral or dissatisfied
66623,Male,Loyal Customer,45,Business travel,Business,802,3,3,3,3,4,3,4,3,3,3,3,3,3,3,26,24.0,neutral or dissatisfied
116641,Female,disloyal Customer,27,Business travel,Eco Plus,447,2,1,1,4,4,1,4,4,2,1,3,2,3,4,14,0.0,neutral or dissatisfied
59826,Female,Loyal Customer,40,Business travel,Business,2887,1,1,1,1,4,4,4,5,5,5,5,4,5,4,0,0.0,satisfied
47413,Male,Loyal Customer,30,Business travel,Business,501,2,2,2,2,2,2,2,2,1,2,2,5,4,2,0,0.0,satisfied
1272,Female,Loyal Customer,51,Personal Travel,Eco,134,1,5,1,2,3,5,4,1,1,1,1,4,1,4,0,0.0,neutral or dissatisfied
31826,Female,disloyal Customer,24,Business travel,Eco,1233,4,4,4,1,4,5,5,4,5,4,4,5,1,5,0,0.0,satisfied
89671,Male,Loyal Customer,31,Business travel,Business,3591,3,4,4,4,3,3,3,3,2,2,2,4,3,3,0,0.0,neutral or dissatisfied
122890,Female,Loyal Customer,37,Business travel,Eco Plus,226,2,3,3,3,2,2,2,2,1,4,3,2,4,2,0,0.0,neutral or dissatisfied
115086,Male,Loyal Customer,32,Business travel,Business,447,5,5,5,5,5,4,5,5,3,5,4,3,5,5,123,128.0,satisfied
9095,Male,Loyal Customer,37,Business travel,Eco Plus,173,2,3,3,3,2,3,2,2,3,5,3,1,4,2,0,0.0,neutral or dissatisfied
18148,Male,disloyal Customer,27,Business travel,Business,229,2,2,2,1,4,2,4,4,1,3,1,5,1,4,0,0.0,neutral or dissatisfied
73405,Male,Loyal Customer,48,Business travel,Business,1971,3,3,3,3,3,3,3,4,3,3,2,3,1,3,140,208.0,neutral or dissatisfied
127631,Female,disloyal Customer,26,Business travel,Eco,1773,2,2,2,4,1,2,1,1,3,1,3,4,3,1,54,44.0,neutral or dissatisfied
51111,Male,Loyal Customer,31,Personal Travel,Eco,190,2,5,2,5,5,2,3,5,5,3,4,3,4,5,0,0.0,neutral or dissatisfied
13368,Male,Loyal Customer,56,Personal Travel,Eco,748,2,5,1,4,3,1,3,3,5,5,5,3,5,3,10,31.0,neutral or dissatisfied
7327,Female,disloyal Customer,27,Business travel,Business,606,1,1,1,4,1,1,1,1,3,5,4,4,4,1,39,46.0,neutral or dissatisfied
38306,Female,Loyal Customer,9,Personal Travel,Eco,2583,2,2,2,3,2,5,5,2,4,3,4,5,4,5,46,33.0,neutral or dissatisfied
110255,Female,Loyal Customer,20,Personal Travel,Eco Plus,1024,2,1,2,3,3,2,3,3,3,3,2,3,2,3,4,18.0,neutral or dissatisfied
64984,Female,disloyal Customer,37,Business travel,Eco,190,3,1,3,3,2,3,2,2,4,3,4,4,4,2,0,0.0,neutral or dissatisfied
107202,Female,Loyal Customer,15,Personal Travel,Eco,402,3,1,3,3,3,3,3,3,2,5,2,1,2,3,7,2.0,neutral or dissatisfied
71104,Male,Loyal Customer,11,Personal Travel,Eco Plus,802,3,1,3,2,3,3,3,3,1,3,2,2,3,3,0,0.0,neutral or dissatisfied
19749,Male,Loyal Customer,35,Business travel,Business,3595,4,4,4,4,1,3,4,5,5,4,5,4,5,4,4,2.0,satisfied
4736,Male,Loyal Customer,28,Business travel,Business,1730,1,1,1,1,5,5,5,5,4,4,4,5,4,5,0,0.0,satisfied
96295,Female,Loyal Customer,23,Personal Travel,Eco,666,3,0,3,5,3,3,3,3,5,3,5,3,5,3,0,0.0,neutral or dissatisfied
91471,Male,Loyal Customer,44,Personal Travel,Eco,859,1,5,1,3,2,1,2,2,5,4,4,4,5,2,50,34.0,neutral or dissatisfied
9110,Male,Loyal Customer,43,Business travel,Business,765,1,2,2,2,4,3,2,1,1,1,1,1,1,4,2,0.0,neutral or dissatisfied
44276,Female,Loyal Customer,40,Business travel,Eco Plus,359,5,4,1,4,5,5,5,5,4,4,1,2,2,5,0,0.0,satisfied
59687,Female,Loyal Customer,39,Personal Travel,Eco,964,4,4,4,3,2,4,2,2,5,3,4,5,4,2,17,0.0,satisfied
17993,Female,Loyal Customer,29,Business travel,Business,332,1,1,1,1,5,5,5,5,5,1,4,3,3,5,0,0.0,satisfied
42571,Female,Loyal Customer,68,Business travel,Business,3695,4,4,4,4,1,3,4,5,5,4,5,1,5,5,0,0.0,satisfied
19387,Female,Loyal Customer,30,Personal Travel,Eco,844,3,4,3,4,1,3,1,1,1,3,3,2,4,1,2,0.0,neutral or dissatisfied
101107,Male,Loyal Customer,41,Business travel,Business,1235,3,3,3,3,4,5,4,5,5,5,5,5,5,3,0,0.0,satisfied
75354,Female,Loyal Customer,58,Business travel,Business,2504,4,4,4,4,2,4,4,4,4,4,4,3,4,4,0,0.0,satisfied
113878,Male,Loyal Customer,58,Business travel,Eco Plus,1363,3,4,4,4,3,3,3,3,4,4,4,2,4,3,5,6.0,neutral or dissatisfied
40083,Male,Loyal Customer,19,Personal Travel,Eco,493,5,5,5,1,3,5,3,3,4,5,4,3,4,3,0,0.0,satisfied
52566,Female,disloyal Customer,20,Business travel,Eco,110,1,4,1,3,4,1,5,4,4,1,4,1,4,4,0,7.0,neutral or dissatisfied
80345,Female,Loyal Customer,37,Business travel,Business,3165,3,3,3,3,2,5,5,4,4,4,4,4,4,3,0,0.0,satisfied
79409,Male,Loyal Customer,63,Business travel,Business,3579,2,1,1,1,5,3,4,1,1,1,2,4,1,2,11,0.0,neutral or dissatisfied
45565,Female,Loyal Customer,42,Personal Travel,Eco,1304,2,2,2,3,3,3,3,1,1,2,1,3,1,3,0,0.0,neutral or dissatisfied
104289,Male,Loyal Customer,48,Business travel,Business,3326,1,1,5,1,2,5,4,4,4,4,4,4,4,3,0,0.0,satisfied
18016,Male,Loyal Customer,39,Personal Travel,Eco,332,3,5,4,4,2,4,2,2,1,4,2,1,5,2,43,29.0,neutral or dissatisfied
95299,Male,Loyal Customer,58,Personal Travel,Eco,239,4,5,4,3,5,4,5,5,4,2,4,4,5,5,2,0.0,neutral or dissatisfied
117925,Female,Loyal Customer,46,Business travel,Business,255,4,5,4,4,5,4,5,4,4,4,4,5,4,5,0,0.0,satisfied
14599,Male,Loyal Customer,45,Personal Travel,Eco,986,1,5,1,4,1,1,1,1,4,5,4,5,4,1,28,0.0,neutral or dissatisfied
25357,Male,disloyal Customer,36,Business travel,Eco,591,4,5,5,1,5,5,5,5,4,4,1,1,3,5,1,0.0,neutral or dissatisfied
35688,Male,Loyal Customer,47,Business travel,Eco,2475,2,5,5,5,2,2,2,2,2,2,4,2,3,2,0,3.0,neutral or dissatisfied
77339,Female,Loyal Customer,47,Business travel,Business,1545,1,1,1,1,3,5,4,5,5,5,5,4,5,3,0,0.0,satisfied
69486,Female,disloyal Customer,27,Business travel,Business,1089,3,3,3,3,1,3,1,1,3,3,4,3,4,1,0,0.0,neutral or dissatisfied
43244,Male,Loyal Customer,60,Personal Travel,Business,358,1,5,1,2,4,4,5,5,5,1,5,4,5,3,1,15.0,neutral or dissatisfied
21988,Female,Loyal Customer,60,Personal Travel,Eco,503,3,3,3,4,4,3,4,1,1,3,1,3,1,4,0,0.0,neutral or dissatisfied
110734,Male,Loyal Customer,49,Business travel,Business,2847,5,5,5,5,4,4,4,2,2,2,2,3,2,4,0,0.0,satisfied
17305,Female,disloyal Customer,26,Business travel,Eco,403,4,4,4,3,4,4,4,4,4,3,4,4,3,4,0,0.0,satisfied
73800,Male,Loyal Customer,65,Business travel,Eco Plus,204,3,4,4,4,3,3,3,3,1,3,4,1,3,3,0,0.0,neutral or dissatisfied
75006,Male,disloyal Customer,23,Business travel,Eco,236,3,0,3,2,3,3,3,3,5,3,4,4,4,3,4,3.0,neutral or dissatisfied
96931,Male,Loyal Customer,37,Personal Travel,Eco Plus,849,3,1,3,3,5,3,5,5,3,1,3,3,3,5,42,27.0,neutral or dissatisfied
84001,Male,Loyal Customer,69,Personal Travel,Eco,373,2,0,2,5,2,2,2,2,4,4,5,5,5,2,0,0.0,neutral or dissatisfied
4708,Female,Loyal Customer,23,Business travel,Eco Plus,489,4,2,2,2,4,4,4,3,3,4,3,4,3,4,205,225.0,neutral or dissatisfied
92234,Male,Loyal Customer,58,Business travel,Eco Plus,579,1,5,5,5,1,1,1,1,4,3,3,2,4,1,84,76.0,neutral or dissatisfied
42149,Female,Loyal Customer,53,Personal Travel,Business,329,2,3,1,1,2,4,1,2,2,1,4,1,2,5,0,0.0,neutral or dissatisfied
92752,Male,Loyal Customer,22,Personal Travel,Eco,1276,4,4,3,1,4,3,4,4,4,4,5,5,5,4,0,0.0,satisfied
94898,Male,Loyal Customer,61,Business travel,Eco,319,5,2,2,2,5,5,5,5,5,4,2,4,3,5,5,0.0,satisfied
124646,Male,Loyal Customer,45,Business travel,Business,3618,4,4,4,4,3,5,4,4,4,4,4,5,4,3,0,0.0,satisfied
1970,Male,Loyal Customer,28,Personal Travel,Eco,351,3,5,3,1,5,3,5,5,3,2,4,5,4,5,0,0.0,neutral or dissatisfied
118383,Male,Loyal Customer,47,Business travel,Business,1759,4,4,3,4,4,4,4,5,5,5,5,4,5,3,12,6.0,satisfied
41209,Female,disloyal Customer,11,Business travel,Eco,986,2,2,2,1,3,2,5,3,4,4,2,2,4,3,0,0.0,neutral or dissatisfied
17849,Female,disloyal Customer,23,Business travel,Eco,615,3,0,3,5,1,3,1,1,4,5,1,4,2,1,68,44.0,neutral or dissatisfied
122582,Female,Loyal Customer,54,Business travel,Business,2031,5,5,2,5,4,4,5,5,5,5,5,5,5,4,33,20.0,satisfied
71467,Female,Loyal Customer,50,Business travel,Eco Plus,867,2,3,3,3,3,3,3,2,2,2,2,3,2,1,34,32.0,neutral or dissatisfied
40625,Female,Loyal Customer,47,Personal Travel,Eco,391,1,4,1,2,5,5,4,2,2,1,2,5,2,5,0,0.0,neutral or dissatisfied
40896,Female,Loyal Customer,29,Personal Travel,Eco,584,3,3,3,4,3,3,3,3,3,1,4,2,4,3,0,0.0,neutral or dissatisfied
117937,Male,Loyal Customer,36,Business travel,Business,3284,3,4,5,5,4,3,3,3,3,2,3,3,3,4,46,36.0,neutral or dissatisfied
58022,Male,Loyal Customer,44,Personal Travel,Eco,1721,3,5,2,2,5,2,5,5,5,3,4,3,4,5,13,0.0,neutral or dissatisfied
13410,Female,disloyal Customer,35,Business travel,Eco,409,1,0,1,2,5,1,4,5,1,3,4,3,4,5,109,108.0,neutral or dissatisfied
4615,Female,Loyal Customer,47,Personal Travel,Eco,719,3,4,3,5,5,5,5,2,2,3,2,5,2,3,0,4.0,neutral or dissatisfied
7432,Male,Loyal Customer,11,Personal Travel,Eco,522,4,4,4,2,1,4,1,1,5,2,4,3,4,1,35,29.0,satisfied
110892,Male,Loyal Customer,48,Business travel,Business,2318,5,2,5,5,5,4,5,4,4,4,4,3,4,4,11,1.0,satisfied
8592,Female,Loyal Customer,20,Personal Travel,Eco,109,2,3,2,1,5,2,1,5,5,2,1,4,5,5,3,8.0,neutral or dissatisfied
43662,Male,Loyal Customer,60,Business travel,Business,2427,4,1,1,1,4,2,2,4,4,4,4,3,4,3,0,0.0,neutral or dissatisfied
54387,Male,Loyal Customer,38,Business travel,Eco,305,5,4,4,4,5,5,5,5,4,2,3,5,1,5,0,0.0,satisfied
86093,Female,Loyal Customer,20,Business travel,Business,2342,2,3,3,3,2,2,2,2,3,1,4,4,3,2,5,7.0,neutral or dissatisfied
78541,Female,Loyal Customer,25,Personal Travel,Eco,666,2,3,2,3,2,2,2,2,4,4,1,3,3,2,0,0.0,neutral or dissatisfied
97910,Female,disloyal Customer,32,Business travel,Business,483,1,1,1,1,1,1,1,1,3,3,5,5,5,1,7,0.0,neutral or dissatisfied
114274,Male,disloyal Customer,22,Business travel,Eco,453,4,0,3,1,1,3,1,1,5,4,1,3,3,1,8,0.0,neutral or dissatisfied
12941,Male,Loyal Customer,57,Personal Travel,Eco,641,3,1,3,2,3,3,3,3,2,5,2,4,3,3,128,115.0,neutral or dissatisfied
63937,Female,Loyal Customer,36,Personal Travel,Eco,1172,2,3,2,4,2,2,2,2,2,2,2,3,4,2,0,0.0,neutral or dissatisfied
61702,Male,disloyal Customer,20,Business travel,Business,1379,0,0,0,4,4,0,1,4,5,4,5,4,4,4,0,0.0,satisfied
68491,Female,Loyal Customer,57,Business travel,Business,1618,3,3,3,3,3,1,2,5,5,5,5,3,5,1,32,45.0,satisfied
109346,Male,Loyal Customer,7,Personal Travel,Eco Plus,1072,3,2,3,3,3,3,3,2,5,4,3,3,2,3,158,144.0,neutral or dissatisfied
45418,Female,Loyal Customer,44,Business travel,Eco,649,4,5,5,5,2,1,2,4,4,4,4,3,4,1,0,1.0,satisfied
90525,Male,Loyal Customer,51,Business travel,Business,404,5,5,5,5,2,4,5,5,5,5,5,4,5,3,0,0.0,satisfied
55150,Male,Loyal Customer,12,Personal Travel,Eco,1303,2,5,2,3,3,2,4,3,4,2,4,5,4,3,0,0.0,neutral or dissatisfied
83830,Female,disloyal Customer,19,Business travel,Eco,425,4,0,5,2,5,5,5,5,4,4,4,5,4,5,0,0.0,satisfied
85889,Female,Loyal Customer,17,Personal Travel,Eco,2172,3,3,3,3,5,3,5,5,4,4,3,2,2,5,5,0.0,neutral or dissatisfied
94281,Male,disloyal Customer,26,Business travel,Business,189,0,4,0,2,5,0,5,5,5,2,5,4,5,5,0,0.0,satisfied
18449,Female,Loyal Customer,46,Personal Travel,Business,201,2,4,2,4,2,3,4,4,4,2,4,3,4,1,6,0.0,neutral or dissatisfied
109664,Female,disloyal Customer,38,Business travel,Business,808,2,3,3,5,4,3,4,4,4,3,5,3,5,4,0,0.0,neutral or dissatisfied
92017,Female,Loyal Customer,27,Business travel,Business,1589,4,4,4,4,4,4,4,4,4,5,4,5,5,4,0,0.0,satisfied
19225,Male,Loyal Customer,50,Personal Travel,Eco,459,2,5,2,3,1,2,1,1,4,5,4,3,5,1,21,30.0,neutral or dissatisfied
122338,Female,Loyal Customer,42,Business travel,Business,2030,4,4,4,4,2,4,5,5,5,5,5,3,5,4,0,0.0,satisfied
91912,Male,Loyal Customer,29,Business travel,Business,2475,1,1,1,1,4,4,4,4,3,5,5,3,4,4,0,0.0,satisfied
34424,Female,Loyal Customer,24,Personal Travel,Eco Plus,612,1,5,1,1,4,1,4,4,5,5,4,4,5,4,0,1.0,neutral or dissatisfied
38854,Female,Loyal Customer,39,Business travel,Business,2153,4,3,4,4,2,5,5,4,4,4,4,4,4,5,0,0.0,satisfied
80995,Female,Loyal Customer,40,Business travel,Eco,228,5,5,5,5,5,5,5,5,5,2,1,1,5,5,0,0.0,satisfied
70781,Male,Loyal Customer,43,Business travel,Business,3728,2,2,2,2,3,5,5,5,5,5,5,5,5,5,0,0.0,satisfied
75891,Male,Loyal Customer,39,Business travel,Business,603,3,3,3,3,5,5,4,5,5,5,5,3,5,4,18,6.0,satisfied
41077,Male,Loyal Customer,52,Business travel,Eco,667,4,4,5,4,4,4,4,4,1,4,1,4,5,4,0,0.0,satisfied
120917,Male,Loyal Customer,26,Business travel,Business,2026,3,3,3,3,4,4,4,4,4,2,5,4,5,4,19,100.0,satisfied
14635,Male,Loyal Customer,45,Business travel,Business,1650,4,4,4,4,1,5,2,4,4,4,5,5,4,3,0,0.0,satisfied
17680,Male,Loyal Customer,33,Personal Travel,Eco Plus,408,3,5,5,2,2,5,2,2,5,2,5,3,5,2,2,0.0,neutral or dissatisfied
90827,Male,Loyal Customer,45,Business travel,Business,406,3,3,3,3,3,5,4,3,3,4,3,3,3,4,0,0.0,satisfied
111359,Male,Loyal Customer,19,Personal Travel,Business,1180,3,5,3,2,4,3,1,4,5,5,4,3,4,4,0,0.0,neutral or dissatisfied
102760,Male,Loyal Customer,48,Business travel,Business,1618,4,4,4,4,3,3,5,4,4,4,4,4,4,5,0,0.0,satisfied
21042,Female,Loyal Customer,30,Business travel,Business,3015,5,5,5,5,4,4,4,4,1,5,1,4,1,4,0,0.0,satisfied
16610,Female,Loyal Customer,34,Business travel,Business,1008,1,1,1,1,5,4,2,2,2,2,2,3,2,2,0,0.0,satisfied
21744,Female,Loyal Customer,22,Business travel,Eco,563,4,2,2,2,4,4,4,4,3,5,1,2,5,4,2,0.0,satisfied
52349,Female,Loyal Customer,58,Business travel,Business,455,3,1,1,1,1,4,4,3,3,3,3,1,3,3,6,19.0,neutral or dissatisfied
22,Female,Loyal Customer,70,Personal Travel,Eco,853,1,4,1,2,2,4,4,1,1,1,1,4,1,4,0,0.0,neutral or dissatisfied
110934,Male,Loyal Customer,65,Personal Travel,Eco,545,3,3,3,4,5,3,5,5,2,5,4,1,3,5,0,0.0,neutral or dissatisfied
50972,Male,Loyal Customer,35,Personal Travel,Eco,262,2,2,2,3,2,2,1,2,2,3,3,1,3,2,50,53.0,neutral or dissatisfied
105180,Female,Loyal Customer,27,Personal Travel,Eco,220,0,3,0,3,5,0,5,5,2,2,2,1,2,5,0,0.0,satisfied
67900,Male,Loyal Customer,57,Personal Travel,Eco,1438,2,1,2,2,1,2,1,1,1,5,3,3,2,1,29,31.0,neutral or dissatisfied
68749,Female,Loyal Customer,57,Business travel,Business,1021,3,3,3,3,5,5,4,4,4,4,4,3,4,5,86,82.0,satisfied
9953,Female,disloyal Customer,38,Business travel,Eco,357,2,1,2,4,2,2,2,2,1,5,3,4,4,2,0,0.0,neutral or dissatisfied
75303,Female,Loyal Customer,49,Personal Travel,Business,2556,4,2,3,4,3,1,1,2,3,4,4,1,3,1,0,2.0,neutral or dissatisfied
17892,Male,Loyal Customer,51,Business travel,Eco Plus,371,4,1,4,1,4,4,4,4,3,5,1,4,3,4,174,160.0,satisfied
109338,Female,Loyal Customer,67,Personal Travel,Eco,1072,3,1,3,3,1,3,3,1,1,3,1,4,1,1,6,12.0,neutral or dissatisfied
115054,Male,Loyal Customer,33,Business travel,Business,1788,5,5,5,5,4,4,4,4,5,4,4,3,4,4,40,35.0,satisfied
48543,Female,Loyal Customer,62,Business travel,Business,1538,2,2,2,2,2,3,3,5,5,5,5,5,5,5,0,0.0,satisfied
81173,Male,Loyal Customer,47,Business travel,Business,2122,2,2,2,2,2,5,5,5,5,5,5,4,5,5,59,64.0,satisfied
26535,Female,Loyal Customer,25,Business travel,Business,1599,2,1,1,1,2,2,2,2,2,3,4,2,4,2,0,0.0,neutral or dissatisfied
78705,Female,disloyal Customer,25,Business travel,Business,554,3,2,3,4,4,3,4,4,1,5,3,4,4,4,9,0.0,neutral or dissatisfied
84625,Male,Loyal Customer,44,Personal Travel,Eco,707,3,4,3,3,1,3,1,1,5,4,5,4,5,1,0,0.0,neutral or dissatisfied
37216,Female,Loyal Customer,25,Business travel,Business,2309,3,3,3,3,4,4,4,4,5,3,5,3,5,4,35,23.0,satisfied
104134,Male,Loyal Customer,58,Business travel,Business,1526,4,3,4,3,4,4,4,4,4,4,4,1,4,1,11,5.0,neutral or dissatisfied
71665,Male,Loyal Customer,62,Personal Travel,Eco,1012,2,1,2,4,1,2,1,1,4,3,4,1,4,1,0,6.0,neutral or dissatisfied
108011,Female,Loyal Customer,45,Personal Travel,Eco Plus,271,4,5,4,5,2,4,5,4,4,4,4,5,4,5,6,2.0,satisfied
73704,Male,Loyal Customer,68,Business travel,Eco,192,4,3,5,3,4,4,4,4,2,2,2,1,1,4,0,0.0,neutral or dissatisfied
92488,Female,Loyal Customer,57,Business travel,Eco,1919,2,5,5,5,2,2,2,1,2,4,3,2,4,2,179,157.0,neutral or dissatisfied
12306,Male,Loyal Customer,56,Business travel,Eco,285,4,4,4,4,4,4,4,4,1,3,4,1,3,4,0,0.0,neutral or dissatisfied
119819,Male,Loyal Customer,48,Business travel,Business,912,4,4,4,4,4,5,4,5,5,5,5,4,5,3,0,0.0,satisfied
33226,Male,Loyal Customer,30,Business travel,Eco Plus,101,2,3,3,3,2,2,2,2,1,5,4,4,4,2,0,0.0,neutral or dissatisfied
114925,Female,disloyal Customer,22,Business travel,Business,372,4,0,4,3,5,4,1,5,5,5,5,4,5,5,1,0.0,satisfied
66083,Female,Loyal Customer,12,Personal Travel,Eco,1055,2,5,2,3,4,2,1,4,3,3,5,3,4,4,0,3.0,neutral or dissatisfied
34954,Male,Loyal Customer,17,Personal Travel,Eco,187,2,5,2,1,2,2,2,2,3,2,5,4,5,2,0,0.0,neutral or dissatisfied
88063,Female,Loyal Customer,55,Business travel,Business,2366,4,4,4,4,3,4,5,4,4,4,4,5,4,4,0,0.0,satisfied
106111,Female,Loyal Customer,43,Business travel,Business,3474,5,5,5,5,3,4,5,4,4,4,4,4,4,5,5,9.0,satisfied
51554,Female,disloyal Customer,27,Business travel,Eco,355,1,1,1,3,1,1,1,1,4,1,3,2,2,1,0,0.0,neutral or dissatisfied
106350,Male,Loyal Customer,60,Business travel,Business,674,2,2,2,2,2,4,5,5,5,5,5,3,5,4,25,7.0,satisfied
125711,Female,Loyal Customer,16,Personal Travel,Eco,892,2,5,2,2,2,2,2,2,4,2,5,3,5,2,0,15.0,neutral or dissatisfied
104542,Female,Loyal Customer,34,Personal Travel,Eco,1047,2,5,2,4,5,2,5,5,3,4,5,4,4,5,0,0.0,neutral or dissatisfied
6755,Male,Loyal Customer,25,Business travel,Business,2922,1,1,1,1,5,5,5,5,3,3,4,5,5,5,16,14.0,satisfied
30820,Male,Loyal Customer,61,Personal Travel,Business,896,2,3,2,3,2,3,2,5,5,2,5,3,5,5,35,23.0,neutral or dissatisfied
22038,Male,Loyal Customer,45,Personal Travel,Eco Plus,448,3,3,3,4,2,3,1,2,3,3,3,3,3,2,48,35.0,neutral or dissatisfied
50487,Female,Loyal Customer,71,Business travel,Eco,209,3,5,5,5,2,3,3,3,3,3,3,1,3,1,0,0.0,neutral or dissatisfied
55033,Female,Loyal Customer,50,Business travel,Business,1609,2,3,3,3,3,2,3,2,2,2,2,1,2,4,0,0.0,neutral or dissatisfied
82364,Female,Loyal Customer,52,Personal Travel,Eco,453,1,5,1,1,3,4,4,3,3,1,3,3,3,4,0,0.0,neutral or dissatisfied
21121,Male,Loyal Customer,14,Personal Travel,Eco,227,2,4,0,3,2,0,4,2,3,2,4,3,4,2,0,0.0,neutral or dissatisfied
35029,Male,Loyal Customer,47,Business travel,Business,2707,2,2,2,2,2,4,4,5,5,5,5,5,5,4,0,0.0,satisfied
45491,Male,Loyal Customer,59,Personal Travel,Eco,587,5,3,5,3,2,5,5,2,3,1,3,4,2,2,11,5.0,satisfied
72946,Female,Loyal Customer,62,Business travel,Eco,1089,1,4,2,4,1,3,3,1,1,1,1,4,1,1,10,2.0,neutral or dissatisfied
47109,Female,Loyal Customer,28,Business travel,Business,2018,2,5,2,2,4,4,4,4,5,3,5,1,4,4,65,86.0,satisfied
3799,Female,Loyal Customer,46,Business travel,Business,2934,4,4,1,4,4,3,3,5,3,4,5,3,3,3,229,257.0,satisfied
109750,Female,disloyal Customer,24,Business travel,Business,587,4,0,4,5,2,4,2,2,3,2,4,5,5,2,0,0.0,satisfied
67486,Female,disloyal Customer,40,Business travel,Business,641,3,3,3,3,2,3,4,2,5,4,5,3,4,2,46,46.0,neutral or dissatisfied
54875,Male,disloyal Customer,43,Business travel,Eco,462,2,0,2,2,1,2,1,1,4,5,3,1,4,1,14,4.0,neutral or dissatisfied
36656,Male,Loyal Customer,26,Personal Travel,Eco,1211,3,0,3,3,5,3,5,5,4,2,5,4,4,5,5,0.0,neutral or dissatisfied
126435,Female,Loyal Customer,46,Personal Travel,Eco Plus,328,3,1,3,4,4,4,4,4,4,3,4,2,4,3,0,0.0,neutral or dissatisfied
107713,Female,Loyal Customer,55,Business travel,Business,2690,1,1,1,1,4,5,5,5,5,5,5,3,5,3,8,2.0,satisfied
35465,Male,Loyal Customer,13,Personal Travel,Eco,972,3,2,2,4,2,2,2,2,3,5,3,2,4,2,88,99.0,neutral or dissatisfied
21372,Male,Loyal Customer,36,Business travel,Business,528,5,5,5,5,3,1,4,4,4,4,4,2,4,5,46,40.0,satisfied
6491,Male,Loyal Customer,49,Personal Travel,Eco,557,1,4,1,4,1,1,4,1,3,4,5,4,4,4,181,246.0,neutral or dissatisfied
115340,Male,Loyal Customer,38,Business travel,Business,372,4,4,4,4,5,3,3,4,4,4,4,4,4,2,32,27.0,neutral or dissatisfied
111782,Female,Loyal Customer,58,Business travel,Business,1620,1,3,3,3,3,3,2,1,1,1,1,3,1,1,0,0.0,neutral or dissatisfied
88327,Male,Loyal Customer,23,Business travel,Eco,444,3,4,4,4,3,3,1,3,1,2,3,4,4,3,0,0.0,neutral or dissatisfied
26616,Male,disloyal Customer,27,Business travel,Eco,404,4,0,4,3,3,4,3,3,4,4,3,3,4,3,0,13.0,neutral or dissatisfied
103636,Male,Loyal Customer,44,Business travel,Business,251,1,1,1,1,2,4,5,4,4,4,4,5,4,4,22,20.0,satisfied
49471,Male,Loyal Customer,36,Business travel,Business,3369,4,4,4,4,1,2,5,4,4,4,4,3,4,1,0,0.0,satisfied
91099,Female,Loyal Customer,21,Personal Travel,Eco,404,2,4,2,3,2,2,2,2,1,4,4,3,4,2,4,4.0,neutral or dissatisfied
16943,Male,Loyal Customer,60,Personal Travel,Eco,820,3,4,3,4,4,3,4,4,1,1,4,2,3,4,1,0.0,neutral or dissatisfied
52719,Male,Loyal Customer,39,Business travel,Eco,406,4,2,2,2,4,4,4,4,5,3,5,5,4,4,0,0.0,satisfied
124201,Male,Loyal Customer,53,Business travel,Business,2176,5,5,2,5,4,3,5,4,4,5,4,3,4,4,0,0.0,satisfied
73358,Male,Loyal Customer,46,Business travel,Business,1182,1,1,1,1,5,5,4,4,4,4,4,3,4,5,3,0.0,satisfied
4674,Male,Loyal Customer,22,Business travel,Eco,327,4,3,3,3,4,4,4,4,1,4,1,5,5,4,2,6.0,satisfied
72777,Female,Loyal Customer,40,Business travel,Business,2956,5,5,1,5,3,4,5,5,5,5,5,4,5,4,0,0.0,satisfied
120724,Female,Loyal Customer,42,Business travel,Business,90,3,2,2,2,5,4,4,4,4,4,3,3,4,4,0,0.0,neutral or dissatisfied
59983,Male,Loyal Customer,59,Personal Travel,Eco,997,3,4,3,3,4,3,4,4,3,2,4,4,3,4,0,0.0,neutral or dissatisfied
12230,Female,Loyal Customer,11,Personal Travel,Business,127,4,2,0,4,3,0,3,3,3,1,3,1,4,3,0,0.0,satisfied
42936,Male,Loyal Customer,24,Business travel,Business,2323,2,2,2,2,4,5,4,4,3,5,4,5,4,4,0,0.0,satisfied
69968,Male,Loyal Customer,57,Personal Travel,Business,236,4,5,0,4,2,1,1,2,2,0,2,1,2,4,0,0.0,neutral or dissatisfied
17859,Male,Loyal Customer,66,Personal Travel,Business,371,3,3,3,3,1,4,4,1,1,3,5,3,1,2,0,0.0,neutral or dissatisfied
57775,Female,Loyal Customer,40,Business travel,Business,2704,4,4,5,4,5,5,5,4,3,4,4,5,4,5,7,22.0,satisfied
54299,Female,Loyal Customer,18,Personal Travel,Eco,1075,3,5,3,3,5,3,5,5,4,5,5,3,4,5,15,8.0,neutral or dissatisfied
111410,Female,Loyal Customer,10,Personal Travel,Eco Plus,1050,3,4,3,4,2,3,2,2,5,5,5,5,5,2,0,0.0,neutral or dissatisfied
126911,Female,disloyal Customer,22,Business travel,Eco,370,3,4,3,5,2,3,4,2,4,2,4,5,5,2,0,0.0,neutral or dissatisfied
69183,Female,Loyal Customer,34,Personal Travel,Eco,187,3,4,0,1,2,0,2,2,4,2,4,4,4,2,38,37.0,neutral or dissatisfied
40376,Female,Loyal Customer,61,Business travel,Business,2162,2,2,2,2,4,4,3,2,2,2,2,4,2,1,0,0.0,neutral or dissatisfied
103212,Female,Loyal Customer,32,Business travel,Business,3693,2,2,2,2,2,2,2,2,3,5,4,3,5,2,0,1.0,satisfied
26236,Female,Loyal Customer,18,Personal Travel,Eco,270,2,0,2,1,5,2,5,5,3,4,5,3,5,5,19,14.0,neutral or dissatisfied
5068,Female,Loyal Customer,46,Business travel,Business,122,3,3,3,3,4,4,4,5,5,5,4,3,5,3,0,0.0,satisfied
112994,Male,Loyal Customer,43,Business travel,Business,1797,1,1,1,1,3,5,5,4,4,4,4,4,4,3,2,0.0,satisfied
127320,Female,Loyal Customer,55,Personal Travel,Eco Plus,1979,1,3,1,3,3,4,3,2,2,1,2,4,2,2,18,0.0,neutral or dissatisfied
51423,Female,Loyal Customer,31,Personal Travel,Eco Plus,250,4,5,4,3,4,4,3,4,4,5,5,5,5,4,0,0.0,neutral or dissatisfied
43402,Male,Loyal Customer,9,Personal Travel,Eco,436,2,5,2,4,3,2,3,3,5,5,4,3,5,3,0,0.0,neutral or dissatisfied
34813,Female,Loyal Customer,54,Personal Travel,Eco,301,1,3,1,1,1,2,5,4,4,1,4,2,4,5,0,11.0,neutral or dissatisfied
78016,Female,disloyal Customer,30,Business travel,Eco,332,2,3,2,3,1,2,1,1,1,1,3,2,4,1,76,85.0,neutral or dissatisfied
68034,Male,disloyal Customer,21,Business travel,Eco,468,4,0,4,3,2,4,2,2,4,5,4,3,4,2,14,10.0,neutral or dissatisfied
12121,Male,Loyal Customer,20,Personal Travel,Eco,1034,4,5,4,4,4,4,4,4,4,4,4,5,4,4,0,25.0,neutral or dissatisfied
9826,Female,Loyal Customer,48,Business travel,Business,2389,4,4,4,4,5,5,5,4,4,4,4,5,5,5,87,146.0,satisfied
82972,Male,Loyal Customer,39,Business travel,Business,1633,5,5,1,5,3,5,5,4,4,4,4,5,4,5,112,90.0,satisfied
39201,Male,Loyal Customer,60,Business travel,Business,67,4,4,4,4,3,4,5,5,5,5,4,5,5,5,35,49.0,satisfied
61214,Male,Loyal Customer,49,Business travel,Business,2679,1,1,1,1,5,5,4,4,4,4,4,5,4,3,0,0.0,satisfied
18000,Female,Loyal Customer,75,Business travel,Eco,332,4,1,4,1,2,4,5,4,4,4,4,5,4,3,0,0.0,satisfied
16184,Female,Loyal Customer,53,Business travel,Eco,277,4,1,1,1,5,2,4,4,4,4,4,5,4,1,0,0.0,satisfied
35518,Female,Loyal Customer,20,Personal Travel,Eco,1076,2,1,2,3,2,1,1,2,1,2,3,1,3,1,135,124.0,neutral or dissatisfied
106886,Female,disloyal Customer,25,Business travel,Eco,577,2,1,2,2,3,2,3,3,1,5,3,1,3,3,0,0.0,neutral or dissatisfied
78101,Male,Loyal Customer,49,Business travel,Business,3913,1,1,1,1,3,3,3,4,4,4,4,1,4,1,3,5.0,satisfied
60136,Female,Loyal Customer,20,Business travel,Eco,1182,2,2,2,2,2,2,1,2,2,4,3,3,4,2,12,0.0,neutral or dissatisfied
85243,Female,Loyal Customer,55,Business travel,Eco,289,3,3,3,3,4,3,4,3,3,3,3,3,3,2,0,0.0,neutral or dissatisfied
20447,Female,disloyal Customer,36,Business travel,Eco,177,3,0,2,4,5,2,4,5,3,5,1,3,1,5,40,21.0,neutral or dissatisfied
56087,Male,Loyal Customer,8,Business travel,Eco Plus,2586,2,5,5,5,2,2,2,1,1,2,4,2,3,2,39,5.0,neutral or dissatisfied
116959,Male,Loyal Customer,54,Business travel,Eco,338,1,5,4,5,2,1,2,2,4,3,4,4,4,2,0,0.0,neutral or dissatisfied
98751,Male,Loyal Customer,42,Personal Travel,Eco Plus,1558,1,4,1,2,5,1,5,5,5,5,3,5,4,5,7,0.0,neutral or dissatisfied
73305,Female,Loyal Customer,32,Business travel,Business,3574,1,1,1,1,4,4,4,4,3,2,5,3,5,4,0,0.0,satisfied
77803,Male,Loyal Customer,50,Personal Travel,Eco,874,3,4,3,2,2,3,4,2,2,4,4,2,2,2,0,0.0,neutral or dissatisfied
51049,Male,Loyal Customer,18,Personal Travel,Eco,109,1,4,1,4,5,1,5,5,4,4,4,4,3,5,1,2.0,neutral or dissatisfied
46588,Male,Loyal Customer,51,Business travel,Business,125,3,2,2,2,5,2,2,1,1,1,3,1,1,3,16,36.0,neutral or dissatisfied
113657,Female,Loyal Customer,25,Personal Travel,Eco,391,5,4,5,3,4,5,4,4,2,4,4,1,3,4,5,1.0,satisfied
11470,Male,Loyal Customer,46,Business travel,Business,1724,5,5,5,5,4,4,4,4,4,4,5,3,4,5,0,0.0,satisfied
65774,Female,Loyal Customer,36,Business travel,Business,1389,2,2,2,2,5,4,5,5,5,5,5,5,5,3,0,19.0,satisfied
120366,Female,Loyal Customer,39,Business travel,Business,2363,5,5,5,5,2,4,4,5,5,4,5,5,5,5,15,11.0,satisfied
42996,Male,disloyal Customer,37,Business travel,Eco,192,2,5,2,3,3,2,3,3,1,5,1,5,1,3,65,62.0,neutral or dissatisfied
128869,Male,Loyal Customer,37,Business travel,Business,2565,1,1,1,1,4,4,4,4,5,5,4,4,3,4,0,0.0,satisfied
127854,Female,disloyal Customer,18,Business travel,Business,1276,4,0,4,3,2,4,2,2,3,5,4,4,5,2,0,0.0,satisfied
56834,Female,Loyal Customer,50,Personal Travel,Eco,1605,2,3,2,3,4,2,3,4,4,2,3,1,4,3,6,19.0,neutral or dissatisfied
86689,Female,Loyal Customer,56,Business travel,Business,1747,5,5,5,5,5,5,5,5,4,4,4,5,3,5,153,145.0,satisfied
48980,Female,Loyal Customer,76,Business travel,Business,250,4,5,4,4,4,5,3,4,4,4,4,3,4,4,0,9.0,satisfied
4545,Male,Loyal Customer,46,Business travel,Business,719,1,1,1,1,4,4,5,4,4,4,4,4,4,4,8,0.0,satisfied
17443,Male,Loyal Customer,62,Personal Travel,Eco,376,1,5,1,2,3,1,3,3,4,5,4,5,5,3,0,0.0,neutral or dissatisfied
20498,Female,disloyal Customer,20,Business travel,Eco,139,3,5,4,2,2,4,2,2,4,5,3,1,2,2,0,0.0,neutral or dissatisfied
127280,Female,Loyal Customer,15,Personal Travel,Eco,1107,3,4,3,5,5,3,5,5,5,5,4,3,5,5,57,56.0,neutral or dissatisfied
52279,Female,Loyal Customer,52,Business travel,Business,3367,1,1,1,1,1,4,1,4,4,4,4,4,4,4,0,0.0,satisfied
119341,Male,Loyal Customer,46,Personal Travel,Eco,214,3,2,0,4,4,0,3,4,4,2,3,3,3,4,0,0.0,neutral or dissatisfied
33783,Female,Loyal Customer,27,Business travel,Business,1661,3,3,3,3,5,5,5,5,1,2,1,5,5,5,0,0.0,satisfied
25482,Male,Loyal Customer,59,Business travel,Eco,481,5,1,1,1,5,5,5,5,3,5,2,1,1,5,23,4.0,satisfied
47356,Male,disloyal Customer,20,Business travel,Eco,599,1,2,1,4,4,1,4,4,1,1,3,2,4,4,0,0.0,neutral or dissatisfied
64031,Female,Loyal Customer,15,Business travel,Business,3587,3,3,3,3,2,2,2,2,4,2,4,5,5,2,0,0.0,satisfied
50537,Female,Loyal Customer,42,Personal Travel,Eco,421,0,1,0,2,3,2,2,3,3,0,3,1,3,4,2,23.0,satisfied
52969,Male,Loyal Customer,19,Personal Travel,Eco,2306,4,4,4,4,5,4,5,5,2,3,3,4,3,5,0,0.0,neutral or dissatisfied
110677,Male,Loyal Customer,56,Business travel,Business,3126,5,5,5,5,4,4,5,4,4,4,4,5,4,4,0,0.0,satisfied
81201,Female,Loyal Customer,43,Business travel,Business,1426,4,4,4,4,4,4,4,4,4,4,4,4,4,3,0,0.0,satisfied
58071,Male,Loyal Customer,44,Business travel,Business,612,4,1,4,4,5,4,4,4,4,4,4,3,4,4,0,0.0,satisfied
12713,Male,disloyal Customer,28,Business travel,Eco,803,1,1,1,4,3,1,3,3,4,3,4,3,4,3,0,0.0,neutral or dissatisfied
6241,Female,Loyal Customer,31,Business travel,Eco,413,4,4,2,4,4,4,4,4,3,4,3,1,3,4,7,14.0,neutral or dissatisfied
118218,Male,Loyal Customer,33,Business travel,Business,2029,4,4,4,4,4,4,4,4,2,4,3,4,4,4,0,0.0,neutral or dissatisfied
100618,Male,Loyal Customer,31,Business travel,Business,3094,4,4,4,4,4,4,4,4,4,3,4,1,4,4,0,0.0,neutral or dissatisfied
122051,Female,disloyal Customer,38,Business travel,Eco,130,1,2,1,4,2,1,2,2,4,5,4,1,4,2,43,51.0,neutral or dissatisfied
116779,Female,Loyal Customer,49,Personal Travel,Eco Plus,480,2,5,2,1,1,2,4,5,5,2,1,1,5,2,1,0.0,neutral or dissatisfied
100151,Female,Loyal Customer,51,Business travel,Business,725,3,2,2,2,4,2,3,3,3,3,3,4,3,2,59,52.0,neutral or dissatisfied
57232,Female,disloyal Customer,27,Business travel,Business,1514,5,5,5,1,3,5,3,3,4,5,5,4,5,3,13,0.0,satisfied
12658,Female,Loyal Customer,31,Business travel,Business,1236,2,2,2,2,2,2,2,2,3,5,4,1,4,2,19,1.0,satisfied
105828,Female,Loyal Customer,57,Personal Travel,Eco,842,3,4,3,3,1,3,3,4,4,3,4,1,4,2,6,25.0,neutral or dissatisfied
16088,Male,Loyal Customer,32,Business travel,Eco,303,5,3,3,3,5,5,5,5,1,1,2,2,3,5,76,68.0,satisfied
49745,Female,disloyal Customer,61,Business travel,Eco,373,3,2,3,3,2,3,2,2,1,1,3,4,4,2,21,33.0,neutral or dissatisfied
51819,Male,Loyal Customer,32,Business travel,Eco Plus,370,4,5,5,5,4,4,4,4,4,1,3,1,4,4,0,0.0,satisfied
79965,Male,disloyal Customer,34,Business travel,Business,1069,1,1,1,3,5,1,5,5,4,5,3,2,5,5,0,0.0,neutral or dissatisfied
8899,Male,Loyal Customer,52,Business travel,Eco Plus,139,3,3,3,3,3,3,3,3,4,2,2,2,1,3,14,34.0,neutral or dissatisfied
66042,Male,disloyal Customer,13,Business travel,Eco,1055,2,2,2,4,1,2,1,1,1,3,3,2,3,1,51,48.0,neutral or dissatisfied
76174,Male,Loyal Customer,14,Personal Travel,Eco,546,3,3,5,1,2,5,2,2,3,5,3,1,3,2,0,2.0,neutral or dissatisfied
79620,Male,Loyal Customer,27,Business travel,Business,3406,4,4,4,4,4,4,4,4,4,3,5,5,5,4,0,0.0,satisfied
56422,Female,Loyal Customer,51,Business travel,Business,719,3,3,3,3,5,5,4,4,4,4,4,3,4,4,1,0.0,satisfied
11904,Female,Loyal Customer,49,Business travel,Business,3128,2,2,2,2,5,5,5,4,4,4,4,3,4,3,2,2.0,satisfied
46966,Male,Loyal Customer,56,Personal Travel,Eco,848,3,4,3,2,2,3,2,2,5,3,2,5,2,2,0,0.0,neutral or dissatisfied
104685,Male,disloyal Customer,50,Business travel,Business,159,3,3,3,2,4,3,4,4,3,4,4,4,5,4,0,0.0,satisfied
62050,Female,Loyal Customer,14,Personal Travel,Eco,2475,5,5,5,3,1,5,1,1,1,4,5,1,2,1,8,7.0,satisfied
36811,Male,Loyal Customer,22,Business travel,Business,2300,1,1,1,1,2,2,2,2,5,3,4,5,3,2,25,12.0,satisfied
10361,Female,Loyal Customer,52,Business travel,Business,158,1,1,1,1,4,5,4,5,5,5,4,3,5,5,0,0.0,satisfied
89483,Female,Loyal Customer,37,Business travel,Business,1931,4,5,4,4,3,4,5,4,4,4,4,3,4,5,10,0.0,satisfied
58501,Male,Loyal Customer,44,Business travel,Business,2533,1,1,4,1,4,5,4,4,4,4,4,4,4,3,5,0.0,satisfied
31123,Male,Loyal Customer,51,Business travel,Business,991,3,3,3,3,3,4,4,3,3,3,3,1,3,2,0,0.0,neutral or dissatisfied
69863,Female,Loyal Customer,39,Personal Travel,Eco,1055,2,4,2,3,2,2,2,2,3,4,4,3,4,2,0,0.0,neutral or dissatisfied
45967,Female,Loyal Customer,39,Business travel,Eco,872,4,5,5,5,4,4,4,4,1,2,3,4,5,4,1,0.0,satisfied
15913,Male,disloyal Customer,19,Business travel,Eco,528,5,4,5,5,3,5,3,3,1,5,4,5,1,3,11,0.0,satisfied
115335,Male,disloyal Customer,28,Business travel,Eco,337,2,1,2,4,4,2,4,4,4,1,3,1,3,4,15,8.0,neutral or dissatisfied
55717,Female,Loyal Customer,57,Business travel,Business,2343,1,1,2,1,3,4,5,4,4,4,4,3,4,5,0,6.0,satisfied
35440,Female,Loyal Customer,17,Personal Travel,Eco,1056,3,5,3,2,4,3,4,4,4,2,4,5,5,4,0,0.0,neutral or dissatisfied
108960,Male,Loyal Customer,35,Business travel,Business,1871,5,5,5,5,4,5,4,4,4,4,4,5,4,4,27,34.0,satisfied
98542,Female,Loyal Customer,33,Personal Travel,Eco,402,3,4,3,4,2,3,2,2,4,2,4,5,5,2,6,4.0,neutral or dissatisfied
11410,Female,Loyal Customer,52,Business travel,Business,2423,2,2,2,2,2,5,5,4,4,4,4,3,4,5,0,4.0,satisfied
76836,Male,Loyal Customer,30,Business travel,Business,989,1,1,5,1,4,4,4,4,5,2,5,3,4,4,26,42.0,satisfied
73823,Male,Loyal Customer,36,Business travel,Business,3160,2,5,5,5,4,2,3,2,2,2,2,4,2,2,18,27.0,neutral or dissatisfied
72262,Female,Loyal Customer,27,Business travel,Business,919,4,1,1,1,4,4,4,4,2,1,4,1,3,4,0,0.0,neutral or dissatisfied
76642,Female,Loyal Customer,24,Personal Travel,Eco,534,3,5,2,2,4,2,1,4,5,2,5,3,4,4,0,9.0,neutral or dissatisfied
109547,Male,Loyal Customer,31,Personal Travel,Eco,834,5,1,5,3,3,1,3,3,4,3,3,1,2,3,0,0.0,satisfied
73071,Male,Loyal Customer,34,Business travel,Business,1085,2,1,2,2,3,4,5,5,5,5,5,4,5,5,0,0.0,satisfied
112236,Female,Loyal Customer,49,Business travel,Business,1506,1,1,1,1,4,4,5,5,5,5,5,4,5,3,8,13.0,satisfied
119936,Male,Loyal Customer,30,Business travel,Business,868,4,4,4,4,5,5,5,5,3,4,4,4,4,5,0,7.0,satisfied
9894,Male,Loyal Customer,39,Business travel,Business,508,1,1,1,1,2,4,5,4,4,4,4,5,4,5,13,13.0,satisfied
26026,Male,Loyal Customer,44,Business travel,Eco,321,3,3,2,3,3,3,3,3,3,1,5,2,4,3,0,0.0,satisfied
39140,Male,Loyal Customer,33,Personal Travel,Eco,252,2,4,2,1,4,2,4,4,5,4,4,4,5,4,0,0.0,neutral or dissatisfied
8242,Male,Loyal Customer,17,Personal Travel,Eco,294,2,5,2,4,1,2,1,1,3,4,4,4,4,1,10,9.0,neutral or dissatisfied
95156,Male,Loyal Customer,51,Personal Travel,Eco,192,4,5,4,2,1,4,1,1,3,2,5,3,5,1,16,4.0,neutral or dissatisfied
91771,Female,disloyal Customer,24,Business travel,Eco,226,3,2,3,3,5,3,5,5,2,5,3,3,4,5,0,2.0,neutral or dissatisfied
76897,Female,Loyal Customer,51,Business travel,Eco,630,3,4,4,4,5,4,4,3,3,3,3,4,3,1,0,5.0,neutral or dissatisfied
5656,Male,Loyal Customer,45,Business travel,Business,147,5,4,5,5,3,5,5,4,4,4,5,4,4,3,126,119.0,satisfied
20139,Male,Loyal Customer,21,Personal Travel,Eco Plus,416,4,4,4,3,1,4,4,1,3,5,5,5,2,1,5,2.0,neutral or dissatisfied
61195,Male,Loyal Customer,48,Business travel,Eco,948,4,4,4,4,4,4,4,4,3,1,4,4,4,4,42,36.0,neutral or dissatisfied
24727,Male,Loyal Customer,16,Personal Travel,Eco,406,2,4,2,4,2,2,3,2,4,5,4,3,4,2,0,0.0,neutral or dissatisfied
125661,Female,Loyal Customer,46,Business travel,Eco,759,3,2,2,2,3,3,3,3,3,3,3,1,3,1,4,0.0,neutral or dissatisfied
83362,Male,disloyal Customer,20,Business travel,Eco,1124,2,2,2,1,3,2,5,3,3,4,5,5,4,3,5,0.0,neutral or dissatisfied
1690,Female,Loyal Customer,53,Personal Travel,Business,489,3,3,4,4,4,4,3,4,4,4,4,4,4,2,0,0.0,neutral or dissatisfied
89383,Male,Loyal Customer,30,Business travel,Business,2667,5,5,5,5,4,4,4,4,5,2,4,4,4,4,0,0.0,satisfied
4048,Female,Loyal Customer,24,Personal Travel,Eco,479,3,5,3,5,2,3,2,2,5,5,3,1,4,2,0,0.0,neutral or dissatisfied
8091,Female,disloyal Customer,27,Business travel,Business,125,5,5,5,3,1,5,1,1,3,3,5,4,4,1,0,0.0,satisfied
104824,Male,Loyal Customer,30,Business travel,Business,472,5,5,5,5,4,4,4,4,3,2,5,4,4,4,27,20.0,satisfied
43966,Male,Loyal Customer,9,Business travel,Eco,596,2,3,3,3,2,2,1,2,3,3,4,1,4,2,66,67.0,neutral or dissatisfied
4011,Male,disloyal Customer,33,Business travel,Business,419,1,1,1,1,3,1,3,3,4,5,5,3,5,3,0,0.0,neutral or dissatisfied
110088,Female,disloyal Customer,47,Business travel,Business,882,4,4,4,1,5,4,2,5,5,3,5,4,4,5,5,0.0,satisfied
127453,Female,Loyal Customer,37,Personal Travel,Business,2075,4,2,4,4,1,2,3,4,4,4,4,4,4,2,2,0.0,neutral or dissatisfied
87303,Male,Loyal Customer,46,Personal Travel,Eco,577,1,4,1,1,2,1,2,2,4,2,5,4,5,2,1,0.0,neutral or dissatisfied
3550,Female,Loyal Customer,45,Business travel,Business,227,5,5,5,5,3,4,4,5,5,5,5,4,5,4,38,36.0,satisfied
78010,Female,Loyal Customer,59,Business travel,Eco,214,4,4,4,4,2,2,2,5,5,4,5,1,5,4,0,11.0,neutral or dissatisfied
113852,Female,Loyal Customer,42,Business travel,Business,1363,2,2,2,2,5,4,4,2,2,2,2,3,2,4,0,0.0,satisfied
8683,Female,Loyal Customer,44,Business travel,Business,2078,2,2,2,2,3,4,5,4,4,4,4,5,4,4,0,0.0,satisfied
111085,Male,Loyal Customer,67,Personal Travel,Eco,240,3,4,3,5,5,3,5,5,4,5,5,3,4,5,5,6.0,neutral or dissatisfied
59440,Male,Loyal Customer,50,Business travel,Eco,606,1,0,0,2,2,1,2,2,4,2,2,4,2,2,0,5.0,neutral or dissatisfied
38013,Female,Loyal Customer,46,Business travel,Business,3510,4,4,3,4,1,4,4,4,4,4,4,2,4,2,0,0.0,neutral or dissatisfied
104196,Female,Loyal Customer,60,Business travel,Business,1416,2,2,2,2,4,4,3,2,2,2,2,2,2,3,0,11.0,neutral or dissatisfied
98158,Male,Loyal Customer,42,Business travel,Business,3990,4,2,2,2,2,2,2,4,4,4,4,3,4,3,14,3.0,neutral or dissatisfied
119604,Male,Loyal Customer,66,Business travel,Business,3218,2,1,1,1,3,3,4,2,2,2,2,3,2,4,0,0.0,neutral or dissatisfied
48063,Female,disloyal Customer,25,Business travel,Business,414,2,0,2,2,2,2,2,2,3,5,4,4,5,2,0,0.0,neutral or dissatisfied
71130,Male,disloyal Customer,37,Business travel,Business,1739,3,3,3,3,3,3,3,3,5,2,4,4,4,3,4,5.0,neutral or dissatisfied
53702,Male,Loyal Customer,20,Business travel,Business,2255,4,4,4,4,4,3,4,4,4,3,5,5,4,4,0,0.0,satisfied
20943,Female,Loyal Customer,40,Business travel,Eco,689,1,3,3,3,1,1,1,4,4,3,2,1,1,1,172,191.0,neutral or dissatisfied
96451,Male,disloyal Customer,25,Business travel,Business,436,2,4,3,3,5,3,5,5,5,2,5,5,4,5,6,19.0,neutral or dissatisfied
70693,Male,disloyal Customer,40,Business travel,Business,447,4,3,3,3,2,3,2,2,4,2,4,5,4,2,11,0.0,satisfied
37220,Female,Loyal Customer,32,Business travel,Business,3902,4,2,4,4,4,4,4,4,4,3,4,4,4,4,0,3.0,satisfied
67765,Female,disloyal Customer,62,Business travel,Business,1464,4,4,4,4,5,4,5,5,4,4,5,4,5,5,0,2.0,neutral or dissatisfied
83750,Male,disloyal Customer,29,Business travel,Business,1183,4,4,4,3,5,4,5,5,5,4,5,1,2,5,0,2.0,satisfied
77385,Female,Loyal Customer,55,Business travel,Eco,188,4,1,1,1,1,3,5,5,5,4,5,2,5,5,0,0.0,satisfied
122119,Female,Loyal Customer,35,Business travel,Eco Plus,130,3,1,1,1,3,3,3,3,1,3,4,2,4,3,0,17.0,neutral or dissatisfied
85637,Male,Loyal Customer,11,Personal Travel,Eco,153,3,3,3,1,5,3,5,5,5,4,5,1,3,5,0,0.0,neutral or dissatisfied
37749,Male,disloyal Customer,37,Business travel,Eco Plus,1028,1,1,1,2,5,1,5,5,5,5,3,4,3,5,9,3.0,neutral or dissatisfied
11329,Male,Loyal Customer,24,Personal Travel,Eco,270,2,1,2,3,5,2,5,5,3,5,2,1,3,5,0,0.0,neutral or dissatisfied
18455,Male,Loyal Customer,39,Business travel,Eco,201,3,1,4,1,3,3,3,3,5,5,4,3,4,3,6,5.0,satisfied
49862,Male,Loyal Customer,41,Business travel,Eco,56,5,2,2,2,5,5,5,5,3,1,4,2,3,5,0,0.0,satisfied
87443,Male,Loyal Customer,58,Business travel,Business,1756,2,2,2,2,2,5,5,5,5,5,5,3,5,4,0,1.0,satisfied
95809,Male,Loyal Customer,31,Personal Travel,Eco,1050,3,4,3,3,5,3,4,5,5,3,4,5,5,5,0,0.0,neutral or dissatisfied
45436,Male,Loyal Customer,26,Personal Travel,Eco,649,1,4,1,3,5,1,5,5,3,4,3,3,4,5,0,4.0,neutral or dissatisfied
106457,Male,Loyal Customer,68,Personal Travel,Eco,1670,2,1,2,3,5,2,4,5,2,4,4,4,3,5,3,0.0,neutral or dissatisfied
20864,Male,Loyal Customer,43,Personal Travel,Eco,508,2,5,2,3,2,2,2,2,4,4,4,4,4,2,0,0.0,neutral or dissatisfied
13083,Female,Loyal Customer,17,Business travel,Business,3982,3,3,5,3,3,3,3,3,1,5,3,3,4,3,8,9.0,neutral or dissatisfied
18265,Female,Loyal Customer,56,Personal Travel,Eco,235,2,3,2,4,1,4,3,3,3,2,2,3,3,4,74,94.0,neutral or dissatisfied
26488,Male,Loyal Customer,48,Personal Travel,Business,829,2,4,2,1,3,5,4,3,3,2,3,3,3,5,0,9.0,neutral or dissatisfied
38879,Male,Loyal Customer,30,Business travel,Eco,261,5,4,3,3,5,5,5,5,5,1,3,4,2,5,0,0.0,satisfied
60791,Female,Loyal Customer,56,Business travel,Business,472,1,1,1,1,4,5,4,4,4,4,4,4,4,5,42,61.0,satisfied
84383,Female,Loyal Customer,38,Business travel,Eco,591,4,5,5,5,4,4,4,4,3,2,4,1,4,4,0,7.0,neutral or dissatisfied
35489,Male,Loyal Customer,50,Personal Travel,Eco,1005,1,3,1,3,3,1,3,3,5,5,5,2,3,3,0,37.0,neutral or dissatisfied
92458,Female,disloyal Customer,44,Business travel,Business,2139,3,3,3,3,2,3,2,2,3,5,3,3,5,2,0,0.0,neutral or dissatisfied
45655,Male,Loyal Customer,30,Personal Travel,Eco,230,2,4,0,4,2,0,2,2,1,2,4,4,4,2,0,0.0,neutral or dissatisfied
45681,Male,disloyal Customer,25,Business travel,Eco,826,2,2,2,5,3,2,3,3,5,4,3,2,4,3,0,0.0,neutral or dissatisfied
94692,Female,Loyal Customer,43,Business travel,Business,323,4,4,4,4,5,4,5,5,5,5,5,3,5,5,0,0.0,satisfied
112868,Male,Loyal Customer,22,Business travel,Business,2734,3,3,5,3,4,4,4,4,4,2,5,3,4,4,0,0.0,satisfied
27181,Male,Loyal Customer,43,Personal Travel,Eco,2677,4,5,4,4,4,4,4,5,4,5,5,4,4,4,0,0.0,neutral or dissatisfied
69299,Female,disloyal Customer,26,Business travel,Business,1096,0,0,0,3,4,0,4,4,5,4,5,4,4,4,0,4.0,satisfied
1679,Male,Loyal Customer,55,Personal Travel,Eco,561,1,4,1,2,3,1,3,3,4,5,5,3,5,3,0,12.0,neutral or dissatisfied
26255,Female,Loyal Customer,35,Business travel,Eco Plus,406,3,3,3,3,3,4,3,3,4,3,3,2,4,3,20,14.0,neutral or dissatisfied
102001,Male,Loyal Customer,25,Business travel,Eco Plus,628,2,5,5,5,2,2,4,2,4,1,3,3,3,2,0,0.0,neutral or dissatisfied
49838,Female,disloyal Customer,38,Business travel,Eco,109,2,0,2,3,4,2,4,4,5,5,5,1,3,4,0,0.0,neutral or dissatisfied
10124,Female,Loyal Customer,48,Business travel,Business,3288,3,1,1,1,3,3,4,3,3,3,3,1,3,1,0,0.0,neutral or dissatisfied
3569,Male,Loyal Customer,45,Personal Travel,Eco,227,3,4,3,2,3,3,3,3,3,4,5,3,4,3,0,0.0,neutral or dissatisfied
58623,Female,disloyal Customer,41,Business travel,Business,235,3,3,3,3,3,3,3,3,3,5,3,4,4,3,9,7.0,neutral or dissatisfied
8208,Male,Loyal Customer,58,Business travel,Business,294,4,4,4,4,1,4,5,4,4,4,4,1,4,5,0,2.0,satisfied
65327,Male,disloyal Customer,48,Business travel,Business,631,5,5,5,4,3,5,3,3,5,5,5,4,5,3,0,0.0,satisfied
4023,Male,Loyal Customer,43,Business travel,Business,483,4,4,4,4,5,5,4,3,3,4,3,5,3,3,0,0.0,satisfied
3292,Male,Loyal Customer,22,Personal Travel,Eco,479,4,2,4,4,4,4,1,4,1,5,4,2,4,4,0,43.0,neutral or dissatisfied
121355,Female,Loyal Customer,19,Business travel,Eco Plus,347,5,4,4,4,5,5,5,5,4,5,3,4,1,5,6,0.0,satisfied
98232,Male,Loyal Customer,40,Business travel,Business,1697,2,2,2,2,5,5,5,3,3,3,3,4,3,5,10,0.0,satisfied
41748,Female,disloyal Customer,24,Business travel,Eco,695,1,1,1,2,3,1,3,3,4,4,2,1,3,3,0,0.0,neutral or dissatisfied
114307,Male,Loyal Customer,60,Personal Travel,Eco,819,3,1,3,4,1,3,1,1,1,4,4,1,4,1,15,13.0,neutral or dissatisfied
78534,Male,Loyal Customer,21,Personal Travel,Eco,526,2,4,2,1,3,2,4,3,3,4,4,5,4,3,4,0.0,neutral or dissatisfied
59721,Female,Loyal Customer,33,Business travel,Business,2829,3,3,3,3,3,5,5,4,4,4,4,4,4,4,0,0.0,satisfied
27575,Male,Loyal Customer,52,Personal Travel,Eco,697,2,4,2,3,5,2,2,5,1,1,3,4,3,5,0,0.0,neutral or dissatisfied
109677,Male,Loyal Customer,50,Personal Travel,Eco,802,3,1,3,4,1,3,1,1,1,3,4,3,3,1,0,0.0,neutral or dissatisfied
49285,Male,Loyal Customer,30,Business travel,Business,308,5,5,5,5,5,5,5,5,4,1,2,3,3,5,2,0.0,satisfied
104833,Female,Loyal Customer,52,Business travel,Business,3734,2,3,3,3,3,2,2,2,2,2,2,3,2,1,11,27.0,neutral or dissatisfied
104809,Female,Loyal Customer,50,Personal Travel,Eco,587,2,5,3,1,5,5,4,5,5,3,5,5,5,4,27,33.0,neutral or dissatisfied
63367,Female,Loyal Customer,66,Personal Travel,Eco,337,3,5,3,4,3,1,1,2,2,3,2,4,2,4,0,18.0,neutral or dissatisfied
51609,Female,Loyal Customer,53,Business travel,Eco,425,3,2,2,2,2,5,2,2,2,3,2,1,2,2,0,0.0,satisfied
51131,Female,Loyal Customer,26,Personal Travel,Eco,78,3,5,3,4,2,3,2,2,1,2,4,1,2,2,0,0.0,neutral or dissatisfied
119219,Male,disloyal Customer,52,Personal Travel,Eco,257,3,1,3,3,4,3,4,4,2,4,4,2,4,4,0,0.0,neutral or dissatisfied
75488,Male,Loyal Customer,43,Business travel,Business,2267,4,4,4,4,2,4,4,4,4,4,4,5,4,3,0,0.0,satisfied
81463,Male,disloyal Customer,45,Business travel,Business,528,4,4,4,5,5,4,5,5,5,5,5,4,5,5,0,0.0,satisfied
54036,Male,Loyal Customer,44,Business travel,Business,1416,5,5,5,5,2,1,2,3,3,3,3,4,3,4,0,0.0,satisfied
10225,Male,Loyal Customer,47,Business travel,Business,308,4,4,4,4,5,4,4,5,5,5,5,4,5,3,10,20.0,satisfied
56357,Female,Loyal Customer,23,Personal Travel,Eco,200,3,5,3,2,2,3,2,2,5,5,5,5,4,2,7,0.0,neutral or dissatisfied
52399,Male,Loyal Customer,46,Personal Travel,Eco,355,1,4,1,4,4,1,4,4,3,2,5,4,4,4,10,20.0,neutral or dissatisfied
96383,Male,Loyal Customer,39,Business travel,Business,3121,1,1,1,1,2,4,5,5,5,5,5,4,5,3,1,0.0,satisfied
81445,Male,disloyal Customer,36,Business travel,Business,408,2,2,2,5,1,2,2,1,3,5,5,4,5,1,64,95.0,neutral or dissatisfied
120119,Female,Loyal Customer,62,Personal Travel,Eco,1576,0,4,0,3,2,3,4,3,3,0,2,1,3,4,0,0.0,satisfied
123942,Male,Loyal Customer,29,Personal Travel,Eco,544,1,2,1,3,3,1,3,3,4,5,4,4,4,3,0,0.0,neutral or dissatisfied
24524,Female,disloyal Customer,26,Business travel,Eco,892,3,3,3,3,1,3,1,1,2,2,3,3,4,1,0,23.0,neutral or dissatisfied
24968,Female,Loyal Customer,30,Business travel,Eco Plus,949,4,4,4,4,4,4,4,4,1,5,4,1,3,4,0,0.0,satisfied
31807,Male,disloyal Customer,20,Business travel,Eco,1153,4,4,4,3,1,4,1,1,1,1,3,4,3,1,0,0.0,satisfied
66148,Female,Loyal Customer,17,Business travel,Eco Plus,583,4,3,2,3,4,4,3,4,2,4,4,1,4,4,125,119.0,neutral or dissatisfied
123898,Female,Loyal Customer,47,Personal Travel,Eco,546,3,4,3,4,2,5,4,5,5,3,4,3,5,3,5,20.0,neutral or dissatisfied
76643,Female,Loyal Customer,44,Personal Travel,Eco,516,1,4,4,2,5,5,5,5,5,4,5,5,5,4,3,0.0,neutral or dissatisfied
1653,Female,Loyal Customer,48,Business travel,Business,3949,3,2,2,2,1,1,1,3,3,3,3,2,3,1,13,22.0,neutral or dissatisfied
70372,Female,Loyal Customer,15,Personal Travel,Eco,1145,2,1,2,3,1,2,1,1,2,1,3,2,3,1,57,69.0,neutral or dissatisfied
80841,Female,Loyal Customer,44,Business travel,Eco,692,4,5,2,5,2,2,2,4,4,4,4,3,4,3,0,0.0,neutral or dissatisfied
9642,Male,Loyal Customer,48,Business travel,Business,199,5,5,5,5,2,4,5,5,5,5,4,4,5,3,0,0.0,satisfied
88103,Male,Loyal Customer,39,Business travel,Business,3808,3,3,3,3,4,4,5,5,5,5,5,4,5,3,41,25.0,satisfied
107907,Female,Loyal Customer,59,Business travel,Eco,861,3,2,5,2,3,3,2,2,2,3,2,1,2,3,0,12.0,neutral or dissatisfied
107549,Male,Loyal Customer,34,Business travel,Eco,1521,2,3,3,3,2,3,2,2,4,3,4,2,3,2,14,5.0,neutral or dissatisfied
89457,Male,Loyal Customer,61,Personal Travel,Eco,151,1,3,1,1,5,1,5,5,5,5,5,3,1,5,0,0.0,neutral or dissatisfied
115134,Male,Loyal Customer,43,Business travel,Business,3007,1,1,1,1,2,4,4,5,5,4,5,5,5,5,1,4.0,satisfied
102740,Male,Loyal Customer,13,Personal Travel,Eco,365,2,4,5,3,3,5,4,3,2,2,4,4,3,3,8,3.0,neutral or dissatisfied
71972,Male,Loyal Customer,33,Business travel,Business,1440,4,4,4,4,5,5,5,5,5,2,5,4,4,5,0,0.0,satisfied
54311,Male,Loyal Customer,50,Business travel,Business,1597,4,4,4,4,4,3,5,4,4,4,4,5,4,3,0,0.0,satisfied
38641,Male,Loyal Customer,35,Business travel,Business,2704,5,5,4,5,1,4,5,5,5,5,5,4,5,1,0,0.0,satisfied
88211,Male,Loyal Customer,46,Business travel,Business,3034,5,5,5,5,3,4,5,5,5,5,5,5,5,4,0,0.0,satisfied
35650,Female,Loyal Customer,20,Business travel,Business,2465,4,4,1,4,5,5,5,3,1,4,1,5,5,5,0,20.0,satisfied
108511,Male,disloyal Customer,23,Business travel,Eco,519,5,1,5,3,4,5,5,4,5,3,5,3,4,4,2,0.0,satisfied
96852,Female,Loyal Customer,43,Business travel,Business,2426,3,3,3,3,2,5,4,4,4,4,4,3,4,4,8,3.0,satisfied
64197,Male,disloyal Customer,23,Business travel,Eco,853,4,4,4,4,1,4,1,1,4,5,4,4,5,1,38,59.0,neutral or dissatisfied
27821,Male,Loyal Customer,24,Business travel,Eco,680,2,2,2,2,2,2,4,2,4,3,4,3,3,2,0,0.0,neutral or dissatisfied
14475,Male,disloyal Customer,13,Business travel,Eco Plus,674,4,3,4,4,1,4,1,1,1,3,4,2,1,1,0,0.0,satisfied
26906,Female,Loyal Customer,52,Business travel,Business,1770,5,5,5,5,1,4,5,5,5,5,5,1,5,1,0,0.0,satisfied
58400,Female,Loyal Customer,27,Business travel,Business,3104,4,3,3,3,4,3,4,4,3,3,3,4,2,4,19,6.0,neutral or dissatisfied
76018,Female,Loyal Customer,47,Business travel,Business,311,3,3,3,3,2,4,5,5,5,5,5,3,5,4,0,0.0,satisfied
60645,Male,Loyal Customer,8,Business travel,Business,1620,3,3,3,3,2,2,2,2,5,5,3,3,4,2,2,0.0,satisfied
116015,Male,Loyal Customer,60,Personal Travel,Eco,342,4,5,5,4,2,5,2,2,3,2,4,5,5,2,0,0.0,satisfied
128446,Female,disloyal Customer,23,Business travel,Eco,247,1,1,1,3,5,1,5,5,3,4,3,4,4,5,31,34.0,neutral or dissatisfied
79163,Female,Loyal Customer,11,Personal Travel,Eco Plus,2239,2,4,2,5,2,3,3,3,5,3,5,3,5,3,0,9.0,neutral or dissatisfied
45839,Female,Loyal Customer,49,Personal Travel,Eco,517,3,5,3,5,3,4,4,3,3,3,4,5,3,5,6,5.0,neutral or dissatisfied
41456,Male,Loyal Customer,31,Personal Travel,Business,1269,1,4,2,3,2,2,2,2,1,2,3,3,3,2,0,0.0,neutral or dissatisfied
115496,Male,disloyal Customer,42,Business travel,Eco,337,4,2,4,4,3,4,3,3,3,2,4,3,3,3,17,10.0,neutral or dissatisfied
98188,Female,Loyal Customer,47,Business travel,Business,327,0,0,0,2,5,4,5,4,4,4,3,3,4,3,60,56.0,satisfied
2476,Male,Loyal Customer,44,Personal Travel,Eco Plus,773,4,3,4,3,1,4,1,1,3,3,4,4,4,1,0,12.0,neutral or dissatisfied
113915,Male,Loyal Customer,19,Business travel,Eco Plus,2295,1,2,1,2,1,1,2,1,4,2,3,1,3,1,0,8.0,neutral or dissatisfied
109969,Male,Loyal Customer,17,Personal Travel,Eco,1165,2,5,2,4,4,2,4,4,5,3,5,3,4,4,0,0.0,neutral or dissatisfied
39860,Male,Loyal Customer,33,Business travel,Business,272,1,1,1,1,5,5,5,5,3,2,3,1,4,5,0,0.0,satisfied
70391,Female,disloyal Customer,36,Business travel,Business,1562,4,4,4,2,5,4,5,5,5,3,4,3,5,5,1,0.0,neutral or dissatisfied
10183,Female,Loyal Customer,42,Business travel,Business,301,0,0,0,3,3,5,4,2,2,2,2,4,2,4,0,0.0,satisfied
64014,Male,Loyal Customer,58,Business travel,Business,919,2,5,5,5,1,3,3,2,2,2,2,1,2,4,0,0.0,neutral or dissatisfied
74897,Female,Loyal Customer,42,Business travel,Business,2475,2,2,2,2,4,4,5,5,5,5,5,3,5,5,0,0.0,satisfied
126959,Male,Loyal Customer,52,Business travel,Business,3119,1,1,1,1,4,4,4,4,4,4,4,3,4,4,0,0.0,satisfied
95530,Male,Loyal Customer,67,Personal Travel,Eco Plus,239,4,4,0,1,1,0,1,1,4,3,5,3,4,1,0,0.0,neutral or dissatisfied
99412,Female,disloyal Customer,30,Business travel,Eco,337,3,1,3,4,4,3,3,4,1,5,3,4,4,4,0,0.0,neutral or dissatisfied
70785,Male,disloyal Customer,48,Business travel,Eco,328,3,4,3,3,2,3,2,2,4,4,3,3,3,2,28,24.0,neutral or dissatisfied
50701,Male,Loyal Customer,27,Personal Travel,Eco,250,5,4,0,5,5,0,5,5,5,4,5,3,4,5,9,0.0,satisfied
82694,Female,Loyal Customer,42,Business travel,Business,632,2,2,2,2,2,4,5,2,2,2,2,3,2,4,0,0.0,satisfied
7609,Male,Loyal Customer,70,Business travel,Business,402,3,3,3,3,3,3,4,4,4,4,4,5,4,3,18,0.0,satisfied
33040,Male,Loyal Customer,65,Personal Travel,Eco,216,3,0,0,3,1,0,1,1,4,4,5,4,4,1,5,1.0,neutral or dissatisfied
43487,Female,Loyal Customer,33,Business travel,Business,1720,5,5,5,5,2,4,3,5,5,4,5,4,5,1,0,0.0,neutral or dissatisfied
6239,Male,Loyal Customer,72,Business travel,Eco,594,3,4,4,4,3,3,3,3,1,1,4,1,4,3,0,0.0,neutral or dissatisfied
82196,Female,Loyal Customer,66,Personal Travel,Eco,1927,1,4,1,2,5,3,5,1,1,1,1,3,1,3,0,0.0,neutral or dissatisfied
22711,Female,disloyal Customer,27,Business travel,Eco Plus,589,3,3,3,4,3,3,3,3,4,1,3,3,4,3,0,0.0,neutral or dissatisfied
108436,Male,Loyal Customer,44,Business travel,Eco,1444,3,3,3,3,3,3,3,3,2,5,1,3,1,3,43,23.0,neutral or dissatisfied
3299,Male,Loyal Customer,30,Personal Travel,Eco,479,2,4,2,5,2,2,2,2,5,3,1,2,2,2,0,0.0,neutral or dissatisfied
73895,Female,Loyal Customer,35,Business travel,Business,2585,2,2,2,2,4,4,4,4,2,4,5,4,5,4,32,55.0,satisfied
53132,Female,Loyal Customer,47,Personal Travel,Eco Plus,2065,4,5,4,4,2,4,4,4,4,4,4,5,4,5,5,23.0,neutral or dissatisfied
25291,Male,disloyal Customer,26,Business travel,Eco,321,3,0,3,2,5,3,5,5,3,2,1,5,5,5,0,0.0,neutral or dissatisfied
63941,Female,Loyal Customer,48,Personal Travel,Eco,1192,2,4,2,2,2,5,5,2,2,2,2,3,2,5,0,0.0,neutral or dissatisfied
108054,Male,Loyal Customer,23,Personal Travel,Eco,591,2,4,2,5,5,2,5,5,5,5,5,4,5,5,50,45.0,neutral or dissatisfied
44094,Male,Loyal Customer,40,Business travel,Business,3531,4,4,4,4,3,2,5,5,5,5,5,5,5,4,0,0.0,satisfied
119047,Male,Loyal Customer,31,Business travel,Business,2279,3,3,3,3,4,5,4,4,5,3,4,3,4,4,0,0.0,satisfied
76652,Female,Loyal Customer,53,Personal Travel,Eco,547,3,3,3,2,5,4,2,3,3,3,3,3,3,4,0,4.0,neutral or dissatisfied
42612,Female,Loyal Customer,21,Business travel,Business,481,2,2,2,2,4,4,4,4,4,2,5,2,3,4,0,0.0,satisfied
110786,Female,Loyal Customer,72,Business travel,Eco,990,2,4,4,4,2,3,3,3,3,2,3,3,3,4,40,32.0,neutral or dissatisfied
88435,Female,disloyal Customer,25,Business travel,Eco,545,3,2,3,3,4,3,4,4,1,1,3,4,3,4,0,8.0,neutral or dissatisfied
12188,Female,Loyal Customer,20,Personal Travel,Eco,1075,3,4,2,3,5,2,5,5,4,3,5,3,4,5,0,0.0,neutral or dissatisfied
29288,Female,disloyal Customer,38,Business travel,Eco,834,2,2,2,5,3,2,3,3,3,3,5,5,4,3,0,0.0,neutral or dissatisfied
60658,Male,Loyal Customer,63,Personal Travel,Eco,1620,5,5,5,4,1,5,1,1,5,4,3,4,4,1,20,,satisfied
94589,Male,Loyal Customer,31,Business travel,Business,239,1,1,1,1,4,4,4,4,3,3,5,5,5,4,0,0.0,satisfied
6058,Female,Loyal Customer,25,Personal Travel,Eco,690,1,4,1,3,1,1,1,1,5,2,5,4,5,1,0,0.0,neutral or dissatisfied
29205,Male,disloyal Customer,22,Business travel,Eco,1064,2,2,2,2,4,2,4,4,1,2,3,2,2,4,0,0.0,neutral or dissatisfied
105429,Male,Loyal Customer,15,Personal Travel,Eco,452,3,4,3,3,2,3,2,2,4,5,4,3,5,2,4,6.0,neutral or dissatisfied
52722,Female,Loyal Customer,46,Business travel,Eco,406,4,5,3,5,4,3,3,4,4,4,4,2,4,3,0,3.0,neutral or dissatisfied
67610,Male,disloyal Customer,25,Business travel,Eco,1171,5,5,5,2,2,5,2,2,4,5,5,3,5,2,24,0.0,satisfied
110493,Female,Loyal Customer,53,Personal Travel,Eco,883,2,5,2,3,3,5,5,1,1,2,1,4,1,1,1,0.0,neutral or dissatisfied
18991,Male,Loyal Customer,31,Business travel,Business,388,3,1,1,1,3,3,3,4,3,4,4,3,2,3,178,202.0,neutral or dissatisfied
95796,Female,Loyal Customer,61,Business travel,Eco Plus,181,3,4,4,4,5,4,3,3,3,3,3,3,3,3,11,7.0,neutral or dissatisfied
83759,Male,Loyal Customer,49,Business travel,Business,2746,5,5,5,5,2,5,4,5,5,5,5,3,5,5,2,6.0,satisfied
52852,Male,Loyal Customer,46,Personal Travel,Eco,1721,1,2,1,2,3,1,3,3,4,4,2,2,2,3,38,39.0,neutral or dissatisfied
44279,Female,Loyal Customer,10,Personal Travel,Eco Plus,118,2,5,2,4,5,2,3,5,1,1,5,1,5,5,0,0.0,neutral or dissatisfied
102015,Male,Loyal Customer,51,Business travel,Business,2054,4,4,4,4,3,4,5,5,5,5,5,5,5,4,0,8.0,satisfied
117004,Female,disloyal Customer,24,Business travel,Eco,621,4,0,4,1,4,4,4,4,4,5,4,4,3,4,166,167.0,satisfied
69817,Female,disloyal Customer,23,Business travel,Eco,1055,1,1,1,2,4,1,3,4,5,4,5,5,5,4,0,0.0,neutral or dissatisfied
55672,Female,disloyal Customer,36,Business travel,Business,1025,2,2,2,3,5,2,4,5,4,5,4,4,4,5,37,40.0,neutral or dissatisfied
32953,Female,Loyal Customer,58,Personal Travel,Eco,101,3,3,3,1,1,1,3,4,4,3,4,5,4,1,0,0.0,neutral or dissatisfied
81696,Male,Loyal Customer,8,Personal Travel,Eco,907,3,5,3,4,2,3,2,2,5,5,4,4,5,2,7,0.0,neutral or dissatisfied
113058,Female,disloyal Customer,28,Business travel,Eco,569,2,1,2,2,5,2,5,5,2,5,3,2,2,5,0,0.0,neutral or dissatisfied
111994,Female,Loyal Customer,70,Personal Travel,Eco,533,3,5,3,2,3,4,5,3,3,3,3,4,3,5,8,5.0,neutral or dissatisfied
75674,Male,Loyal Customer,41,Business travel,Business,2562,2,2,2,2,5,5,4,4,4,4,4,4,4,3,6,0.0,satisfied
76150,Female,Loyal Customer,55,Business travel,Business,689,5,5,5,5,2,4,5,5,5,5,5,4,5,3,0,3.0,satisfied
71943,Male,disloyal Customer,28,Business travel,Business,1440,5,4,4,5,3,4,3,3,4,5,5,4,4,3,0,5.0,satisfied
54840,Female,Loyal Customer,63,Business travel,Business,862,3,3,2,2,3,3,4,3,3,3,3,2,3,3,0,0.0,neutral or dissatisfied
3725,Male,Loyal Customer,53,Personal Travel,Eco,431,3,4,3,5,3,3,3,3,5,4,5,3,5,3,106,89.0,neutral or dissatisfied
102105,Female,Loyal Customer,39,Business travel,Business,2255,2,2,2,2,2,4,5,4,4,4,4,4,4,4,0,0.0,satisfied
124496,Male,Loyal Customer,30,Business travel,Eco,930,3,4,4,4,3,3,3,3,1,1,2,1,3,3,0,0.0,neutral or dissatisfied
113889,Male,Loyal Customer,28,Business travel,Business,2329,4,4,4,4,4,4,4,4,4,4,5,3,5,4,7,11.0,satisfied
99705,Male,Loyal Customer,20,Business travel,Eco,2026,2,3,3,3,2,1,1,2,4,1,1,3,2,2,40,45.0,neutral or dissatisfied
124759,Female,Loyal Customer,42,Business travel,Business,1535,1,5,1,1,3,5,5,5,5,4,5,5,5,4,0,0.0,satisfied
86544,Male,Loyal Customer,28,Personal Travel,Eco,762,3,5,3,3,5,3,5,5,5,4,5,4,4,5,1,9.0,neutral or dissatisfied
96107,Female,Loyal Customer,15,Personal Travel,Eco,775,1,4,1,3,3,1,3,3,3,4,5,5,4,3,0,0.0,neutral or dissatisfied
111208,Male,disloyal Customer,9,Business travel,Eco,821,4,3,3,3,5,3,3,5,5,2,3,5,4,5,0,0.0,satisfied
73968,Male,Loyal Customer,28,Personal Travel,Eco,2218,3,5,3,3,2,3,2,2,2,2,1,2,1,2,4,0.0,neutral or dissatisfied
80822,Female,Loyal Customer,42,Business travel,Business,1571,1,1,1,1,5,4,5,4,4,4,4,4,4,5,0,0.0,satisfied
52602,Male,Loyal Customer,37,Business travel,Eco,160,4,3,3,3,4,4,4,4,4,3,5,4,1,4,3,0.0,satisfied
64034,Female,Loyal Customer,25,Business travel,Business,1596,2,2,2,2,4,4,4,4,3,4,5,5,4,4,4,0.0,satisfied
46334,Male,Loyal Customer,27,Business travel,Business,692,2,2,2,2,4,4,4,4,1,5,5,5,5,4,5,29.0,satisfied
99042,Female,Loyal Customer,52,Business travel,Business,2131,0,4,0,3,4,4,4,2,2,2,2,3,2,4,11,13.0,satisfied
14975,Male,Loyal Customer,41,Business travel,Eco,527,4,2,2,2,4,4,4,4,4,1,3,5,1,4,0,0.0,satisfied
49025,Female,Loyal Customer,33,Business travel,Business,86,4,4,4,4,5,3,5,4,4,4,4,1,4,4,23,27.0,satisfied
53586,Male,Loyal Customer,44,Personal Travel,Eco,391,0,4,0,3,4,0,4,4,4,5,4,5,5,4,0,0.0,satisfied
67140,Male,disloyal Customer,23,Business travel,Eco,1121,3,3,3,4,4,3,4,4,1,1,3,4,4,4,0,0.0,neutral or dissatisfied
43655,Male,Loyal Customer,26,Business travel,Eco,695,4,5,5,5,4,4,5,4,1,5,2,4,4,4,0,14.0,satisfied
96035,Male,disloyal Customer,39,Business travel,Business,795,4,4,4,1,3,4,3,3,3,4,4,3,5,3,0,0.0,satisfied
342,Male,Loyal Customer,27,Personal Travel,Eco,821,2,4,2,2,3,2,3,3,3,5,5,5,4,3,0,12.0,neutral or dissatisfied
49381,Female,Loyal Customer,41,Business travel,Eco,156,3,5,5,5,3,3,3,3,1,3,3,4,4,3,8,6.0,neutral or dissatisfied
108350,Female,Loyal Customer,38,Business travel,Eco,1855,3,1,1,1,3,3,3,3,1,1,3,4,3,3,20,6.0,neutral or dissatisfied
82296,Female,disloyal Customer,23,Business travel,Eco,986,3,3,3,4,5,3,4,5,4,4,3,4,3,5,5,0.0,neutral or dissatisfied
96423,Male,Loyal Customer,49,Business travel,Eco Plus,942,2,5,5,5,2,2,2,2,3,4,4,2,3,2,39,26.0,neutral or dissatisfied
111660,Female,disloyal Customer,30,Business travel,Business,991,1,1,1,4,3,1,3,3,2,5,4,4,4,3,14,16.0,neutral or dissatisfied
124546,Female,disloyal Customer,13,Personal Travel,Eco,1276,4,3,4,3,5,4,5,5,5,2,3,1,5,5,39,26.0,neutral or dissatisfied
84584,Male,Loyal Customer,48,Business travel,Business,707,2,4,2,2,5,5,4,5,5,5,5,3,5,4,0,0.0,satisfied
125494,Male,Loyal Customer,41,Business travel,Business,3472,5,5,5,5,5,5,5,4,4,4,4,5,4,3,0,16.0,satisfied
119117,Male,Loyal Customer,55,Personal Travel,Eco,1107,3,3,3,1,1,3,1,1,2,2,2,1,4,1,0,0.0,neutral or dissatisfied
62989,Female,Loyal Customer,57,Business travel,Business,2234,1,1,1,1,3,4,4,4,4,4,4,3,4,4,0,0.0,satisfied
1448,Male,Loyal Customer,51,Business travel,Business,695,4,4,4,4,4,4,4,3,3,3,3,5,3,5,0,0.0,satisfied
122860,Female,disloyal Customer,16,Business travel,Eco,226,1,3,1,3,2,1,2,2,1,3,4,4,4,2,0,0.0,neutral or dissatisfied
5250,Male,Loyal Customer,61,Business travel,Eco,351,2,1,1,1,2,2,2,2,4,5,3,2,3,2,5,10.0,neutral or dissatisfied
45037,Female,Loyal Customer,54,Personal Travel,Eco,837,4,4,4,2,1,5,1,3,3,4,3,4,3,1,7,1.0,neutral or dissatisfied
94895,Male,Loyal Customer,51,Business travel,Eco,192,4,4,3,3,4,4,4,4,1,2,3,3,4,4,0,0.0,satisfied
105834,Female,Loyal Customer,26,Personal Travel,Eco,663,2,1,3,2,2,3,2,2,1,3,2,4,3,2,0,0.0,neutral or dissatisfied
2876,Male,Loyal Customer,12,Personal Travel,Eco,409,2,5,2,4,2,2,2,2,4,2,5,5,4,2,35,43.0,neutral or dissatisfied
80146,Male,Loyal Customer,58,Business travel,Business,2475,4,4,4,4,5,5,5,5,5,4,4,5,4,5,1,0.0,satisfied
78164,Male,disloyal Customer,20,Business travel,Eco,259,4,0,4,3,3,4,3,3,5,4,4,3,5,3,14,7.0,satisfied
115754,Male,Loyal Customer,43,Business travel,Eco,325,2,3,3,3,2,2,2,2,2,5,3,4,3,2,86,70.0,neutral or dissatisfied
113060,Male,Loyal Customer,31,Business travel,Business,2978,2,2,2,2,5,5,5,5,4,3,5,5,4,5,5,0.0,satisfied
87741,Male,Loyal Customer,42,Business travel,Business,214,0,5,0,1,3,3,3,3,5,5,5,3,3,3,221,217.0,satisfied
29771,Male,Loyal Customer,60,Business travel,Business,3437,5,5,3,5,2,4,5,5,5,5,4,3,5,3,0,0.0,satisfied
62765,Male,disloyal Customer,22,Business travel,Eco,2556,4,4,4,3,4,4,4,3,4,4,4,4,4,4,0,10.0,neutral or dissatisfied
46066,Male,Loyal Customer,54,Business travel,Business,3434,1,5,4,5,3,3,4,1,1,2,1,4,1,1,6,4.0,neutral or dissatisfied
82587,Female,Loyal Customer,43,Business travel,Eco,528,3,2,2,2,5,4,3,3,3,3,3,4,3,1,87,88.0,neutral or dissatisfied
53067,Male,Loyal Customer,14,Personal Travel,Eco,1208,5,1,4,2,3,4,3,3,1,2,3,3,2,3,0,0.0,satisfied
27831,Female,Loyal Customer,66,Personal Travel,Eco,1533,3,4,3,3,4,4,4,1,1,3,1,4,1,5,5,0.0,neutral or dissatisfied
121108,Female,Loyal Customer,68,Personal Travel,Business,2402,1,4,1,4,3,5,4,3,3,1,2,4,3,4,25,0.0,neutral or dissatisfied
75919,Female,Loyal Customer,50,Personal Travel,Eco Plus,603,5,5,5,3,3,5,4,5,5,5,5,4,5,4,0,0.0,satisfied
114726,Male,Loyal Customer,51,Business travel,Business,3002,5,5,5,5,4,5,4,5,5,5,5,3,5,3,0,0.0,satisfied
101195,Male,Loyal Customer,28,Personal Travel,Eco,1069,3,4,3,4,1,3,1,1,3,5,3,2,1,1,0,0.0,neutral or dissatisfied
79947,Male,disloyal Customer,18,Business travel,Eco,1010,1,1,1,4,3,1,3,3,2,4,3,1,4,3,60,99.0,neutral or dissatisfied
54649,Male,disloyal Customer,44,Business travel,Eco,787,2,1,1,4,4,1,4,4,3,1,1,5,2,4,2,0.0,neutral or dissatisfied
127499,Male,Loyal Customer,24,Personal Travel,Eco,2075,3,3,3,1,4,3,4,4,5,4,1,3,4,4,0,2.0,neutral or dissatisfied
78083,Female,Loyal Customer,23,Business travel,Eco Plus,214,4,1,1,1,4,4,4,4,1,5,2,5,1,4,0,0.0,satisfied
124919,Male,Loyal Customer,38,Business travel,Business,3369,4,4,4,4,3,1,5,4,4,4,4,5,4,4,0,0.0,satisfied
106277,Female,Loyal Customer,35,Business travel,Business,3451,3,4,4,4,4,4,4,3,3,3,3,3,3,1,0,0.0,neutral or dissatisfied
32004,Female,Loyal Customer,19,Personal Travel,Business,216,1,0,1,3,3,1,3,3,5,5,5,3,4,3,0,0.0,neutral or dissatisfied
42353,Female,Loyal Customer,25,Personal Travel,Eco,550,2,4,2,2,5,2,5,5,5,3,3,4,5,5,0,0.0,neutral or dissatisfied
10156,Female,disloyal Customer,31,Business travel,Eco,1195,1,1,1,3,1,3,3,1,5,3,3,3,4,3,145,155.0,neutral or dissatisfied
43086,Female,Loyal Customer,28,Personal Travel,Eco,192,4,4,4,1,2,4,2,2,4,2,5,4,5,2,0,0.0,satisfied
73617,Male,Loyal Customer,53,Business travel,Business,192,0,5,1,5,5,5,4,2,2,2,2,5,2,5,0,0.0,satisfied
36488,Female,Loyal Customer,36,Personal Travel,Business,1237,1,5,1,4,2,3,5,4,4,1,4,4,4,5,42,51.0,neutral or dissatisfied
77698,Female,disloyal Customer,23,Business travel,Eco,731,2,2,2,2,5,2,4,5,2,2,3,3,3,5,0,0.0,neutral or dissatisfied
115189,Male,Loyal Customer,58,Business travel,Business,3484,0,0,0,3,5,4,5,4,4,4,4,3,4,5,0,3.0,satisfied
74431,Female,disloyal Customer,60,Business travel,Business,1438,5,5,5,2,3,5,3,3,4,4,5,3,5,3,44,27.0,satisfied
80979,Female,Loyal Customer,30,Business travel,Business,2882,4,4,4,4,4,4,4,4,4,3,5,3,5,4,0,0.0,satisfied
76973,Male,Loyal Customer,45,Business travel,Business,1969,2,2,2,2,4,5,5,4,4,4,4,5,4,4,0,0.0,satisfied
32130,Female,Loyal Customer,27,Business travel,Business,3533,4,4,4,4,5,5,4,5,1,4,1,4,3,5,0,0.0,satisfied
26173,Male,Loyal Customer,54,Business travel,Business,2270,5,5,5,5,2,4,2,5,5,5,5,4,5,4,6,0.0,satisfied
85956,Female,Loyal Customer,58,Business travel,Business,447,1,1,1,1,3,5,5,4,4,4,4,3,4,4,50,39.0,satisfied
85174,Female,disloyal Customer,28,Business travel,Eco,696,3,3,3,4,1,3,1,1,2,5,4,4,3,1,5,0.0,neutral or dissatisfied
44504,Female,Loyal Customer,30,Personal Travel,Eco,503,4,4,4,3,2,4,2,2,3,2,5,4,5,2,0,0.0,satisfied
69108,Female,Loyal Customer,48,Personal Travel,Eco Plus,1389,2,3,2,3,5,4,1,5,5,2,5,2,5,3,0,0.0,neutral or dissatisfied
52328,Female,Loyal Customer,56,Business travel,Eco,370,3,1,3,1,3,3,2,3,3,3,3,3,3,3,0,3.0,neutral or dissatisfied
75895,Female,Loyal Customer,15,Business travel,Business,2924,4,3,4,4,4,5,4,4,5,4,5,3,4,4,15,1.0,satisfied
42922,Female,Loyal Customer,13,Personal Travel,Eco,628,4,4,4,4,3,4,3,3,5,5,4,4,5,3,0,7.0,satisfied
69628,Female,Loyal Customer,56,Business travel,Business,1762,4,4,4,4,5,5,5,4,4,4,4,5,4,4,0,0.0,satisfied
69467,Female,Loyal Customer,48,Personal Travel,Eco,1089,3,5,3,4,4,5,1,3,3,3,5,3,3,5,0,0.0,neutral or dissatisfied
94608,Female,Loyal Customer,57,Business travel,Business,2321,1,1,1,1,4,5,5,4,4,4,4,4,4,5,0,0.0,satisfied
47156,Male,Loyal Customer,25,Business travel,Business,908,4,4,5,4,5,5,5,5,3,4,4,1,5,5,0,0.0,satisfied
81417,Female,Loyal Customer,41,Business travel,Business,2348,2,2,2,2,3,5,4,4,4,3,4,4,4,5,1,1.0,satisfied
33915,Male,Loyal Customer,46,Business travel,Business,636,3,1,4,1,3,3,3,4,3,3,3,3,3,3,164,171.0,neutral or dissatisfied
41661,Male,Loyal Customer,39,Business travel,Business,2537,2,2,2,2,1,1,3,4,4,4,4,1,4,4,0,0.0,satisfied
112492,Male,Loyal Customer,53,Personal Travel,Eco,967,3,2,3,3,3,3,3,3,4,1,4,3,4,3,105,87.0,neutral or dissatisfied
73685,Female,Loyal Customer,37,Business travel,Business,2005,4,1,1,1,2,3,4,4,4,4,4,3,4,2,0,0.0,neutral or dissatisfied
49386,Female,Loyal Customer,55,Business travel,Eco,373,5,1,1,1,5,3,1,4,4,5,4,4,4,1,5,6.0,satisfied
48581,Female,Loyal Customer,62,Personal Travel,Eco,819,2,4,2,2,4,3,1,3,3,2,1,5,3,4,0,0.0,neutral or dissatisfied
11067,Male,Loyal Customer,52,Personal Travel,Eco,312,2,5,2,5,2,2,2,2,4,3,4,3,5,2,0,22.0,neutral or dissatisfied
118796,Female,Loyal Customer,51,Personal Travel,Eco,338,2,4,4,5,3,5,5,1,1,4,1,5,1,3,12,11.0,neutral or dissatisfied
86885,Female,Loyal Customer,54,Personal Travel,Eco Plus,484,1,1,1,3,2,3,2,5,5,1,5,4,5,1,0,0.0,neutral or dissatisfied
75280,Male,Loyal Customer,27,Personal Travel,Eco,1744,0,5,0,2,4,0,4,4,3,3,5,4,4,4,0,0.0,satisfied
69032,Male,disloyal Customer,39,Business travel,Business,1389,4,3,3,2,2,3,2,2,3,4,4,3,4,2,0,0.0,neutral or dissatisfied
104971,Male,disloyal Customer,44,Business travel,Business,406,5,5,5,1,3,5,5,3,5,3,4,5,4,3,0,0.0,satisfied
4308,Male,Loyal Customer,58,Business travel,Business,1997,2,2,2,2,2,5,4,5,5,5,5,4,5,3,0,0.0,satisfied
126319,Male,Loyal Customer,12,Personal Travel,Eco,507,1,4,1,3,2,1,2,2,5,5,5,4,5,2,2,7.0,neutral or dissatisfied
115962,Male,Loyal Customer,46,Personal Travel,Eco,362,2,4,2,4,5,2,5,5,3,2,5,4,4,5,112,109.0,neutral or dissatisfied
2055,Female,Loyal Customer,50,Business travel,Business,2274,1,1,3,1,4,5,5,4,4,4,4,4,4,4,0,0.0,satisfied
43311,Male,Loyal Customer,38,Business travel,Eco,387,2,4,4,4,2,2,2,2,1,2,4,3,4,2,0,0.0,neutral or dissatisfied
97337,Male,Loyal Customer,49,Business travel,Business,2245,2,2,3,2,3,5,5,5,5,5,5,5,5,5,34,39.0,satisfied
99590,Male,Loyal Customer,58,Personal Travel,Eco,895,1,4,2,5,5,2,5,5,3,4,5,3,5,5,0,0.0,neutral or dissatisfied
16409,Male,disloyal Customer,23,Business travel,Eco,533,0,1,0,5,2,0,2,2,3,2,5,2,4,2,0,0.0,satisfied
17261,Female,Loyal Customer,68,Personal Travel,Eco,872,2,4,2,3,4,3,3,5,5,2,3,4,5,1,0,0.0,neutral or dissatisfied
76628,Female,Loyal Customer,56,Business travel,Eco,147,4,2,2,2,5,1,3,4,4,4,4,3,4,3,0,0.0,satisfied
129502,Female,Loyal Customer,42,Business travel,Business,1744,3,3,3,3,2,4,5,4,4,4,4,4,4,3,5,0.0,satisfied
93514,Male,Loyal Customer,33,Business travel,Eco Plus,1107,3,5,5,5,3,3,3,3,2,1,3,1,4,3,3,0.0,neutral or dissatisfied
54098,Male,Loyal Customer,26,Business travel,Eco Plus,1416,0,4,0,5,5,4,5,5,3,2,3,1,2,5,0,0.0,satisfied
111499,Male,Loyal Customer,25,Business travel,Business,3383,3,3,3,3,3,3,3,3,5,3,4,5,5,3,4,0.0,satisfied
2673,Male,Loyal Customer,37,Personal Travel,Eco,597,2,0,2,3,4,2,5,4,4,3,5,4,5,4,55,43.0,neutral or dissatisfied
84976,Female,Loyal Customer,32,Business travel,Business,1590,1,0,0,3,0,3,3,3,5,4,4,3,2,3,275,277.0,neutral or dissatisfied
56650,Female,Loyal Customer,48,Business travel,Business,3231,2,2,2,2,3,3,5,4,4,4,4,3,4,4,0,3.0,satisfied
126672,Male,Loyal Customer,46,Business travel,Business,2276,5,5,5,5,5,5,4,3,3,3,3,3,3,3,0,0.0,satisfied
92409,Female,Loyal Customer,40,Business travel,Business,2139,4,1,1,1,5,4,4,4,4,4,4,2,4,4,0,0.0,neutral or dissatisfied
48705,Female,Loyal Customer,55,Business travel,Business,2332,0,5,1,1,3,5,4,5,5,5,4,4,5,4,0,0.0,satisfied
75580,Female,disloyal Customer,22,Business travel,Eco,337,2,1,2,3,2,2,2,2,4,3,3,1,2,2,60,52.0,neutral or dissatisfied
50426,Female,Loyal Customer,51,Business travel,Eco,89,5,3,1,3,5,4,1,5,5,5,5,4,5,3,0,0.0,satisfied
10915,Male,Loyal Customer,26,Business travel,Business,201,1,2,5,5,1,1,1,1,4,2,3,2,3,1,44,52.0,neutral or dissatisfied
31923,Female,disloyal Customer,21,Business travel,Eco,101,4,0,5,4,5,5,2,5,3,4,4,4,5,5,0,0.0,satisfied
36776,Female,Loyal Customer,57,Business travel,Eco,2602,2,4,4,4,2,2,2,2,2,1,3,2,2,2,17,7.0,neutral or dissatisfied
8211,Male,Loyal Customer,35,Business travel,Eco,530,2,1,2,1,2,2,2,2,4,1,3,4,3,2,0,10.0,neutral or dissatisfied
113821,Female,Loyal Customer,52,Personal Travel,Eco Plus,197,5,5,5,3,5,4,5,3,3,5,3,3,3,5,6,1.0,satisfied
61913,Female,disloyal Customer,34,Business travel,Business,550,2,2,2,3,3,2,3,3,3,4,4,5,5,3,2,0.0,neutral or dissatisfied
119654,Female,Loyal Customer,51,Business travel,Business,2574,2,2,2,2,3,4,4,2,2,3,2,4,2,4,0,0.0,satisfied
4925,Male,Loyal Customer,51,Personal Travel,Eco,1020,2,3,2,5,5,2,3,5,5,3,5,2,2,5,0,0.0,neutral or dissatisfied
86177,Male,disloyal Customer,39,Business travel,Business,356,3,2,2,2,2,2,1,2,3,4,3,1,2,2,0,0.0,neutral or dissatisfied
29350,Female,Loyal Customer,52,Personal Travel,Eco,2588,1,3,1,3,5,4,3,2,2,1,2,1,2,2,0,0.0,neutral or dissatisfied
44645,Male,Loyal Customer,48,Business travel,Business,2590,1,1,4,1,2,5,1,3,3,4,5,1,3,4,0,0.0,satisfied
13185,Male,Loyal Customer,32,Business travel,Business,1906,3,3,3,3,3,4,3,3,2,3,4,4,5,3,5,0.0,satisfied
115244,Female,Loyal Customer,40,Business travel,Business,342,2,2,2,2,4,5,4,4,4,4,4,5,4,3,48,50.0,satisfied
35504,Female,Loyal Customer,21,Personal Travel,Eco,1118,1,4,1,1,1,5,5,4,3,4,4,5,4,5,238,241.0,neutral or dissatisfied
75886,Male,disloyal Customer,22,Business travel,Eco,603,3,5,3,3,5,3,5,5,4,5,4,4,5,5,6,12.0,neutral or dissatisfied
58739,Male,Loyal Customer,57,Business travel,Business,2943,1,1,1,1,3,4,5,4,4,4,4,5,4,4,6,0.0,satisfied
108788,Female,Loyal Customer,49,Business travel,Business,1731,1,1,1,1,5,5,5,5,5,5,5,5,5,4,21,18.0,satisfied
23593,Female,Loyal Customer,66,Personal Travel,Eco,1024,2,5,2,1,4,5,5,5,5,2,5,3,5,3,8,0.0,neutral or dissatisfied
8074,Female,Loyal Customer,59,Business travel,Business,3861,0,5,0,1,2,5,4,1,1,1,1,5,1,3,0,0.0,satisfied
88850,Male,Loyal Customer,45,Personal Travel,Eco Plus,581,4,5,4,4,3,4,3,3,4,2,5,3,4,3,24,26.0,neutral or dissatisfied
107922,Male,Loyal Customer,50,Business travel,Business,2920,3,3,3,3,2,5,4,5,5,5,5,5,5,3,1,0.0,satisfied
49532,Male,Loyal Customer,22,Business travel,Eco,199,4,4,4,4,4,4,5,4,4,3,3,3,5,4,0,0.0,satisfied
11866,Female,Loyal Customer,48,Business travel,Business,1042,2,2,2,2,5,4,4,2,2,2,2,2,2,3,0,0.0,neutral or dissatisfied
10977,Female,disloyal Customer,42,Business travel,Eco,224,4,5,3,3,3,3,3,3,4,2,4,4,2,3,10,0.0,neutral or dissatisfied
52185,Male,disloyal Customer,23,Business travel,Eco,261,5,4,5,2,2,5,2,2,2,5,1,1,5,2,0,0.0,satisfied
85564,Female,Loyal Customer,55,Business travel,Eco,153,3,5,5,5,5,2,2,2,2,3,2,1,2,1,0,0.0,neutral or dissatisfied
27741,Female,Loyal Customer,43,Business travel,Eco,1448,4,3,5,3,4,2,2,4,4,4,4,5,4,5,0,0.0,satisfied
74059,Male,disloyal Customer,54,Business travel,Eco,1027,1,1,1,4,1,2,2,3,2,4,3,2,1,2,0,6.0,neutral or dissatisfied
100991,Male,disloyal Customer,23,Business travel,Business,564,5,0,5,4,4,5,4,4,5,2,5,4,5,4,3,0.0,satisfied
23153,Male,disloyal Customer,20,Business travel,Business,223,5,3,5,3,5,5,5,5,4,1,5,5,2,5,6,0.0,satisfied
87503,Female,disloyal Customer,41,Business travel,Business,321,1,1,1,1,5,3,5,5,3,5,1,5,5,5,0,0.0,neutral or dissatisfied
24958,Female,Loyal Customer,51,Business travel,Business,2013,4,4,4,4,2,3,3,5,5,4,5,2,5,4,60,59.0,satisfied
92220,Male,Loyal Customer,28,Personal Travel,Eco,1956,3,1,3,2,3,3,2,3,3,2,3,3,2,3,0,0.0,neutral or dissatisfied
107708,Male,Loyal Customer,38,Business travel,Business,405,2,1,1,1,4,4,4,2,2,2,2,4,2,3,0,0.0,neutral or dissatisfied
95701,Female,Loyal Customer,61,Business travel,Business,3925,1,1,1,1,5,4,5,5,5,5,5,4,5,5,0,1.0,satisfied
50709,Male,Loyal Customer,15,Personal Travel,Eco,262,2,2,2,3,1,2,1,1,1,1,3,3,3,1,7,15.0,neutral or dissatisfied
59628,Male,Loyal Customer,56,Business travel,Eco,854,2,4,4,4,2,2,2,2,2,1,3,1,3,2,2,5.0,neutral or dissatisfied
124805,Female,disloyal Customer,48,Business travel,Eco,280,4,4,4,4,3,4,2,3,3,2,3,1,4,3,0,16.0,neutral or dissatisfied
99786,Female,Loyal Customer,52,Business travel,Business,2685,2,2,2,2,4,4,5,4,4,4,4,3,4,4,0,2.0,satisfied
13591,Male,Loyal Customer,47,Personal Travel,Eco,227,3,1,3,2,5,3,5,5,2,2,2,3,3,5,0,4.0,neutral or dissatisfied
19681,Female,Loyal Customer,57,Business travel,Eco,409,5,3,2,3,5,5,5,5,3,5,4,5,2,5,179,168.0,satisfied
81364,Female,Loyal Customer,35,Business travel,Eco Plus,1299,5,4,4,4,5,5,5,5,1,5,4,1,5,5,0,9.0,satisfied
46625,Male,Loyal Customer,60,Business travel,Business,141,2,1,4,1,4,2,2,3,3,3,2,2,3,3,0,6.0,neutral or dissatisfied
35441,Male,Loyal Customer,21,Personal Travel,Eco,828,2,4,1,4,4,1,4,4,5,5,5,3,4,4,0,0.0,neutral or dissatisfied
72717,Male,Loyal Customer,22,Business travel,Business,1102,2,2,2,2,4,4,4,5,5,5,4,4,4,4,279,253.0,satisfied
126763,Male,Loyal Customer,32,Personal Travel,Eco,2402,3,4,3,1,2,3,2,2,2,2,2,1,1,2,0,6.0,neutral or dissatisfied
34642,Male,Loyal Customer,7,Personal Travel,Eco,427,5,0,4,1,2,4,5,2,3,4,4,4,4,2,0,0.0,satisfied
113646,Male,Loyal Customer,64,Personal Travel,Eco,226,2,1,2,3,2,2,2,2,4,4,3,2,4,2,57,57.0,neutral or dissatisfied
37951,Male,Loyal Customer,29,Personal Travel,Eco Plus,997,1,5,1,2,3,1,3,3,3,3,4,3,4,3,15,3.0,neutral or dissatisfied
115459,Female,Loyal Customer,80,Business travel,Business,2612,1,1,1,1,5,4,4,4,4,4,4,4,4,4,0,3.0,satisfied
48534,Male,Loyal Customer,35,Business travel,Eco,819,4,5,5,5,4,4,4,4,5,3,4,4,3,4,0,0.0,satisfied
96526,Male,Loyal Customer,63,Personal Travel,Eco,436,3,5,3,3,1,3,1,1,5,2,5,3,4,1,64,,neutral or dissatisfied
43355,Male,disloyal Customer,24,Business travel,Eco,463,2,2,2,3,4,2,4,4,4,3,3,2,4,4,0,0.0,neutral or dissatisfied
62351,Male,Loyal Customer,57,Business travel,Business,1735,3,3,3,3,4,4,4,4,4,4,4,5,4,5,0,0.0,satisfied
4483,Male,Loyal Customer,62,Personal Travel,Eco,1147,1,4,1,4,4,1,4,4,5,2,5,3,4,4,0,0.0,neutral or dissatisfied
28975,Male,Loyal Customer,24,Business travel,Business,954,1,4,4,4,1,2,1,1,4,1,2,4,2,1,0,8.0,neutral or dissatisfied
18894,Male,disloyal Customer,39,Business travel,Eco,448,3,0,4,4,5,4,5,5,5,2,5,1,4,5,0,4.0,neutral or dissatisfied
112821,Male,disloyal Customer,25,Business travel,Eco,1313,4,4,4,4,2,4,2,2,3,2,5,5,5,2,30,23.0,satisfied
117643,Male,Loyal Customer,36,Personal Travel,Eco,872,1,3,0,3,5,0,5,5,2,1,4,3,3,5,3,0.0,neutral or dissatisfied
67971,Male,Loyal Customer,33,Business travel,Eco Plus,1431,2,2,2,2,2,2,2,2,4,3,2,1,2,2,28,19.0,neutral or dissatisfied
120768,Female,disloyal Customer,30,Business travel,Eco,678,2,2,2,3,4,2,4,4,1,2,4,1,4,4,0,2.0,neutral or dissatisfied
120540,Female,Loyal Customer,39,Business travel,Business,2176,5,5,5,5,2,5,4,5,5,5,5,5,5,5,0,15.0,satisfied
36530,Male,disloyal Customer,29,Business travel,Eco,1249,3,3,3,3,2,3,2,2,1,1,3,3,4,2,0,9.0,neutral or dissatisfied
6798,Male,Loyal Customer,67,Business travel,Business,3462,4,3,3,3,2,3,3,4,4,3,4,2,4,2,7,6.0,neutral or dissatisfied
5628,Male,Loyal Customer,59,Business travel,Business,1919,3,3,3,3,2,5,5,2,2,2,2,5,2,5,34,33.0,satisfied
34165,Female,Loyal Customer,58,Business travel,Eco,1046,3,2,2,2,1,3,4,3,3,3,3,2,3,2,0,0.0,neutral or dissatisfied
81394,Male,Loyal Customer,65,Personal Travel,Eco,748,0,4,0,1,3,0,3,3,3,2,5,4,5,3,5,0.0,satisfied
20632,Male,Loyal Customer,30,Business travel,Business,1549,3,3,3,3,5,5,5,5,5,2,2,5,3,5,600,589.0,satisfied
68296,Male,Loyal Customer,34,Business travel,Business,1797,4,4,3,4,4,5,5,4,4,4,4,5,4,5,0,0.0,satisfied
115614,Male,Loyal Customer,36,Business travel,Business,2896,4,4,4,4,5,4,4,5,5,5,5,5,5,5,0,0.0,satisfied
22547,Female,disloyal Customer,39,Business travel,Business,300,4,4,4,3,1,4,1,1,3,3,4,4,5,1,0,8.0,satisfied
89662,Female,Loyal Customer,25,Business travel,Business,944,2,4,2,2,4,4,4,4,4,2,5,5,4,4,18,3.0,satisfied
111148,Male,Loyal Customer,23,Business travel,Eco,780,4,5,5,5,4,4,5,4,3,1,1,3,1,4,0,0.0,satisfied
36306,Male,Loyal Customer,40,Business travel,Eco,187,4,1,4,1,4,4,4,4,2,1,4,3,5,4,1,37.0,satisfied
1766,Male,Loyal Customer,26,Business travel,Business,2328,3,1,5,1,3,3,3,3,2,3,4,4,3,3,0,15.0,neutral or dissatisfied
29314,Female,Loyal Customer,45,Personal Travel,Eco,873,1,1,1,3,3,3,3,4,4,1,4,4,4,4,0,0.0,neutral or dissatisfied
82580,Male,disloyal Customer,23,Business travel,Eco,528,4,2,4,3,3,4,4,3,3,4,5,4,4,3,0,0.0,satisfied
83253,Female,disloyal Customer,20,Business travel,Business,1444,4,0,4,1,5,4,5,5,3,3,4,5,5,5,5,0.0,satisfied
115036,Female,Loyal Customer,54,Business travel,Business,373,3,2,3,3,2,2,2,4,2,5,4,2,3,2,132,131.0,satisfied
92326,Male,Loyal Customer,41,Business travel,Business,2486,3,3,2,3,4,3,3,4,4,3,4,3,5,3,0,9.0,satisfied
51157,Male,Loyal Customer,70,Personal Travel,Eco,86,1,1,1,3,1,1,1,1,2,2,3,4,2,1,0,0.0,neutral or dissatisfied
108609,Male,Loyal Customer,51,Business travel,Eco,296,4,3,3,3,4,4,4,4,5,5,5,2,2,4,20,0.0,satisfied
113106,Male,Loyal Customer,32,Personal Travel,Eco,569,2,4,2,3,5,2,2,5,2,5,4,2,2,5,46,34.0,neutral or dissatisfied
108307,Female,Loyal Customer,59,Business travel,Business,1838,4,4,4,4,5,4,5,4,4,4,4,4,4,4,33,44.0,satisfied
74890,Female,disloyal Customer,53,Personal Travel,Business,2475,4,5,4,1,1,4,1,1,4,2,5,3,5,1,0,0.0,neutral or dissatisfied
117188,Male,Loyal Customer,32,Personal Travel,Eco,370,3,4,3,4,4,3,4,4,2,1,2,3,3,4,0,0.0,neutral or dissatisfied
66177,Female,disloyal Customer,27,Business travel,Business,460,0,0,0,2,5,0,5,5,4,4,5,3,4,5,0,0.0,satisfied
28303,Female,Loyal Customer,38,Business travel,Business,954,2,2,2,2,2,3,1,4,4,4,4,2,4,4,3,0.0,satisfied
117862,Male,Loyal Customer,45,Business travel,Business,365,5,5,5,5,5,4,4,2,2,2,2,5,2,4,0,0.0,satisfied
77219,Male,Loyal Customer,39,Business travel,Business,1590,2,2,2,2,3,4,4,1,1,2,1,4,1,4,0,0.0,satisfied
78828,Female,Loyal Customer,25,Personal Travel,Eco,432,4,5,4,3,4,4,4,4,4,2,4,4,5,4,0,11.0,neutral or dissatisfied
103893,Female,Loyal Customer,43,Business travel,Business,3466,1,1,1,1,5,5,4,4,4,4,4,3,4,3,0,0.0,satisfied
46806,Female,disloyal Customer,24,Business travel,Eco,853,4,4,4,5,2,4,2,2,1,4,2,3,3,2,2,4.0,neutral or dissatisfied
56584,Female,Loyal Customer,46,Business travel,Business,2827,4,4,4,4,4,4,4,5,5,5,5,3,5,3,0,0.0,satisfied
127475,Female,disloyal Customer,24,Business travel,Eco,867,1,1,1,2,4,1,4,4,3,5,4,5,5,4,0,0.0,neutral or dissatisfied
82282,Male,Loyal Customer,19,Personal Travel,Eco,1481,5,2,5,3,5,5,5,5,4,1,4,1,3,5,6,0.0,satisfied
30266,Female,Loyal Customer,58,Business travel,Business,2356,3,3,3,3,3,3,4,3,3,3,3,4,3,2,0,0.0,neutral or dissatisfied
9608,Male,Loyal Customer,22,Personal Travel,Eco,229,2,4,2,4,3,2,5,3,5,4,4,5,5,3,0,0.0,neutral or dissatisfied
91427,Male,Loyal Customer,40,Personal Travel,Eco,549,2,2,2,3,1,2,1,1,2,4,1,4,3,1,0,0.0,neutral or dissatisfied
31586,Male,Loyal Customer,37,Business travel,Business,3771,1,1,1,1,3,3,1,2,2,2,2,5,2,5,1,31.0,satisfied
35415,Female,disloyal Customer,25,Business travel,Eco,1097,2,2,2,4,2,2,3,2,3,3,4,2,3,2,0,9.0,neutral or dissatisfied
4684,Male,Loyal Customer,9,Personal Travel,Eco,489,2,3,3,4,5,3,5,5,5,5,3,3,3,5,0,0.0,neutral or dissatisfied
14202,Male,Loyal Customer,30,Business travel,Eco,692,2,1,1,1,2,2,2,2,4,5,3,4,4,2,2,23.0,neutral or dissatisfied
89692,Male,Loyal Customer,64,Business travel,Business,3767,1,1,1,1,3,5,5,5,5,5,5,1,5,2,21,0.0,satisfied
16841,Male,Loyal Customer,12,Personal Travel,Eco,645,4,5,4,5,2,4,2,2,5,3,5,3,4,2,2,23.0,neutral or dissatisfied
70637,Female,Loyal Customer,34,Business travel,Eco,946,4,3,3,3,4,4,4,4,4,5,3,2,4,4,12,0.0,neutral or dissatisfied
65439,Female,Loyal Customer,55,Business travel,Business,1792,1,1,1,1,3,5,4,5,5,5,5,5,5,4,0,11.0,satisfied
116975,Male,Loyal Customer,51,Business travel,Business,325,0,0,0,4,2,4,5,4,4,4,4,3,4,4,0,0.0,satisfied
42623,Male,Loyal Customer,40,Business travel,Business,1813,4,4,1,4,1,4,5,3,3,2,3,3,3,3,25,63.0,satisfied
10634,Male,Loyal Customer,27,Business travel,Eco,74,3,3,4,4,3,2,3,3,3,4,4,2,4,3,60,56.0,neutral or dissatisfied
33952,Male,Loyal Customer,34,Business travel,Eco Plus,1188,2,5,5,5,2,2,2,2,1,4,4,1,4,2,34,29.0,neutral or dissatisfied
129561,Female,Loyal Customer,31,Personal Travel,Eco,2583,3,2,3,3,4,3,4,4,2,3,1,4,2,4,0,0.0,neutral or dissatisfied
60081,Female,Loyal Customer,45,Business travel,Business,1005,1,1,1,1,5,5,4,5,5,5,5,4,5,3,14,14.0,satisfied
108982,Male,Loyal Customer,47,Personal Travel,Business,781,3,2,3,3,1,3,3,4,4,3,4,3,4,1,24,21.0,neutral or dissatisfied
110140,Female,disloyal Customer,47,Business travel,Business,890,5,5,5,5,5,5,5,4,3,5,5,5,3,5,132,124.0,satisfied
101246,Female,Loyal Customer,44,Personal Travel,Eco,1587,1,4,0,2,5,5,5,1,1,0,1,4,1,5,21,4.0,neutral or dissatisfied
11841,Male,Loyal Customer,57,Business travel,Business,3470,5,5,5,5,3,5,5,4,4,4,4,4,4,4,8,2.0,satisfied
62026,Male,Loyal Customer,29,Business travel,Business,2475,3,3,3,3,3,4,3,3,3,2,3,3,4,3,0,0.0,satisfied
74597,Female,Loyal Customer,44,Business travel,Business,3847,2,2,5,2,3,4,4,2,2,2,2,4,2,5,8,0.0,satisfied
82363,Male,Loyal Customer,54,Personal Travel,Eco,453,5,4,5,5,1,5,1,1,3,3,4,5,4,1,2,0.0,satisfied
104881,Male,Loyal Customer,37,Personal Travel,Eco,327,2,0,2,4,5,2,5,5,3,5,5,5,4,5,10,0.0,neutral or dissatisfied
70723,Male,Loyal Customer,50,Business travel,Business,1613,2,4,4,4,3,4,3,2,2,2,2,3,2,4,43,65.0,neutral or dissatisfied
118666,Male,Loyal Customer,45,Business travel,Business,3335,4,2,4,4,3,4,3,4,4,4,4,1,4,4,6,0.0,satisfied
85135,Female,Loyal Customer,43,Business travel,Business,696,2,2,2,2,3,5,4,2,2,2,2,4,2,5,0,9.0,satisfied
124897,Female,Loyal Customer,27,Business travel,Business,1842,4,4,4,4,5,5,5,5,4,2,5,4,5,5,0,0.0,satisfied
1181,Male,Loyal Customer,48,Personal Travel,Eco,113,2,5,2,4,1,2,1,1,2,5,2,3,5,1,0,0.0,neutral or dissatisfied
55593,Female,Loyal Customer,44,Business travel,Business,3466,5,5,5,5,3,4,5,4,4,4,4,3,4,3,0,0.0,satisfied
72010,Male,Loyal Customer,39,Personal Travel,Eco Plus,1440,2,5,2,3,2,3,2,3,5,4,4,2,5,2,296,301.0,neutral or dissatisfied
2509,Female,Loyal Customer,51,Business travel,Business,3228,2,1,1,1,3,4,4,2,2,2,2,2,2,2,8,3.0,neutral or dissatisfied
129770,Female,Loyal Customer,20,Personal Travel,Eco,308,4,5,4,2,2,4,2,2,4,2,1,1,3,2,0,0.0,neutral or dissatisfied
115163,Female,Loyal Customer,47,Business travel,Business,447,5,5,5,5,4,5,5,4,4,3,4,3,4,4,31,12.0,satisfied
28808,Female,disloyal Customer,25,Business travel,Eco,978,5,5,5,1,4,5,4,4,4,5,3,1,2,4,45,52.0,satisfied
7456,Male,Loyal Customer,56,Business travel,Business,3063,2,5,2,2,3,5,5,5,5,5,5,5,5,4,0,0.0,satisfied
56829,Male,Loyal Customer,13,Personal Travel,Eco,1605,1,5,0,1,4,0,4,4,4,3,3,4,4,4,0,7.0,neutral or dissatisfied
62139,Female,disloyal Customer,28,Business travel,Eco,1492,3,3,3,3,1,3,1,1,2,1,1,1,3,1,6,0.0,neutral or dissatisfied
125122,Male,Loyal Customer,7,Personal Travel,Eco,361,4,4,4,2,2,4,2,2,3,5,5,5,4,2,24,46.0,neutral or dissatisfied
64196,Female,Loyal Customer,59,Business travel,Business,853,1,1,2,1,2,5,4,5,5,4,5,5,5,5,0,0.0,satisfied
126092,Female,disloyal Customer,17,Business travel,Eco,507,0,0,0,3,2,0,2,2,4,3,5,4,4,2,1,0.0,satisfied
54204,Female,Loyal Customer,34,Personal Travel,Eco,1400,3,4,3,1,2,3,2,2,2,2,3,2,2,2,0,0.0,neutral or dissatisfied
99224,Male,Loyal Customer,38,Business travel,Business,495,1,1,1,1,3,4,4,5,5,5,5,5,5,3,11,10.0,satisfied
9135,Female,disloyal Customer,30,Business travel,Eco,826,3,3,3,4,2,3,1,2,2,4,4,3,4,2,1,0.0,neutral or dissatisfied
121013,Male,Loyal Customer,30,Personal Travel,Eco,861,1,4,1,2,4,1,1,4,5,3,4,4,5,4,0,14.0,neutral or dissatisfied
75846,Male,Loyal Customer,51,Business travel,Business,1440,1,4,1,1,5,5,4,5,5,5,5,4,5,5,15,5.0,satisfied
108651,Female,Loyal Customer,47,Business travel,Business,1747,4,4,4,4,4,5,5,5,5,5,5,4,5,5,29,34.0,satisfied
18788,Male,Loyal Customer,42,Business travel,Eco,448,5,3,3,3,4,5,4,4,3,1,5,5,5,4,0,0.0,satisfied
121364,Male,Loyal Customer,21,Personal Travel,Eco,1670,1,0,1,5,5,1,5,5,3,3,4,5,5,5,0,29.0,neutral or dissatisfied
59663,Male,Loyal Customer,7,Personal Travel,Eco,965,2,5,2,3,3,2,3,3,5,5,5,5,4,3,0,0.0,neutral or dissatisfied
6403,Male,Loyal Customer,55,Personal Travel,Eco,315,3,3,3,2,5,3,5,5,4,4,3,3,2,5,0,25.0,neutral or dissatisfied
28840,Male,Loyal Customer,40,Business travel,Eco,978,3,4,3,4,3,4,3,3,2,4,2,1,2,3,11,11.0,satisfied
54029,Male,Loyal Customer,12,Personal Travel,Eco Plus,1091,3,2,3,4,4,3,4,4,2,3,3,3,4,4,80,83.0,neutral or dissatisfied
56023,Female,Loyal Customer,48,Business travel,Business,2475,3,3,3,3,5,5,5,5,5,5,5,5,4,5,2,0.0,satisfied
106254,Female,Loyal Customer,29,Personal Travel,Business,1500,2,4,2,3,2,2,2,2,5,5,5,4,5,2,0,0.0,neutral or dissatisfied
17120,Female,Loyal Customer,14,Personal Travel,Eco,821,1,4,1,3,3,1,3,3,4,4,4,5,4,3,10,0.0,neutral or dissatisfied
101425,Female,Loyal Customer,51,Business travel,Business,3783,4,4,4,4,2,4,5,4,4,4,4,5,4,5,25,22.0,satisfied
39291,Female,Loyal Customer,46,Personal Travel,Eco,268,3,1,3,4,5,3,3,3,3,3,3,1,3,2,0,0.0,neutral or dissatisfied
38594,Male,Loyal Customer,31,Business travel,Business,231,1,1,1,1,5,5,5,5,2,1,3,2,3,5,0,0.0,satisfied
63055,Male,Loyal Customer,35,Personal Travel,Eco,776,2,5,2,3,2,2,4,2,5,4,5,3,4,2,12,0.0,neutral or dissatisfied
93470,Male,Loyal Customer,32,Business travel,Business,605,2,2,3,2,4,4,4,4,5,4,5,4,4,4,0,0.0,satisfied
89495,Male,Loyal Customer,40,Business travel,Business,2890,3,3,3,3,3,5,4,4,4,4,4,3,4,5,0,0.0,satisfied
32771,Male,disloyal Customer,16,Business travel,Eco,216,5,0,5,2,4,5,4,4,4,2,4,4,1,4,0,0.0,satisfied
105934,Female,Loyal Customer,48,Business travel,Business,1491,5,5,5,5,2,4,5,4,4,4,4,5,4,3,0,0.0,satisfied
89271,Male,Loyal Customer,49,Business travel,Business,3635,5,5,3,5,4,3,3,5,4,4,4,3,5,3,166,159.0,satisfied
66967,Female,Loyal Customer,48,Business travel,Business,2102,4,4,4,4,2,4,4,4,4,4,4,5,4,5,0,0.0,satisfied
86609,Male,disloyal Customer,25,Business travel,Business,746,4,3,4,2,1,4,1,1,3,5,4,5,5,1,2,0.0,satisfied
66474,Male,Loyal Customer,58,Personal Travel,Business,447,3,2,3,4,2,3,4,3,3,3,5,3,3,3,38,37.0,neutral or dissatisfied
88879,Female,Loyal Customer,56,Business travel,Business,2738,1,1,1,1,4,4,4,4,4,4,4,5,4,5,0,1.0,satisfied
111160,Female,Loyal Customer,41,Personal Travel,Eco,1180,4,4,4,4,5,4,5,5,3,2,3,5,5,5,0,0.0,neutral or dissatisfied
69842,Female,Loyal Customer,37,Personal Travel,Eco,1055,1,5,1,3,3,1,3,3,5,3,4,5,5,3,8,0.0,neutral or dissatisfied
117666,Male,disloyal Customer,16,Business travel,Eco,1449,2,2,2,4,4,2,4,4,1,5,3,4,3,4,21,28.0,neutral or dissatisfied
71726,Female,Loyal Customer,10,Personal Travel,Eco,1007,3,5,3,4,2,3,2,2,4,5,5,4,4,2,0,0.0,neutral or dissatisfied
58449,Male,Loyal Customer,16,Personal Travel,Eco,733,2,3,2,3,5,2,5,5,2,4,4,1,3,5,8,0.0,neutral or dissatisfied
64569,Male,disloyal Customer,37,Business travel,Business,282,3,3,3,3,4,3,3,4,3,5,4,5,4,4,0,0.0,neutral or dissatisfied
74878,Female,Loyal Customer,40,Business travel,Business,2475,4,4,4,4,2,4,5,5,5,5,5,5,5,3,27,0.0,satisfied
54974,Male,disloyal Customer,49,Business travel,Business,1379,5,4,4,4,5,5,5,5,4,4,4,5,5,5,19,13.0,satisfied
20483,Female,Loyal Customer,58,Business travel,Business,139,4,4,4,4,1,1,4,4,4,4,4,4,4,3,24,23.0,satisfied
61595,Male,Loyal Customer,45,Business travel,Business,3055,2,2,2,2,5,5,5,4,4,5,4,4,4,4,0,0.0,satisfied
112507,Male,Loyal Customer,57,Personal Travel,Eco,948,2,0,2,3,4,2,4,4,5,4,5,4,4,4,3,4.0,neutral or dissatisfied
95883,Female,disloyal Customer,39,Business travel,Eco,180,2,3,2,3,3,2,3,3,4,5,4,1,3,3,4,0.0,neutral or dissatisfied
64836,Female,Loyal Customer,67,Business travel,Business,469,3,4,2,2,3,4,4,3,3,3,3,3,3,1,0,0.0,neutral or dissatisfied
107852,Male,Loyal Customer,39,Business travel,Business,2274,2,2,2,2,5,5,5,4,4,4,4,4,4,3,8,17.0,satisfied
32213,Male,Loyal Customer,46,Business travel,Business,4000,3,3,3,3,4,2,1,4,4,4,4,3,4,4,9,20.0,satisfied
35905,Male,Loyal Customer,41,Business travel,Business,2248,1,1,1,1,4,4,4,4,4,4,4,5,4,4,12,0.0,satisfied
120513,Female,Loyal Customer,63,Personal Travel,Eco Plus,449,1,2,1,4,1,3,4,5,5,1,5,3,5,4,0,0.0,neutral or dissatisfied
31908,Male,disloyal Customer,27,Business travel,Business,163,4,4,4,4,5,4,4,5,5,3,5,5,5,5,4,5.0,satisfied
120609,Female,Loyal Customer,52,Business travel,Business,453,2,2,2,2,4,4,5,5,5,5,5,4,5,5,0,60.0,satisfied
36030,Male,Loyal Customer,34,Business travel,Business,2881,4,4,4,4,4,3,3,2,1,4,4,3,3,3,454,502.0,satisfied
107546,Male,disloyal Customer,44,Business travel,Business,1521,3,3,3,2,3,3,3,3,4,5,5,3,5,3,54,50.0,neutral or dissatisfied
54804,Female,disloyal Customer,23,Business travel,Eco,775,2,2,2,1,5,2,5,5,3,3,2,5,1,5,0,0.0,neutral or dissatisfied
101996,Male,Loyal Customer,35,Personal Travel,Eco,628,4,5,4,2,5,4,3,5,4,3,5,3,5,5,0,0.0,neutral or dissatisfied
36211,Male,Loyal Customer,38,Business travel,Business,2916,3,3,3,3,2,1,4,5,5,5,5,4,5,3,0,0.0,satisfied
57388,Female,disloyal Customer,23,Business travel,Business,472,1,3,1,4,5,1,5,5,3,1,3,1,4,5,3,0.0,neutral or dissatisfied
35684,Female,Loyal Customer,58,Business travel,Business,2586,2,2,2,2,5,5,5,1,3,5,1,5,5,5,2,0.0,satisfied
97217,Female,disloyal Customer,21,Business travel,Eco,1390,3,3,3,4,4,3,4,4,1,3,3,4,4,4,14,0.0,neutral or dissatisfied
23121,Female,disloyal Customer,42,Business travel,Eco,223,4,0,4,4,4,4,3,4,3,2,4,4,3,4,0,0.0,neutral or dissatisfied
93704,Male,Loyal Customer,28,Business travel,Business,2015,1,4,1,1,4,4,4,4,5,4,5,3,4,4,0,0.0,satisfied
11647,Male,disloyal Customer,29,Business travel,Business,878,3,4,4,5,2,4,3,2,3,2,4,3,5,2,36,30.0,neutral or dissatisfied
30866,Female,Loyal Customer,52,Business travel,Eco,1506,5,1,2,1,2,3,4,5,5,5,5,4,5,1,0,0.0,satisfied
77885,Female,Loyal Customer,40,Personal Travel,Eco,700,2,5,1,3,2,1,2,2,3,4,4,3,5,2,88,99.0,neutral or dissatisfied
98211,Male,Loyal Customer,67,Personal Travel,Business,842,1,3,1,4,3,4,3,1,1,1,3,2,1,4,24,8.0,neutral or dissatisfied
109945,Female,Loyal Customer,47,Personal Travel,Eco,1204,1,1,1,3,1,4,3,2,2,1,1,2,2,3,0,0.0,neutral or dissatisfied
46763,Male,Loyal Customer,48,Business travel,Eco Plus,125,2,4,4,4,2,2,2,2,1,1,4,4,4,2,0,16.0,neutral or dissatisfied
105571,Female,Loyal Customer,45,Business travel,Business,1572,1,1,1,1,4,4,4,5,5,4,5,4,5,5,6,0.0,satisfied
45208,Male,Loyal Customer,72,Business travel,Eco,1013,4,5,5,5,4,4,4,4,5,3,1,4,2,4,0,4.0,satisfied
80734,Male,Loyal Customer,22,Business travel,Business,393,3,5,5,5,3,3,3,3,1,1,3,2,3,3,0,16.0,neutral or dissatisfied
104370,Male,Loyal Customer,60,Business travel,Business,228,4,4,4,4,3,4,5,5,5,5,5,4,5,5,0,0.0,satisfied
35785,Male,Loyal Customer,46,Personal Travel,Eco,200,2,1,2,2,2,1,1,1,3,2,2,1,3,1,142,152.0,neutral or dissatisfied
3635,Female,Loyal Customer,55,Business travel,Business,427,2,2,2,2,3,4,4,4,4,4,4,5,4,3,48,46.0,satisfied
2690,Female,Loyal Customer,51,Business travel,Business,3555,4,4,4,4,5,5,4,3,3,3,3,5,3,5,0,0.0,satisfied
14429,Male,Loyal Customer,48,Personal Travel,Eco Plus,585,3,4,3,4,1,3,1,1,3,1,4,1,4,1,21,24.0,neutral or dissatisfied
9118,Female,Loyal Customer,53,Business travel,Eco,707,2,1,1,1,2,2,2,3,4,4,4,2,3,2,157,183.0,neutral or dissatisfied
102929,Female,Loyal Customer,33,Personal Travel,Eco,317,3,4,3,2,4,3,4,4,5,3,1,1,1,4,0,0.0,neutral or dissatisfied
91260,Male,Loyal Customer,30,Personal Travel,Eco,581,4,4,4,5,3,4,3,3,4,4,5,5,4,3,2,0.0,neutral or dissatisfied
10638,Female,Loyal Customer,59,Business travel,Business,312,3,3,3,3,3,4,5,3,3,4,3,3,3,4,8,9.0,satisfied
12056,Female,Loyal Customer,27,Personal Travel,Eco,351,2,4,2,4,4,2,4,4,3,3,4,4,5,4,0,0.0,neutral or dissatisfied
71255,Male,disloyal Customer,20,Business travel,Eco,733,2,2,2,3,2,2,2,2,2,1,4,2,4,2,23,31.0,neutral or dissatisfied
91246,Female,Loyal Customer,46,Personal Travel,Eco,581,2,5,2,2,5,5,4,2,2,2,2,3,2,5,2,1.0,neutral or dissatisfied
95471,Male,Loyal Customer,46,Business travel,Business,1727,2,2,2,2,5,5,5,4,4,4,4,4,4,3,0,0.0,satisfied
33617,Male,Loyal Customer,57,Business travel,Eco,399,4,3,2,3,5,4,5,5,5,4,5,1,3,5,0,0.0,satisfied
34477,Male,Loyal Customer,53,Business travel,Business,266,3,3,4,3,1,4,3,3,3,3,3,2,3,4,0,8.0,neutral or dissatisfied
27893,Male,Loyal Customer,60,Personal Travel,Eco,2329,2,5,2,1,2,1,1,5,2,4,5,1,3,1,0,0.0,neutral or dissatisfied
17796,Male,disloyal Customer,23,Business travel,Business,1075,2,2,2,3,3,2,3,3,1,5,3,3,3,3,5,0.0,neutral or dissatisfied
94683,Female,Loyal Customer,36,Business travel,Business,3237,3,3,3,3,4,5,4,5,5,5,5,3,5,4,12,1.0,satisfied
49525,Male,Loyal Customer,47,Business travel,Business,2827,0,5,1,1,2,3,4,4,4,5,5,5,4,5,0,3.0,satisfied
14355,Male,Loyal Customer,68,Business travel,Eco Plus,395,2,2,2,2,2,2,2,2,1,1,3,3,3,2,34,24.0,neutral or dissatisfied
96454,Female,Loyal Customer,52,Business travel,Business,2381,5,5,5,5,2,5,4,5,5,4,5,5,5,4,0,0.0,satisfied
28436,Male,Loyal Customer,44,Business travel,Eco,2496,3,5,5,5,3,3,3,2,4,1,3,3,1,3,0,17.0,neutral or dissatisfied
95770,Female,Loyal Customer,54,Personal Travel,Eco,453,2,4,2,3,2,5,4,5,5,2,2,4,5,5,6,0.0,neutral or dissatisfied
64067,Male,Loyal Customer,47,Business travel,Business,919,4,4,4,4,5,5,4,4,4,4,4,4,4,3,0,0.0,satisfied
112841,Female,Loyal Customer,43,Business travel,Business,1476,5,5,5,5,3,5,4,5,5,5,5,3,5,4,14,0.0,satisfied
64020,Male,Loyal Customer,41,Business travel,Business,1819,3,3,3,3,5,5,4,5,5,5,5,4,5,3,0,0.0,satisfied
85088,Male,Loyal Customer,53,Business travel,Business,689,4,4,4,4,4,5,4,5,5,5,5,3,5,4,0,0.0,satisfied
39164,Male,Loyal Customer,43,Business travel,Business,67,2,2,4,2,5,4,3,4,4,4,5,3,4,1,5,4.0,satisfied
45401,Female,Loyal Customer,44,Personal Travel,Business,649,4,5,4,1,5,5,4,3,3,4,1,5,3,5,16,18.0,neutral or dissatisfied
51944,Male,Loyal Customer,37,Business travel,Business,3513,2,2,2,2,5,3,2,4,4,4,4,1,4,5,0,0.0,satisfied
112628,Female,Loyal Customer,59,Business travel,Business,639,4,4,4,4,5,4,5,4,4,4,4,3,4,4,9,0.0,satisfied
124268,Male,Loyal Customer,27,Personal Travel,Business,255,4,4,4,3,5,4,5,5,5,5,4,5,4,5,0,0.0,neutral or dissatisfied
51725,Male,Loyal Customer,47,Personal Travel,Eco,355,4,5,4,1,3,4,3,3,3,2,5,5,4,3,0,0.0,neutral or dissatisfied
80899,Female,Loyal Customer,39,Business travel,Business,3743,0,0,0,2,2,5,5,5,5,5,2,4,5,3,0,0.0,satisfied
1308,Female,disloyal Customer,33,Business travel,Business,89,1,1,1,4,2,1,2,2,4,5,5,4,5,2,0,0.0,neutral or dissatisfied
3246,Male,disloyal Customer,39,Business travel,Business,425,2,2,2,5,5,2,5,5,4,5,5,5,5,5,4,0.0,neutral or dissatisfied
105574,Female,Loyal Customer,50,Business travel,Business,577,5,5,5,5,2,4,4,4,4,4,4,4,4,5,0,0.0,satisfied
94137,Male,Loyal Customer,49,Business travel,Business,187,0,4,0,4,5,5,4,1,1,1,1,5,1,3,33,27.0,satisfied
104430,Male,Loyal Customer,39,Business travel,Business,611,1,2,2,2,4,4,4,1,1,1,1,2,1,2,46,42.0,neutral or dissatisfied
87279,Female,disloyal Customer,22,Business travel,Eco,577,4,1,4,3,5,4,5,5,3,4,3,4,3,5,0,0.0,neutral or dissatisfied
21351,Male,Loyal Customer,68,Personal Travel,Eco,674,4,4,4,1,2,4,2,2,4,5,4,5,4,2,6,0.0,neutral or dissatisfied
35714,Male,Loyal Customer,61,Personal Travel,Eco,2475,3,5,3,5,3,2,5,3,4,4,4,5,5,5,12,0.0,neutral or dissatisfied
42005,Female,Loyal Customer,51,Business travel,Eco,116,4,1,1,1,4,5,3,4,4,4,4,5,4,3,0,0.0,satisfied
127238,Male,Loyal Customer,57,Business travel,Business,1460,4,4,4,4,3,4,5,5,5,5,5,3,5,4,21,22.0,satisfied
124608,Male,Loyal Customer,23,Business travel,Business,1671,1,1,1,1,5,5,5,5,5,4,5,3,4,5,0,5.0,satisfied
86973,Male,Loyal Customer,48,Business travel,Business,907,4,4,4,4,2,4,5,5,5,5,5,4,5,5,2,0.0,satisfied
54851,Female,Loyal Customer,54,Business travel,Business,2400,5,5,5,5,5,4,5,4,4,4,4,3,4,5,43,25.0,satisfied
17091,Male,Loyal Customer,36,Business travel,Business,1998,5,5,5,5,2,1,3,4,4,4,4,5,4,2,0,0.0,satisfied
95451,Male,Loyal Customer,44,Business travel,Business,239,3,3,4,3,5,5,5,5,5,5,5,3,5,5,1,0.0,satisfied
124290,Female,Loyal Customer,46,Business travel,Business,2096,3,3,3,3,2,5,4,5,5,5,5,5,5,4,0,0.0,satisfied
27908,Female,disloyal Customer,21,Business travel,Eco,1339,5,5,5,1,5,5,5,5,5,4,4,1,1,5,0,0.0,satisfied
85530,Female,Loyal Customer,22,Personal Travel,Business,259,1,1,0,3,5,0,5,5,2,5,2,2,3,5,0,0.0,neutral or dissatisfied
2329,Female,Loyal Customer,43,Personal Travel,Eco,691,3,4,4,1,4,5,5,2,2,4,2,3,2,4,0,6.0,neutral or dissatisfied
44162,Male,Loyal Customer,54,Business travel,Eco,229,5,3,3,3,5,5,5,5,5,4,2,2,5,5,5,0.0,satisfied
78483,Male,disloyal Customer,25,Business travel,Business,526,4,0,4,2,3,4,3,3,3,5,4,5,4,3,0,0.0,satisfied
37428,Female,Loyal Customer,35,Business travel,Business,950,5,5,5,5,5,3,1,5,5,5,5,5,5,5,0,0.0,satisfied
32378,Male,Loyal Customer,57,Business travel,Business,201,5,5,5,5,5,2,3,4,4,4,5,5,4,4,0,0.0,satisfied
33222,Female,Loyal Customer,74,Business travel,Eco Plus,101,5,5,5,5,2,5,2,5,5,5,5,2,5,2,0,0.0,satisfied
96226,Female,disloyal Customer,20,Business travel,Eco,460,1,3,1,3,5,1,2,5,2,4,3,3,3,5,47,37.0,neutral or dissatisfied
80218,Female,Loyal Customer,24,Business travel,Business,2153,4,4,4,4,4,4,4,4,5,5,5,3,4,4,28,0.0,satisfied
16396,Male,disloyal Customer,25,Business travel,Eco,463,2,3,2,4,4,2,4,4,2,5,4,1,4,4,43,41.0,neutral or dissatisfied
80913,Male,Loyal Customer,43,Business travel,Business,341,5,5,5,5,3,4,5,5,5,5,5,4,5,4,0,1.0,satisfied
75622,Female,disloyal Customer,37,Business travel,Business,337,3,4,4,1,3,4,1,3,3,5,5,3,5,3,0,0.0,neutral or dissatisfied
86809,Female,Loyal Customer,46,Business travel,Business,3653,5,5,3,5,3,4,5,3,3,3,3,3,3,3,0,0.0,satisfied
124316,Female,Loyal Customer,22,Personal Travel,Eco,255,4,4,4,5,5,4,5,5,4,2,5,5,5,5,8,6.0,satisfied
122332,Female,Loyal Customer,43,Personal Travel,Eco Plus,544,1,5,1,1,5,2,4,1,1,1,1,4,1,3,0,0.0,neutral or dissatisfied
88100,Female,Loyal Customer,56,Business travel,Business,3451,1,1,1,1,4,4,5,3,3,3,3,4,3,4,2,6.0,satisfied
94599,Male,Loyal Customer,54,Business travel,Business,3888,0,0,0,4,5,5,5,5,5,5,5,4,5,3,24,19.0,satisfied
128836,Female,Loyal Customer,37,Business travel,Business,2615,3,1,1,1,3,3,3,4,3,4,3,3,3,3,0,1.0,neutral or dissatisfied
89051,Female,Loyal Customer,57,Business travel,Business,1947,2,2,2,2,3,5,5,4,4,4,4,5,4,3,10,18.0,satisfied
118487,Female,disloyal Customer,23,Business travel,Eco,338,1,0,1,2,3,1,3,3,3,4,5,4,5,3,0,0.0,neutral or dissatisfied
121349,Male,Loyal Customer,26,Personal Travel,Eco,430,2,5,2,4,5,2,2,5,4,3,5,4,5,5,0,0.0,neutral or dissatisfied
68244,Female,Loyal Customer,42,Business travel,Eco,631,5,5,5,5,5,4,2,5,5,5,5,1,5,2,0,0.0,satisfied
72332,Female,Loyal Customer,28,Business travel,Business,985,2,2,2,2,4,4,4,4,5,4,4,4,5,4,0,0.0,satisfied
99846,Female,Loyal Customer,69,Personal Travel,Eco,587,3,4,3,4,4,5,4,3,3,3,3,3,3,4,6,0.0,neutral or dissatisfied
77480,Male,disloyal Customer,23,Business travel,Eco,1087,4,3,3,1,2,3,2,2,3,5,4,4,5,2,14,3.0,satisfied
85687,Female,Loyal Customer,51,Business travel,Business,1547,2,2,2,2,3,5,5,4,4,4,4,3,4,4,0,0.0,satisfied
52556,Male,disloyal Customer,26,Business travel,Eco,110,3,4,3,3,4,3,4,4,2,1,3,2,3,4,0,0.0,neutral or dissatisfied
91308,Female,Loyal Customer,51,Business travel,Eco Plus,515,3,1,1,1,3,2,2,3,3,3,3,4,3,3,0,0.0,neutral or dissatisfied
9850,Female,Loyal Customer,51,Business travel,Business,1713,3,3,4,3,4,4,4,5,5,4,5,4,5,3,112,129.0,satisfied
106547,Female,Loyal Customer,45,Business travel,Business,1674,3,3,4,3,5,5,4,4,4,4,4,5,4,4,0,0.0,satisfied
129287,Female,Loyal Customer,54,Business travel,Business,550,5,5,5,5,5,5,4,4,4,5,4,4,4,5,0,0.0,satisfied
97191,Male,Loyal Customer,65,Personal Travel,Eco,1390,2,2,3,2,5,3,5,5,1,3,1,4,3,5,15,7.0,neutral or dissatisfied
40413,Male,disloyal Customer,27,Business travel,Eco,188,2,0,2,3,4,2,4,4,4,2,4,2,2,4,0,0.0,neutral or dissatisfied
50066,Female,Loyal Customer,42,Business travel,Eco,421,2,4,4,4,3,3,4,2,2,2,2,2,2,1,0,0.0,neutral or dissatisfied
58775,Female,disloyal Customer,62,Business travel,Eco,1005,3,3,3,3,3,3,3,3,4,3,3,3,3,3,21,6.0,neutral or dissatisfied
8698,Male,Loyal Customer,37,Business travel,Eco,280,2,4,1,1,2,2,2,2,5,5,1,1,4,2,0,0.0,satisfied
79059,Female,Loyal Customer,33,Business travel,Business,356,5,5,5,5,4,5,5,4,4,4,4,5,4,3,0,1.0,satisfied
83638,Female,Loyal Customer,40,Business travel,Business,3061,1,1,1,1,3,5,5,2,2,3,2,4,2,3,0,22.0,satisfied
30736,Female,Loyal Customer,11,Personal Travel,Eco,1069,4,4,4,1,3,4,3,3,5,5,4,5,4,3,4,0.0,neutral or dissatisfied
11206,Male,Loyal Customer,39,Personal Travel,Eco,667,1,5,1,3,4,1,1,4,4,3,5,5,5,4,0,0.0,neutral or dissatisfied
113381,Male,Loyal Customer,41,Business travel,Business,1563,3,3,4,3,3,5,5,3,3,3,3,5,3,5,0,0.0,satisfied
59505,Female,disloyal Customer,57,Business travel,Business,964,4,4,4,2,3,4,3,3,5,3,5,3,4,3,22,7.0,satisfied
45101,Male,Loyal Customer,50,Business travel,Eco,157,5,2,4,2,5,5,5,5,2,3,4,2,2,5,0,0.0,satisfied
62991,Female,Loyal Customer,42,Business travel,Business,909,4,3,5,3,1,4,3,4,4,4,4,3,4,1,8,1.0,neutral or dissatisfied
97313,Male,Loyal Customer,39,Business travel,Business,2972,3,3,3,3,4,5,5,4,4,4,4,3,4,4,0,0.0,satisfied
61197,Male,Loyal Customer,54,Business travel,Business,862,4,4,4,4,3,4,4,2,2,2,2,4,2,5,0,0.0,satisfied
76843,Male,disloyal Customer,38,Business travel,Business,989,2,2,2,2,1,2,1,1,3,3,5,3,4,1,0,0.0,neutral or dissatisfied
75881,Male,Loyal Customer,36,Personal Travel,Eco,1972,3,1,3,3,3,3,3,3,4,4,2,2,3,3,10,0.0,neutral or dissatisfied
29130,Female,Loyal Customer,62,Personal Travel,Eco,956,2,4,2,1,4,5,5,2,2,2,2,3,2,3,0,0.0,neutral or dissatisfied
85926,Female,disloyal Customer,22,Business travel,Eco,528,4,5,4,3,5,4,5,5,5,3,5,4,4,5,0,0.0,neutral or dissatisfied
3455,Male,Loyal Customer,61,Business travel,Business,296,0,0,0,2,2,5,5,3,3,3,3,4,3,3,69,88.0,satisfied
50011,Female,Loyal Customer,34,Business travel,Business,3062,3,1,1,1,3,3,4,3,3,3,3,2,3,4,0,14.0,neutral or dissatisfied
19431,Male,Loyal Customer,46,Personal Travel,Eco,645,4,2,4,4,3,4,3,3,4,2,3,2,4,3,33,36.0,satisfied
41813,Female,disloyal Customer,25,Business travel,Eco,489,2,3,3,1,1,3,1,1,1,3,3,5,2,1,0,0.0,neutral or dissatisfied
108042,Female,Loyal Customer,57,Business travel,Business,1979,1,5,5,5,2,3,4,1,1,1,1,1,1,2,30,15.0,neutral or dissatisfied
127483,Male,disloyal Customer,20,Business travel,Eco,1190,4,4,4,2,5,4,5,5,3,1,4,1,3,5,6,4.0,satisfied
129537,Female,Loyal Customer,46,Business travel,Business,2583,2,3,2,2,5,4,4,5,5,5,5,5,5,3,0,0.0,satisfied
114147,Female,Loyal Customer,47,Business travel,Business,3586,1,1,1,1,3,5,4,5,5,5,5,3,5,5,1,0.0,satisfied
71536,Female,Loyal Customer,49,Business travel,Business,2080,1,1,1,1,2,5,5,4,4,5,4,4,4,5,0,0.0,satisfied
56566,Female,Loyal Customer,54,Business travel,Business,1871,5,5,5,5,5,4,5,4,4,4,4,4,4,4,0,5.0,satisfied
51812,Female,Loyal Customer,26,Personal Travel,Eco,370,3,5,3,1,5,3,5,5,4,3,5,3,4,5,0,0.0,neutral or dissatisfied
118058,Male,disloyal Customer,17,Business travel,Eco,1262,3,3,3,1,3,3,3,3,3,3,4,4,4,3,0,4.0,neutral or dissatisfied
67078,Male,Loyal Customer,52,Business travel,Business,3598,4,4,3,4,4,5,5,5,5,5,5,5,5,3,0,0.0,satisfied
100833,Male,Loyal Customer,12,Business travel,Business,711,2,2,2,2,2,2,2,2,1,2,3,4,4,2,9,0.0,neutral or dissatisfied
128768,Male,Loyal Customer,29,Personal Travel,Eco,550,3,2,3,4,2,3,2,2,4,1,4,3,4,2,0,0.0,neutral or dissatisfied
97090,Male,disloyal Customer,24,Business travel,Business,715,4,5,4,3,4,4,4,4,3,5,5,4,4,4,18,7.0,satisfied
104512,Male,disloyal Customer,18,Business travel,Eco,942,5,5,5,1,4,5,4,4,4,4,4,3,4,4,0,21.0,satisfied
57983,Male,Loyal Customer,50,Business travel,Business,3681,2,2,2,2,5,3,2,4,4,4,4,3,4,2,12,7.0,satisfied
8671,Male,Loyal Customer,21,Business travel,Business,280,2,2,2,2,4,4,4,4,4,2,5,4,4,4,0,0.0,satisfied
99805,Female,Loyal Customer,32,Personal Travel,Eco,584,3,5,3,5,3,3,3,3,5,2,4,3,5,3,75,67.0,neutral or dissatisfied
49824,Female,Loyal Customer,46,Business travel,Eco,421,4,5,5,5,1,4,2,4,4,4,4,4,4,1,42,41.0,satisfied
128387,Male,Loyal Customer,45,Business travel,Business,2345,4,4,4,4,5,4,4,4,4,4,4,5,4,4,3,4.0,satisfied
128732,Female,Loyal Customer,11,Personal Travel,Eco,1464,1,4,1,2,1,1,1,1,4,3,5,5,5,1,22,37.0,neutral or dissatisfied
77305,Male,Loyal Customer,43,Business travel,Business,2646,3,3,3,3,3,4,4,5,5,5,5,5,5,3,0,0.0,satisfied
119141,Male,Loyal Customer,19,Personal Travel,Eco,119,2,4,0,2,4,0,4,4,4,1,2,5,2,4,0,0.0,neutral or dissatisfied
37799,Male,Loyal Customer,58,Personal Travel,Eco Plus,989,0,5,0,3,4,0,4,4,4,5,4,3,4,4,0,0.0,satisfied
60509,Female,Loyal Customer,36,Personal Travel,Eco,862,2,4,2,5,4,2,4,4,4,4,4,4,5,4,0,2.0,neutral or dissatisfied
36300,Female,disloyal Customer,38,Business travel,Eco,395,2,0,2,5,3,2,3,3,1,2,5,4,4,3,0,0.0,neutral or dissatisfied
19305,Male,Loyal Customer,60,Personal Travel,Eco,299,3,4,3,1,1,3,1,1,4,3,4,3,5,1,0,12.0,neutral or dissatisfied
101824,Female,Loyal Customer,10,Personal Travel,Eco,1521,1,5,1,1,5,1,5,5,3,2,3,5,4,5,42,20.0,neutral or dissatisfied
21641,Female,Loyal Customer,52,Personal Travel,Eco,780,4,5,3,5,5,5,1,3,3,3,3,5,3,2,0,0.0,neutral or dissatisfied
90979,Male,Loyal Customer,52,Business travel,Eco,145,4,4,4,4,4,4,4,4,2,3,5,5,3,4,0,1.0,satisfied
39385,Male,disloyal Customer,22,Business travel,Eco,546,5,5,5,4,5,5,5,5,4,3,1,3,5,5,0,0.0,satisfied
93032,Male,Loyal Customer,33,Business travel,Business,2532,5,5,3,5,5,5,5,5,4,2,4,5,4,5,21,8.0,satisfied
98843,Female,Loyal Customer,47,Personal Travel,Eco Plus,763,1,5,0,5,4,5,4,2,2,0,2,3,2,4,0,0.0,neutral or dissatisfied
114342,Male,Loyal Customer,43,Personal Travel,Eco,948,3,3,3,4,3,3,4,3,1,2,4,2,4,3,11,5.0,neutral or dissatisfied
30550,Male,Loyal Customer,53,Personal Travel,Eco,1026,2,4,2,2,5,2,5,5,5,3,4,3,4,5,0,0.0,neutral or dissatisfied
86301,Female,Loyal Customer,28,Personal Travel,Eco,226,4,4,0,4,4,0,4,4,3,3,5,4,4,4,0,1.0,neutral or dissatisfied
74465,Male,Loyal Customer,43,Business travel,Business,1464,5,5,4,5,2,4,5,2,2,2,2,4,2,3,1,0.0,satisfied
48118,Male,Loyal Customer,39,Business travel,Eco,414,5,5,5,5,5,5,5,5,1,2,2,5,4,5,89,89.0,satisfied
18999,Female,Loyal Customer,47,Personal Travel,Business,788,2,4,2,3,2,5,5,4,4,2,4,3,4,3,5,17.0,neutral or dissatisfied
5387,Male,Loyal Customer,25,Personal Travel,Eco,812,2,3,2,3,5,2,5,5,4,2,3,2,3,5,0,0.0,neutral or dissatisfied
95792,Male,disloyal Customer,20,Business travel,Business,419,4,4,4,1,5,4,5,5,4,2,5,3,4,5,0,0.0,satisfied
92705,Male,Loyal Customer,32,Business travel,Business,2153,2,2,2,2,5,5,5,5,4,3,4,3,5,5,0,0.0,satisfied
102243,Female,Loyal Customer,75,Business travel,Eco,386,3,2,1,2,1,2,3,3,3,3,3,3,3,1,16,14.0,neutral or dissatisfied
46959,Male,Loyal Customer,60,Personal Travel,Eco,776,4,4,4,2,2,4,2,2,4,4,4,3,4,2,0,0.0,satisfied
87011,Male,Loyal Customer,19,Personal Travel,Eco,907,0,5,0,3,2,0,2,2,3,3,4,4,5,2,0,0.0,satisfied
29835,Female,Loyal Customer,73,Business travel,Business,261,2,2,2,2,3,2,5,3,3,4,3,1,3,4,3,1.0,satisfied
127338,Male,Loyal Customer,45,Business travel,Business,507,5,5,5,5,4,4,5,4,4,4,4,5,4,4,57,57.0,satisfied
36198,Female,Loyal Customer,56,Business travel,Eco,280,5,1,2,2,4,4,1,5,5,5,5,2,5,2,0,9.0,satisfied
23425,Male,disloyal Customer,27,Business travel,Eco,1201,1,1,1,3,2,1,2,2,4,3,5,5,5,2,82,56.0,neutral or dissatisfied
120647,Female,Loyal Customer,53,Business travel,Business,3463,2,2,2,2,3,5,5,5,5,5,5,4,5,5,0,0.0,satisfied
85337,Female,Loyal Customer,58,Business travel,Business,813,4,4,4,4,5,4,5,5,5,5,5,3,5,3,0,0.0,satisfied
62184,Female,Loyal Customer,13,Business travel,Business,2454,2,2,2,2,5,4,5,5,3,4,4,5,4,5,3,0.0,satisfied
6899,Female,disloyal Customer,20,Business travel,Eco,265,3,3,3,4,3,3,2,3,3,4,4,2,3,3,1,0.0,neutral or dissatisfied
97865,Female,Loyal Customer,64,Business travel,Business,2673,4,4,4,4,5,4,4,5,5,4,5,5,5,3,0,0.0,satisfied
41622,Female,Loyal Customer,8,Personal Travel,Eco Plus,1269,3,5,3,1,4,3,2,4,3,3,5,4,5,4,0,8.0,neutral or dissatisfied
54629,Female,Loyal Customer,42,Business travel,Eco,787,4,2,3,2,2,5,1,4,4,4,4,2,4,4,0,0.0,satisfied
104489,Female,Loyal Customer,23,Business travel,Eco,860,3,1,1,1,3,3,3,1,3,3,3,3,1,3,143,123.0,neutral or dissatisfied
4116,Male,disloyal Customer,24,Business travel,Eco,544,2,0,2,4,5,2,5,5,3,2,5,3,5,5,0,0.0,neutral or dissatisfied
114643,Female,Loyal Customer,50,Business travel,Business,2210,4,4,4,4,4,4,4,5,5,5,5,3,5,5,0,0.0,satisfied
1574,Female,Loyal Customer,32,Business travel,Business,3043,2,2,2,2,4,4,4,4,5,4,4,5,5,4,16,25.0,satisfied
126793,Female,Loyal Customer,46,Business travel,Business,2125,2,2,2,2,3,4,4,4,4,4,4,3,4,4,0,0.0,satisfied
14567,Male,Loyal Customer,36,Business travel,Business,986,2,2,2,2,3,2,4,4,4,4,4,5,4,2,18,0.0,satisfied
15958,Male,Loyal Customer,62,Personal Travel,Eco,528,3,4,3,3,3,3,3,3,1,1,5,1,5,3,0,0.0,neutral or dissatisfied
118888,Female,disloyal Customer,38,Business travel,Business,587,2,3,3,3,2,3,2,2,5,3,4,4,5,2,7,6.0,neutral or dissatisfied
109540,Male,Loyal Customer,11,Personal Travel,Eco,834,2,4,2,3,5,2,5,5,4,1,3,1,3,5,0,0.0,neutral or dissatisfied
58216,Female,Loyal Customer,69,Personal Travel,Eco,925,2,5,2,3,2,5,4,5,5,2,5,4,5,5,0,0.0,neutral or dissatisfied
78313,Female,Loyal Customer,11,Personal Travel,Eco Plus,1598,3,5,3,5,5,3,5,5,4,4,5,3,4,5,0,0.0,neutral or dissatisfied
63096,Female,disloyal Customer,48,Business travel,Business,967,4,4,4,3,3,4,3,3,3,4,4,4,5,3,0,0.0,satisfied
63375,Male,Loyal Customer,70,Personal Travel,Eco,372,4,2,4,2,2,4,2,2,3,4,1,3,2,2,7,0.0,neutral or dissatisfied
117378,Male,Loyal Customer,60,Business travel,Business,3459,5,5,4,5,4,4,4,1,1,2,1,3,1,3,2,0.0,satisfied
39244,Female,Loyal Customer,54,Business travel,Business,2236,2,2,3,2,5,2,5,5,5,5,3,2,5,1,0,3.0,satisfied
112576,Male,Loyal Customer,57,Business travel,Business,2397,2,3,2,2,3,5,5,2,2,2,2,3,2,4,0,0.0,satisfied
40404,Male,Loyal Customer,33,Personal Travel,Business,290,3,4,3,2,2,3,2,2,3,3,4,4,5,2,4,2.0,neutral or dissatisfied
108628,Male,disloyal Customer,20,Business travel,Eco,1547,1,1,1,4,5,1,5,5,3,1,3,2,3,5,5,6.0,neutral or dissatisfied
31306,Female,Loyal Customer,31,Business travel,Eco,680,4,3,3,3,4,4,4,4,1,5,4,2,3,4,0,0.0,satisfied
2312,Male,Loyal Customer,79,Business travel,Business,525,2,2,2,2,5,1,3,4,4,4,4,5,4,3,0,0.0,satisfied
77018,Female,Loyal Customer,52,Business travel,Business,2960,5,5,5,5,3,4,5,2,2,2,2,5,2,4,52,48.0,satisfied
32303,Male,Loyal Customer,42,Business travel,Business,2346,4,4,1,4,4,2,3,4,4,5,3,3,4,1,0,0.0,satisfied
18075,Female,Loyal Customer,69,Personal Travel,Eco,488,2,0,2,3,5,5,4,5,5,2,5,3,5,5,0,0.0,neutral or dissatisfied
75353,Female,Loyal Customer,54,Business travel,Business,2615,1,1,1,1,5,5,5,3,2,3,5,5,5,5,0,41.0,satisfied
128716,Female,Loyal Customer,49,Business travel,Business,1235,1,5,1,1,2,5,5,4,4,4,4,4,4,4,0,0.0,satisfied
98358,Female,Loyal Customer,51,Business travel,Business,1707,3,5,5,5,1,3,4,3,3,3,3,4,3,4,0,0.0,neutral or dissatisfied
7501,Female,Loyal Customer,23,Personal Travel,Eco Plus,925,4,4,4,3,4,4,5,4,5,5,5,5,4,4,0,9.0,neutral or dissatisfied
51089,Female,Loyal Customer,10,Personal Travel,Eco,262,4,2,4,3,1,4,1,1,4,3,3,1,4,1,0,3.0,neutral or dissatisfied
71262,Female,Loyal Customer,44,Personal Travel,Eco,733,3,3,3,2,2,3,4,1,1,3,1,4,1,1,0,0.0,neutral or dissatisfied
54074,Female,Loyal Customer,46,Business travel,Business,1416,1,4,4,4,3,2,2,1,1,1,1,3,1,4,0,0.0,neutral or dissatisfied
55692,Female,Loyal Customer,27,Business travel,Eco,927,2,1,4,1,2,2,2,2,2,4,3,1,3,2,27,26.0,neutral or dissatisfied
91535,Female,Loyal Customer,38,Business travel,Business,3469,2,2,3,2,3,5,5,4,4,4,4,3,4,5,0,2.0,satisfied
83409,Female,Loyal Customer,77,Business travel,Business,632,1,5,5,5,4,4,4,1,1,1,1,2,1,1,0,0.0,neutral or dissatisfied
52587,Female,Loyal Customer,60,Business travel,Eco,160,5,3,3,3,4,1,3,5,5,5,5,1,5,3,0,5.0,satisfied
96611,Male,Loyal Customer,49,Business travel,Business,2432,5,5,5,5,2,5,4,5,5,5,5,4,5,4,0,0.0,satisfied
83187,Male,Loyal Customer,51,Business travel,Business,1123,4,4,1,4,5,4,4,5,5,5,5,4,5,3,0,22.0,satisfied
24758,Male,Loyal Customer,51,Business travel,Business,2647,3,3,3,3,5,1,2,5,5,5,5,4,5,5,0,0.0,satisfied
28543,Male,Loyal Customer,42,Personal Travel,Eco,2640,1,5,1,3,1,1,1,1,5,3,4,3,4,1,0,0.0,neutral or dissatisfied
89988,Male,Loyal Customer,47,Business travel,Business,2927,1,1,1,1,3,4,4,5,5,5,5,5,5,5,0,0.0,satisfied
76563,Male,Loyal Customer,55,Business travel,Business,3774,4,4,4,4,3,4,4,4,4,4,4,3,4,3,0,13.0,satisfied
332,Male,Loyal Customer,44,Business travel,Eco,453,4,1,5,1,4,4,4,4,2,3,3,5,2,4,0,0.0,satisfied
103112,Female,Loyal Customer,44,Personal Travel,Eco,328,1,5,1,3,2,2,5,2,2,1,2,2,2,1,0,0.0,neutral or dissatisfied
64754,Female,disloyal Customer,29,Business travel,Business,190,5,4,4,3,1,4,1,1,4,5,4,3,4,1,5,0.0,satisfied
101332,Female,disloyal Customer,24,Business travel,Business,1771,0,0,0,5,3,0,3,3,3,4,4,4,5,3,0,0.0,satisfied
5821,Female,Loyal Customer,67,Personal Travel,Eco,157,1,2,1,4,3,4,4,4,4,1,4,4,4,2,0,0.0,neutral or dissatisfied
125458,Female,Loyal Customer,54,Business travel,Business,2917,4,4,4,4,4,5,5,5,5,5,5,4,5,5,0,0.0,satisfied
100230,Female,disloyal Customer,39,Business travel,Business,1165,2,3,3,3,5,3,5,5,4,3,4,4,4,5,12,9.0,neutral or dissatisfied
86053,Male,Loyal Customer,39,Personal Travel,Eco,432,2,4,2,4,2,4,4,5,5,5,4,4,3,4,174,178.0,neutral or dissatisfied
13484,Male,Loyal Customer,32,Personal Travel,Business,227,1,4,1,3,5,1,5,5,5,3,5,3,5,5,0,0.0,neutral or dissatisfied
111637,Female,Loyal Customer,52,Business travel,Business,1558,4,4,2,4,3,5,5,5,5,5,5,5,5,5,3,0.0,satisfied
126786,Female,Loyal Customer,43,Business travel,Business,2125,2,2,3,2,5,4,4,4,4,4,4,4,4,4,0,22.0,satisfied
117094,Male,Loyal Customer,48,Business travel,Eco,251,5,4,4,4,5,5,5,5,1,3,5,4,4,5,4,0.0,satisfied
34836,Female,Loyal Customer,36,Business travel,Eco Plus,209,4,2,2,2,4,3,4,4,2,3,4,1,4,4,30,30.0,neutral or dissatisfied
106224,Male,Loyal Customer,60,Business travel,Business,2588,5,5,5,5,3,4,4,4,4,4,4,3,4,4,7,0.0,satisfied
50818,Male,Loyal Customer,63,Personal Travel,Eco,134,4,3,4,2,5,4,4,5,5,2,3,4,5,5,0,0.0,satisfied
76152,Male,Loyal Customer,42,Business travel,Business,3868,3,3,3,3,3,4,5,4,4,4,4,3,4,4,0,0.0,satisfied
49037,Female,Loyal Customer,42,Business travel,Business,1544,2,2,2,2,4,3,3,5,5,5,5,3,5,3,0,0.0,satisfied
90376,Female,Loyal Customer,43,Business travel,Business,3099,2,2,2,2,2,5,4,3,3,4,3,4,3,5,0,13.0,satisfied
1944,Male,disloyal Customer,42,Business travel,Eco,383,3,2,3,3,5,3,5,5,2,3,4,1,3,5,0,0.0,neutral or dissatisfied
14379,Male,Loyal Customer,58,Business travel,Eco,900,4,4,4,4,5,4,5,5,1,3,3,4,2,5,0,0.0,satisfied
22583,Female,disloyal Customer,24,Business travel,Eco,223,3,1,3,4,5,3,5,5,3,4,4,3,4,5,1,7.0,neutral or dissatisfied
96727,Male,Loyal Customer,35,Personal Travel,Eco,696,4,1,3,2,1,3,1,1,4,1,2,4,3,1,18,2.0,neutral or dissatisfied
63024,Female,Loyal Customer,60,Business travel,Business,1952,4,4,4,4,4,4,5,4,4,4,4,5,4,5,0,0.0,satisfied
49811,Male,Loyal Customer,42,Business travel,Eco,78,2,1,1,1,2,2,2,2,2,3,4,3,3,2,38,33.0,neutral or dissatisfied
90605,Male,disloyal Customer,21,Business travel,Business,404,4,0,4,2,1,4,1,1,3,3,5,5,4,1,0,0.0,satisfied
79803,Male,disloyal Customer,22,Business travel,Business,950,5,0,5,1,1,5,1,1,3,2,5,4,5,1,6,40.0,satisfied
55488,Male,Loyal Customer,29,Business travel,Business,1739,1,1,4,1,5,5,5,5,4,3,5,5,5,5,6,0.0,satisfied
63149,Male,Loyal Customer,51,Business travel,Business,337,1,1,1,1,2,4,4,4,4,4,4,5,4,3,0,0.0,satisfied
46213,Female,Loyal Customer,40,Business travel,Eco,594,5,4,4,4,5,5,5,5,1,4,1,5,5,5,0,0.0,satisfied
42323,Male,Loyal Customer,67,Personal Travel,Eco,550,1,1,1,2,4,1,4,4,3,4,1,2,3,4,0,0.0,neutral or dissatisfied
7525,Male,Loyal Customer,42,Business travel,Business,2455,2,2,2,2,3,5,4,5,5,5,5,5,5,4,0,0.0,satisfied
6680,Male,disloyal Customer,19,Business travel,Eco,258,0,5,1,1,4,1,1,4,4,5,5,3,4,4,0,0.0,satisfied
85496,Male,Loyal Customer,39,Personal Travel,Eco,332,4,3,4,3,2,4,2,2,3,1,3,3,4,2,30,19.0,neutral or dissatisfied
29850,Male,Loyal Customer,33,Business travel,Business,3417,3,3,3,3,5,5,5,5,4,3,3,4,2,5,0,0.0,satisfied
104342,Male,Loyal Customer,34,Personal Travel,Eco,409,3,5,3,2,1,3,1,1,5,5,5,4,4,1,0,0.0,neutral or dissatisfied
506,Male,Loyal Customer,50,Business travel,Business,3003,0,0,0,2,5,5,5,3,3,3,3,3,3,4,0,0.0,satisfied
80184,Male,Loyal Customer,43,Personal Travel,Eco,2475,3,5,3,3,3,1,1,5,4,3,5,1,5,1,62,125.0,neutral or dissatisfied
18790,Male,Loyal Customer,40,Business travel,Eco,551,5,4,3,3,5,5,5,5,4,2,3,5,2,5,0,0.0,satisfied
54048,Male,Loyal Customer,24,Business travel,Business,1416,3,3,3,3,4,4,4,4,5,4,2,5,3,4,0,0.0,satisfied
28670,Male,Loyal Customer,31,Business travel,Eco Plus,2355,3,3,3,3,3,3,3,3,4,4,3,3,3,3,0,0.0,neutral or dissatisfied
6306,Male,Loyal Customer,69,Personal Travel,Business,296,4,5,4,2,4,5,5,5,5,4,5,4,5,4,6,0.0,neutral or dissatisfied
38659,Male,Loyal Customer,56,Business travel,Business,2611,4,4,4,4,5,1,1,4,4,4,4,1,4,4,0,6.0,neutral or dissatisfied
67168,Female,Loyal Customer,21,Personal Travel,Eco,1102,1,2,1,3,3,1,4,3,4,1,3,1,4,3,2,0.0,neutral or dissatisfied
33204,Female,Loyal Customer,31,Business travel,Eco Plus,101,4,2,5,2,4,4,4,4,3,3,1,2,1,4,0,0.0,satisfied
15826,Male,Loyal Customer,41,Business travel,Business,2030,1,1,1,1,3,4,3,4,4,4,1,3,4,2,0,0.0,neutral or dissatisfied
42165,Female,Loyal Customer,25,Business travel,Business,834,5,5,5,5,4,5,4,4,2,2,5,4,2,4,0,0.0,satisfied
58780,Male,Loyal Customer,37,Business travel,Eco,1005,4,3,3,3,4,4,4,4,4,4,4,3,3,4,17,10.0,neutral or dissatisfied
63992,Female,Loyal Customer,58,Business travel,Business,612,4,4,4,4,3,5,5,4,4,4,4,5,4,4,5,14.0,satisfied
50588,Male,Loyal Customer,63,Personal Travel,Eco,337,3,5,3,2,2,3,2,2,5,2,5,3,4,2,0,0.0,neutral or dissatisfied
34472,Male,Loyal Customer,38,Business travel,Business,1713,4,4,4,4,2,3,1,4,4,4,4,1,4,5,43,44.0,satisfied
16945,Male,Loyal Customer,14,Personal Travel,Eco,820,2,1,2,4,4,2,4,4,4,1,4,2,4,4,0,0.0,neutral or dissatisfied
71797,Female,Loyal Customer,49,Business travel,Business,1744,5,5,5,5,5,4,4,4,4,4,4,3,4,5,0,0.0,satisfied
44796,Male,Loyal Customer,46,Personal Travel,Eco Plus,1250,4,5,4,3,4,4,4,4,3,3,4,4,4,4,0,12.0,neutral or dissatisfied
119001,Female,Loyal Customer,51,Business travel,Business,3475,3,5,3,3,2,5,4,4,4,4,4,4,4,3,0,0.0,satisfied
38777,Male,disloyal Customer,22,Business travel,Business,354,4,2,4,3,4,4,4,4,1,4,4,3,4,4,0,26.0,neutral or dissatisfied
40799,Female,Loyal Customer,39,Business travel,Business,1926,3,2,2,2,2,3,3,3,3,3,3,1,3,2,0,2.0,neutral or dissatisfied
95857,Male,Loyal Customer,29,Business travel,Business,2087,4,3,3,3,4,4,4,4,1,5,4,1,4,4,5,0.0,neutral or dissatisfied
126759,Male,Loyal Customer,24,Personal Travel,Eco,2521,3,5,3,4,5,3,5,5,5,1,5,2,1,5,8,6.0,neutral or dissatisfied
89934,Female,Loyal Customer,60,Personal Travel,Eco,1306,4,5,4,4,4,5,4,1,1,4,1,5,1,4,0,0.0,satisfied
61570,Male,disloyal Customer,24,Business travel,Eco,1117,2,2,2,5,2,2,2,2,4,3,5,5,5,2,2,0.0,neutral or dissatisfied
62383,Male,Loyal Customer,60,Business travel,Business,2704,3,3,3,3,3,3,4,4,4,4,4,5,4,5,0,0.0,satisfied
111360,Female,Loyal Customer,47,Business travel,Business,1111,4,4,2,4,3,5,5,4,4,4,4,3,4,4,21,15.0,satisfied
122748,Male,Loyal Customer,37,Business travel,Business,251,1,1,2,1,4,1,3,5,5,5,5,3,5,3,0,0.0,satisfied
20968,Female,Loyal Customer,43,Business travel,Business,2882,0,0,0,2,2,1,3,5,5,3,3,3,5,4,6,0.0,satisfied
117427,Male,Loyal Customer,11,Personal Travel,Eco,1460,4,2,5,3,4,5,1,4,1,2,1,4,3,4,1,0.0,neutral or dissatisfied
98058,Female,disloyal Customer,42,Business travel,Business,1310,5,0,0,4,4,5,3,4,5,3,5,3,4,4,101,82.0,satisfied
90516,Male,Loyal Customer,18,Business travel,Business,545,4,4,4,4,4,4,4,4,5,3,5,3,4,4,0,0.0,satisfied
121966,Male,Loyal Customer,46,Business travel,Business,130,2,2,3,2,3,4,4,2,2,2,2,3,2,2,35,37.0,neutral or dissatisfied
122413,Male,disloyal Customer,21,Business travel,Business,1916,1,3,1,4,2,1,1,2,3,3,4,4,3,2,0,9.0,neutral or dissatisfied
43609,Female,Loyal Customer,53,Business travel,Business,2381,1,4,4,4,5,3,2,3,3,3,1,1,3,3,0,0.0,neutral or dissatisfied
73489,Male,Loyal Customer,50,Personal Travel,Eco,1120,0,5,0,1,2,0,2,2,3,3,1,3,3,2,1,0.0,satisfied
75611,Male,Loyal Customer,61,Personal Travel,Eco,337,2,5,2,3,5,2,1,5,4,5,4,5,5,5,0,0.0,neutral or dissatisfied
88742,Female,Loyal Customer,40,Personal Travel,Eco,594,1,4,1,1,2,1,2,2,5,3,3,1,4,2,0,14.0,neutral or dissatisfied
122024,Female,Loyal Customer,59,Business travel,Business,3635,3,3,5,3,3,4,4,5,5,5,4,4,5,4,4,0.0,satisfied
29051,Female,Loyal Customer,64,Personal Travel,Eco,954,2,1,2,4,4,4,3,2,2,2,1,3,2,1,0,0.0,neutral or dissatisfied
60,Male,Loyal Customer,57,Business travel,Business,3392,1,1,1,1,5,5,5,4,4,4,5,3,4,5,19,34.0,satisfied
119065,Female,Loyal Customer,52,Business travel,Business,1719,4,4,4,4,3,5,5,5,5,5,5,5,5,5,0,0.0,satisfied
50391,Male,disloyal Customer,29,Business travel,Eco,373,1,5,1,4,5,1,5,5,3,5,2,4,2,5,0,0.0,neutral or dissatisfied
7517,Male,Loyal Customer,48,Business travel,Business,762,3,3,3,3,2,4,4,4,4,4,4,3,4,4,0,0.0,satisfied
72395,Female,Loyal Customer,23,Business travel,Business,3612,1,1,1,1,5,5,5,5,5,4,4,4,5,5,0,0.0,satisfied
73552,Male,Loyal Customer,71,Business travel,Eco Plus,594,2,5,5,5,2,2,2,2,3,5,4,2,4,2,41,35.0,neutral or dissatisfied
23472,Female,Loyal Customer,12,Personal Travel,Eco,516,5,4,5,3,2,5,2,2,3,2,4,2,5,2,9,24.0,satisfied
122070,Female,Loyal Customer,31,Business travel,Eco,130,5,1,1,1,5,5,5,5,2,5,1,3,2,5,1,0.0,satisfied
92825,Female,Loyal Customer,57,Business travel,Business,1541,4,4,4,4,2,5,4,5,5,5,5,3,5,4,0,0.0,satisfied
72030,Female,disloyal Customer,22,Business travel,Eco,3784,2,1,1,3,2,4,4,3,3,4,4,4,4,4,0,0.0,neutral or dissatisfied
75606,Male,Loyal Customer,57,Personal Travel,Eco,337,3,2,3,2,2,3,2,2,3,4,2,2,3,2,13,5.0,neutral or dissatisfied
96377,Female,Loyal Customer,33,Business travel,Business,2851,4,4,4,4,5,5,5,3,3,3,3,4,3,3,33,36.0,satisfied
89680,Male,Loyal Customer,38,Business travel,Eco,550,4,4,4,4,4,5,4,4,3,5,1,3,4,4,0,15.0,satisfied
52466,Female,Loyal Customer,25,Business travel,Eco Plus,237,5,2,2,2,5,5,3,5,2,2,1,4,1,5,1,0.0,satisfied
98011,Female,disloyal Customer,26,Business travel,Business,1014,4,4,4,4,1,4,1,1,3,5,5,3,4,1,9,19.0,satisfied
23526,Female,Loyal Customer,54,Business travel,Eco Plus,349,3,4,4,4,3,3,3,1,1,2,3,3,4,3,144,151.0,neutral or dissatisfied
83926,Male,Loyal Customer,54,Business travel,Business,1735,1,1,1,1,5,4,4,4,4,4,4,5,4,3,13,1.0,satisfied
25295,Male,Loyal Customer,46,Business travel,Eco Plus,321,5,5,5,5,5,5,5,5,2,4,2,2,5,5,0,0.0,satisfied
15319,Female,disloyal Customer,24,Business travel,Eco,589,1,3,1,1,4,1,4,4,4,1,4,5,4,4,5,18.0,neutral or dissatisfied
36361,Male,disloyal Customer,29,Business travel,Eco,200,4,5,4,2,1,4,1,1,3,1,5,4,5,1,0,0.0,neutral or dissatisfied
76386,Female,Loyal Customer,45,Business travel,Business,2240,3,4,4,4,1,2,3,3,3,3,3,1,3,4,0,0.0,neutral or dissatisfied
1007,Male,Loyal Customer,36,Business travel,Business,3881,3,5,3,3,1,2,2,5,5,5,5,4,5,4,0,0.0,satisfied
43937,Male,Loyal Customer,17,Business travel,Eco Plus,255,3,3,3,3,3,3,2,3,4,2,3,3,3,3,96,82.0,neutral or dissatisfied
68187,Male,Loyal Customer,22,Personal Travel,Eco,597,2,0,2,1,2,1,1,3,4,5,4,1,5,1,151,190.0,neutral or dissatisfied
102197,Male,disloyal Customer,21,Business travel,Business,226,5,3,5,3,2,5,2,2,3,5,5,5,5,2,0,0.0,satisfied
21000,Female,disloyal Customer,7,Business travel,Eco,721,2,2,2,4,4,2,4,4,1,1,4,3,4,4,3,7.0,neutral or dissatisfied
110109,Female,Loyal Customer,48,Business travel,Business,2098,5,5,3,5,3,5,4,4,4,4,4,4,4,4,14,17.0,satisfied
13740,Female,disloyal Customer,37,Business travel,Eco,401,2,1,2,4,5,2,3,5,2,3,3,4,3,5,0,0.0,neutral or dissatisfied
51002,Female,Loyal Customer,7,Personal Travel,Eco,153,3,3,3,4,3,3,3,3,2,4,3,1,3,3,1,0.0,neutral or dissatisfied
66399,Male,Loyal Customer,52,Business travel,Business,1562,2,2,4,2,4,4,5,5,5,5,5,3,5,5,66,66.0,satisfied
17396,Male,Loyal Customer,49,Business travel,Business,3702,2,2,4,2,5,4,3,4,4,4,4,3,4,2,0,0.0,satisfied
89966,Male,Loyal Customer,58,Personal Travel,Eco,1501,3,3,3,4,5,3,5,5,5,4,5,5,4,5,0,0.0,neutral or dissatisfied
26504,Female,Loyal Customer,45,Business travel,Business,2741,2,2,2,2,5,5,1,4,4,4,4,5,4,1,0,0.0,satisfied
124402,Female,Loyal Customer,63,Business travel,Business,1671,4,4,4,4,5,4,5,5,5,5,5,4,5,5,0,0.0,satisfied
59546,Male,Loyal Customer,40,Business travel,Business,3531,4,4,4,4,2,5,4,5,5,5,5,4,5,3,0,0.0,satisfied
117530,Female,Loyal Customer,15,Personal Travel,Business,872,4,2,4,3,4,4,4,4,3,5,4,1,4,4,21,17.0,neutral or dissatisfied
101971,Female,Loyal Customer,23,Business travel,Business,228,3,2,2,2,3,3,3,3,3,1,3,2,4,3,0,0.0,neutral or dissatisfied
45754,Male,Loyal Customer,41,Business travel,Eco,391,4,5,5,5,4,4,4,4,1,1,3,1,5,4,9,0.0,satisfied
90082,Female,Loyal Customer,32,Business travel,Business,3792,4,4,4,4,3,4,3,3,4,5,4,5,5,3,0,0.0,satisfied
42660,Female,disloyal Customer,22,Business travel,Eco,557,2,0,2,1,4,2,4,4,1,3,3,3,5,4,0,0.0,neutral or dissatisfied
64283,Male,Loyal Customer,55,Business travel,Business,2597,2,2,5,2,4,5,4,5,5,5,5,3,5,3,0,0.0,satisfied
120022,Male,Loyal Customer,46,Personal Travel,Eco,511,3,4,3,5,1,3,1,1,5,4,5,4,5,1,0,10.0,neutral or dissatisfied
74206,Male,Loyal Customer,38,Business travel,Eco Plus,721,4,2,2,2,4,4,4,4,4,2,2,1,1,4,0,0.0,neutral or dissatisfied
16770,Female,Loyal Customer,46,Business travel,Business,2579,5,2,2,2,1,2,3,5,5,4,5,2,5,4,0,3.0,neutral or dissatisfied
34963,Female,Loyal Customer,48,Business travel,Eco Plus,395,5,1,1,1,2,4,2,5,5,5,5,5,5,5,0,8.0,satisfied
64143,Male,Loyal Customer,57,Business travel,Business,3550,1,1,1,1,2,4,4,4,4,4,4,3,4,5,0,0.0,satisfied
83445,Female,Loyal Customer,59,Business travel,Business,2026,2,4,2,2,4,4,4,4,4,4,4,3,4,3,0,0.0,satisfied
51408,Female,Loyal Customer,10,Personal Travel,Eco Plus,363,4,5,3,5,3,3,3,3,3,3,4,3,4,3,69,79.0,neutral or dissatisfied
18683,Male,Loyal Customer,60,Personal Travel,Eco,305,4,3,4,4,1,4,1,1,4,1,3,3,3,1,0,0.0,neutral or dissatisfied
67066,Female,Loyal Customer,52,Business travel,Business,1942,3,3,5,3,4,5,4,5,5,5,5,4,5,3,0,0.0,satisfied
59160,Female,Loyal Customer,36,Business travel,Eco Plus,1726,2,5,5,5,2,2,2,2,4,2,4,1,4,2,18,1.0,neutral or dissatisfied
117223,Male,Loyal Customer,69,Personal Travel,Eco,304,2,4,2,1,5,2,1,5,5,4,5,3,4,5,0,5.0,neutral or dissatisfied
116718,Male,disloyal Customer,27,Business travel,Eco Plus,337,2,2,2,3,3,2,3,3,3,5,4,3,4,3,28,21.0,neutral or dissatisfied
35788,Male,Loyal Customer,23,Personal Travel,Eco,200,4,3,4,2,5,4,4,5,1,2,3,1,1,5,0,0.0,neutral or dissatisfied
126166,Male,disloyal Customer,52,Business travel,Eco,631,3,2,3,3,2,3,5,2,1,1,3,3,3,2,0,0.0,neutral or dissatisfied
95127,Male,Loyal Customer,13,Personal Travel,Eco,677,2,4,2,3,3,2,3,3,1,4,4,2,1,3,0,0.0,neutral or dissatisfied
98263,Male,Loyal Customer,40,Business travel,Eco,1136,3,4,4,4,3,3,3,3,4,5,3,2,4,3,0,1.0,neutral or dissatisfied
101703,Male,Loyal Customer,54,Business travel,Business,1624,3,3,3,3,5,3,4,3,3,3,3,5,3,5,0,0.0,satisfied
9065,Male,disloyal Customer,22,Business travel,Eco,173,4,1,3,4,2,3,2,2,3,3,3,3,3,2,4,0.0,neutral or dissatisfied
26131,Female,Loyal Customer,53,Business travel,Business,404,4,4,4,4,5,5,2,4,4,4,4,2,4,4,0,0.0,satisfied
53106,Female,Loyal Customer,49,Business travel,Business,212,2,2,2,2,5,4,4,5,5,5,3,2,5,4,0,0.0,satisfied
55676,Female,Loyal Customer,53,Business travel,Business,2833,4,4,4,4,3,4,4,4,4,4,4,4,4,5,13,1.0,satisfied
116935,Female,Loyal Customer,57,Business travel,Business,3727,5,5,5,5,2,5,5,5,5,5,5,5,5,3,10,6.0,satisfied
3777,Male,Loyal Customer,53,Business travel,Business,1727,1,1,1,1,2,4,4,5,5,5,5,5,5,4,0,1.0,satisfied
1233,Female,Loyal Customer,56,Personal Travel,Eco,354,2,4,4,2,3,4,5,1,1,4,1,5,1,4,35,35.0,neutral or dissatisfied
58467,Female,Loyal Customer,42,Business travel,Business,2796,3,3,3,3,5,5,5,4,4,4,4,4,4,3,3,37.0,satisfied
19312,Female,Loyal Customer,42,Personal Travel,Business,743,3,5,3,4,5,4,4,2,2,3,2,4,2,5,0,0.0,neutral or dissatisfied
123955,Male,Loyal Customer,37,Personal Travel,Eco Plus,541,2,5,2,2,3,2,3,3,3,5,5,3,5,3,0,0.0,neutral or dissatisfied
97012,Female,Loyal Customer,16,Personal Travel,Eco,359,2,5,2,5,2,2,3,2,5,4,4,5,4,2,70,67.0,neutral or dissatisfied
125482,Female,Loyal Customer,26,Personal Travel,Eco,2860,4,4,4,3,1,4,1,1,3,5,4,5,5,1,16,0.0,satisfied
10699,Male,disloyal Customer,38,Business travel,Business,216,1,1,1,1,4,1,4,4,4,4,5,3,4,4,0,6.0,neutral or dissatisfied
51043,Female,Loyal Customer,32,Personal Travel,Eco,373,1,1,4,3,5,4,5,5,1,4,3,4,3,5,0,0.0,neutral or dissatisfied
96541,Female,Loyal Customer,9,Personal Travel,Eco,436,3,2,3,3,1,3,1,1,3,1,3,1,3,1,0,0.0,neutral or dissatisfied
27876,Female,disloyal Customer,23,Business travel,Eco,1498,3,3,3,3,3,3,3,3,5,2,1,5,3,3,0,0.0,neutral or dissatisfied
24073,Female,Loyal Customer,37,Business travel,Business,2075,4,4,2,4,4,5,4,3,3,3,3,1,3,4,0,0.0,satisfied
8731,Male,Loyal Customer,20,Personal Travel,Eco,227,2,5,2,3,2,2,3,2,4,3,5,5,4,2,0,0.0,neutral or dissatisfied
50781,Female,Loyal Customer,32,Personal Travel,Eco,199,1,5,1,4,4,1,4,4,3,1,4,3,3,4,0,0.0,neutral or dissatisfied
118027,Male,Loyal Customer,52,Business travel,Business,3135,2,3,2,2,5,4,4,5,5,5,5,5,5,5,0,0.0,satisfied
66315,Male,Loyal Customer,49,Business travel,Eco,852,2,3,3,3,3,2,3,3,2,3,1,2,1,3,0,0.0,satisfied
79223,Male,disloyal Customer,22,Business travel,Eco,724,3,3,3,3,3,3,3,3,3,3,4,4,4,3,0,0.0,neutral or dissatisfied
64992,Male,disloyal Customer,26,Business travel,Eco,247,4,0,4,1,3,4,3,3,4,1,2,3,5,3,0,0.0,neutral or dissatisfied
121622,Female,Loyal Customer,31,Personal Travel,Eco,912,1,4,1,1,1,1,3,1,3,5,5,5,5,1,0,13.0,neutral or dissatisfied
129683,Male,Loyal Customer,43,Business travel,Business,308,3,3,3,3,5,5,4,4,4,4,4,3,4,3,0,0.0,satisfied
66676,Male,Loyal Customer,50,Business travel,Business,1518,3,3,4,3,4,5,4,4,4,4,4,5,4,5,24,19.0,satisfied
80031,Female,Loyal Customer,23,Personal Travel,Eco,950,2,3,2,3,5,2,5,5,4,3,3,3,5,5,0,0.0,neutral or dissatisfied
9226,Male,Loyal Customer,27,Business travel,Business,2467,1,4,4,4,3,3,1,3,3,2,2,4,2,3,32,25.0,neutral or dissatisfied
103938,Male,Loyal Customer,60,Business travel,Business,533,5,5,5,5,5,4,4,2,2,2,2,5,2,3,0,0.0,satisfied
58049,Male,Loyal Customer,39,Business travel,Business,589,2,2,2,2,5,5,5,2,2,3,2,3,2,5,3,1.0,satisfied
50702,Male,Loyal Customer,22,Personal Travel,Eco,209,4,3,0,2,2,0,2,2,3,2,2,2,2,2,0,0.0,neutral or dissatisfied
58146,Female,Loyal Customer,48,Personal Travel,Business,925,1,3,1,3,1,2,2,3,5,2,2,2,4,2,306,299.0,neutral or dissatisfied
40539,Male,disloyal Customer,39,Business travel,Eco,517,2,3,2,1,1,2,1,1,3,2,4,4,3,1,66,69.0,neutral or dissatisfied
88710,Female,Loyal Customer,14,Personal Travel,Eco,581,1,4,1,4,1,1,1,1,5,5,4,5,5,1,0,20.0,neutral or dissatisfied
60442,Female,Loyal Customer,45,Business travel,Business,985,3,3,3,3,5,5,5,5,5,5,5,5,5,5,0,0.0,satisfied
99535,Female,disloyal Customer,24,Business travel,Eco,808,5,5,5,4,2,5,5,2,4,4,5,3,4,2,13,18.0,satisfied
42427,Female,Loyal Customer,54,Personal Travel,Eco Plus,451,3,4,2,4,3,5,5,1,1,2,1,5,1,5,0,0.0,neutral or dissatisfied
46643,Female,Loyal Customer,65,Business travel,Eco,125,2,1,1,1,1,3,3,2,2,2,2,4,2,4,16,6.0,neutral or dissatisfied
36252,Male,disloyal Customer,40,Business travel,Eco,612,2,4,2,1,5,2,5,5,1,3,5,2,3,5,1,6.0,neutral or dissatisfied
47003,Male,Loyal Customer,38,Personal Travel,Eco Plus,776,2,4,2,2,1,2,3,1,3,3,5,3,5,1,12,34.0,neutral or dissatisfied
81246,Male,disloyal Customer,43,Business travel,Eco,530,2,3,2,2,1,2,1,1,1,3,5,5,4,1,0,0.0,neutral or dissatisfied
53012,Female,Loyal Customer,30,Business travel,Business,2020,1,1,1,1,5,5,5,5,3,5,2,3,5,5,0,24.0,satisfied
72193,Female,Loyal Customer,20,Personal Travel,Eco,594,0,2,0,3,1,2,1,1,2,3,4,1,4,1,0,3.0,satisfied
84453,Female,Loyal Customer,52,Business travel,Business,290,4,4,4,4,4,4,4,5,5,5,5,3,5,4,0,0.0,satisfied
113506,Male,Loyal Customer,29,Business travel,Business,3887,3,5,5,5,3,3,3,3,3,4,3,1,4,3,38,32.0,neutral or dissatisfied
119541,Male,Loyal Customer,27,Personal Travel,Eco,759,4,5,4,4,5,4,5,5,4,5,5,3,4,5,40,47.0,neutral or dissatisfied
57745,Female,Loyal Customer,13,Personal Travel,Business,2704,4,3,4,4,2,4,2,2,5,1,5,1,1,2,0,0.0,neutral or dissatisfied
62229,Male,Loyal Customer,59,Personal Travel,Eco,2565,1,4,2,3,2,2,2,2,5,3,4,5,4,2,0,0.0,neutral or dissatisfied
54179,Female,Loyal Customer,41,Business travel,Eco,1000,5,5,5,5,5,5,5,5,1,4,4,4,2,5,12,27.0,satisfied
42460,Male,Loyal Customer,34,Personal Travel,Eco,926,1,4,1,5,2,1,2,2,5,2,5,5,4,2,25,0.0,neutral or dissatisfied
125805,Male,Loyal Customer,40,Business travel,Business,920,2,2,2,2,2,5,4,4,4,4,4,4,4,4,0,0.0,satisfied
48536,Male,Loyal Customer,57,Business travel,Business,433,5,5,5,5,3,4,3,5,5,5,5,1,5,5,7,23.0,satisfied
49765,Male,Loyal Customer,49,Business travel,Eco,109,2,1,1,1,2,2,2,2,4,3,3,1,4,2,0,0.0,satisfied
86993,Male,Loyal Customer,63,Personal Travel,Eco,907,1,3,1,2,3,1,3,3,2,5,2,4,3,3,8,2.0,neutral or dissatisfied
25353,Female,Loyal Customer,26,Business travel,Business,591,1,1,1,1,5,5,5,5,4,4,5,5,4,5,0,0.0,satisfied
84943,Female,Loyal Customer,29,Business travel,Business,547,5,5,5,5,5,5,5,5,3,2,5,4,5,5,0,0.0,satisfied
69983,Male,disloyal Customer,26,Business travel,Business,236,3,2,3,3,5,3,5,5,1,4,3,4,4,5,0,0.0,neutral or dissatisfied
71348,Female,Loyal Customer,28,Personal Travel,Eco,1514,1,4,1,2,1,1,1,1,4,2,5,3,4,1,0,0.0,neutral or dissatisfied
95237,Female,Loyal Customer,59,Personal Travel,Eco,239,3,5,3,2,4,4,5,3,3,3,3,3,3,3,26,21.0,neutral or dissatisfied
79082,Male,Loyal Customer,59,Personal Travel,Eco,226,4,1,4,3,3,4,3,3,3,4,3,2,4,3,46,38.0,satisfied
24203,Female,Loyal Customer,48,Business travel,Business,147,1,1,1,1,3,3,3,2,2,2,1,4,2,1,2,7.0,neutral or dissatisfied
76469,Female,disloyal Customer,26,Business travel,Business,534,2,4,1,5,4,1,4,4,3,2,4,3,4,4,0,1.0,neutral or dissatisfied
85721,Female,Loyal Customer,36,Business travel,Business,666,3,3,3,3,3,5,4,4,4,4,4,3,4,3,0,0.0,satisfied
18635,Male,Loyal Customer,49,Personal Travel,Eco,190,2,1,2,3,2,2,5,2,3,5,4,4,3,2,0,0.0,neutral or dissatisfied
67358,Male,Loyal Customer,26,Business travel,Business,3766,5,5,5,5,5,5,5,5,5,2,5,4,4,5,0,0.0,satisfied
44089,Male,Loyal Customer,51,Business travel,Business,3834,3,3,3,3,3,5,4,5,5,4,5,5,5,3,0,0.0,satisfied
78179,Male,disloyal Customer,44,Business travel,Business,192,1,1,1,1,5,1,5,5,5,5,4,4,5,5,0,0.0,neutral or dissatisfied
31386,Male,Loyal Customer,46,Business travel,Business,1981,3,3,3,3,2,2,2,5,5,5,5,3,5,1,0,0.0,satisfied
65479,Female,disloyal Customer,54,Business travel,Business,1303,5,5,5,1,2,5,5,2,3,4,5,4,5,2,0,0.0,satisfied
70018,Male,Loyal Customer,49,Business travel,Business,2732,4,4,2,4,4,4,4,4,4,4,4,4,4,5,0,0.0,satisfied
99789,Female,Loyal Customer,46,Business travel,Business,3783,3,3,3,3,5,5,4,4,4,4,4,3,4,5,0,4.0,satisfied
55351,Female,Loyal Customer,59,Business travel,Business,413,5,5,4,5,5,5,5,4,4,4,4,3,4,3,0,0.0,satisfied
11111,Female,Loyal Customer,8,Personal Travel,Eco,201,4,4,0,2,5,0,5,5,1,4,2,3,3,5,0,0.0,neutral or dissatisfied
30942,Female,disloyal Customer,20,Business travel,Eco,1024,4,4,4,1,4,4,4,4,1,2,5,4,3,4,25,33.0,satisfied
56928,Female,disloyal Customer,25,Business travel,Eco,824,3,3,3,4,3,4,4,3,1,4,3,4,3,4,0,24.0,neutral or dissatisfied
83658,Male,Loyal Customer,43,Business travel,Business,3198,2,2,2,2,3,5,4,4,4,4,4,5,4,3,0,0.0,satisfied
2120,Male,disloyal Customer,45,Business travel,Business,404,1,2,2,4,2,1,2,2,5,2,4,4,5,2,17,7.0,neutral or dissatisfied
112673,Male,Loyal Customer,51,Business travel,Business,3535,5,5,5,5,4,5,4,5,5,5,5,4,5,5,2,0.0,satisfied
78974,Female,disloyal Customer,37,Business travel,Business,306,3,3,3,3,1,3,1,1,5,2,5,3,5,1,0,7.0,neutral or dissatisfied
122428,Male,Loyal Customer,41,Business travel,Eco,416,4,4,4,4,4,4,4,4,4,1,5,5,2,4,0,0.0,satisfied
113939,Female,Loyal Customer,46,Business travel,Business,1728,3,3,1,3,4,4,4,2,2,2,2,5,2,5,8,9.0,satisfied
125572,Male,Loyal Customer,13,Personal Travel,Eco,226,5,5,5,3,3,5,3,3,5,2,4,5,3,3,0,0.0,satisfied
66877,Female,Loyal Customer,52,Business travel,Business,2130,4,4,4,4,2,4,4,5,5,5,5,3,5,4,0,0.0,satisfied
29690,Male,Loyal Customer,40,Business travel,Eco,1542,5,5,5,5,5,5,5,5,4,1,4,1,2,5,0,0.0,satisfied
73013,Female,Loyal Customer,11,Personal Travel,Eco,1035,5,5,5,1,3,5,5,3,5,5,4,3,4,3,0,,satisfied
92746,Female,Loyal Customer,46,Personal Travel,Eco,1276,3,3,2,5,1,3,4,5,5,2,3,5,5,3,0,0.0,neutral or dissatisfied
67558,Male,Loyal Customer,28,Business travel,Business,1205,3,3,3,3,4,4,4,4,3,4,4,5,5,4,0,0.0,satisfied
53834,Male,Loyal Customer,55,Business travel,Business,140,3,4,4,4,4,3,3,3,3,2,3,4,3,2,0,0.0,neutral or dissatisfied
47921,Female,Loyal Customer,47,Personal Travel,Eco,451,2,5,2,3,5,5,5,4,4,2,3,4,4,3,4,9.0,neutral or dissatisfied
45311,Male,Loyal Customer,57,Business travel,Eco,150,1,1,5,5,1,1,1,1,3,3,4,2,4,1,0,0.0,neutral or dissatisfied
55698,Male,Loyal Customer,38,Business travel,Business,895,4,1,3,1,4,4,4,4,4,4,4,4,4,3,0,7.0,neutral or dissatisfied
128970,Male,Loyal Customer,59,Personal Travel,Eco,236,3,5,3,5,5,3,2,5,3,5,4,2,4,5,0,0.0,neutral or dissatisfied
48020,Female,Loyal Customer,77,Business travel,Eco Plus,150,2,2,2,2,3,3,4,2,2,2,2,4,2,1,0,0.0,neutral or dissatisfied
1751,Male,Loyal Customer,51,Personal Travel,Eco,364,4,1,4,4,4,4,4,4,4,1,4,4,4,4,0,0.0,satisfied
89904,Male,Loyal Customer,35,Business travel,Business,1416,4,1,1,1,2,2,3,4,4,4,4,4,4,2,0,10.0,neutral or dissatisfied
98187,Male,Loyal Customer,42,Business travel,Business,327,2,5,5,5,1,4,3,2,2,2,2,1,2,4,0,0.0,neutral or dissatisfied
41356,Female,disloyal Customer,14,Personal Travel,Business,913,3,5,3,4,1,3,1,1,5,5,4,4,4,1,0,0.0,neutral or dissatisfied
5189,Female,Loyal Customer,55,Business travel,Business,2065,1,1,1,1,3,4,4,4,4,4,4,3,4,5,0,0.0,satisfied
106527,Male,Loyal Customer,50,Personal Travel,Eco,271,2,1,2,3,2,2,5,2,2,3,3,3,3,2,27,,neutral or dissatisfied
100902,Female,disloyal Customer,23,Business travel,Business,377,3,2,3,3,5,3,4,5,2,2,3,2,4,5,0,0.0,neutral or dissatisfied
76383,Female,Loyal Customer,72,Business travel,Business,1853,1,2,2,2,1,3,3,1,1,1,1,3,1,1,10,24.0,neutral or dissatisfied
115642,Female,Loyal Customer,38,Business travel,Business,2410,4,4,4,4,2,5,5,5,5,4,5,5,5,3,0,0.0,satisfied
116865,Female,Loyal Customer,36,Business travel,Business,3470,4,4,4,4,2,4,5,2,2,2,2,4,2,4,36,24.0,satisfied
13655,Female,Loyal Customer,39,Business travel,Business,1711,0,4,0,3,1,3,3,5,5,5,5,5,5,3,0,0.0,satisfied
85182,Male,Loyal Customer,49,Business travel,Eco,874,4,5,5,5,4,4,4,4,1,1,4,3,4,4,27,26.0,neutral or dissatisfied
34417,Male,Loyal Customer,27,Personal Travel,Eco,612,4,4,4,2,3,4,3,3,5,5,4,3,2,3,30,20.0,neutral or dissatisfied
122524,Female,Loyal Customer,68,Personal Travel,Business,500,2,1,2,4,2,4,3,2,2,2,2,2,2,1,0,0.0,neutral or dissatisfied
20249,Female,disloyal Customer,33,Business travel,Eco,179,2,3,2,4,2,2,2,2,2,3,2,3,3,2,0,0.0,neutral or dissatisfied
47957,Female,Loyal Customer,12,Personal Travel,Eco,329,1,2,1,4,5,1,5,5,3,3,4,4,4,5,57,46.0,neutral or dissatisfied
10125,Male,disloyal Customer,24,Business travel,Business,946,5,5,5,5,1,5,1,1,3,4,5,3,5,1,0,0.0,satisfied
51924,Male,Loyal Customer,46,Business travel,Eco Plus,601,2,5,5,5,2,2,2,2,3,2,3,2,4,2,0,0.0,neutral or dissatisfied
64519,Male,Loyal Customer,48,Personal Travel,Business,224,3,3,3,4,2,3,3,4,4,3,4,1,4,2,0,4.0,neutral or dissatisfied
117873,Female,Loyal Customer,42,Business travel,Business,2040,2,2,2,2,5,4,5,5,5,5,5,5,5,4,19,41.0,satisfied
60932,Female,Loyal Customer,48,Business travel,Business,3936,4,4,4,4,3,5,5,5,5,5,5,4,5,3,0,0.0,satisfied
115479,Female,Loyal Customer,41,Business travel,Business,2520,3,4,4,4,3,3,4,3,3,3,3,2,3,2,0,0.0,neutral or dissatisfied
108443,Female,Loyal Customer,47,Business travel,Business,1444,2,2,2,2,2,5,4,4,4,4,4,5,4,3,27,23.0,satisfied
111958,Female,disloyal Customer,27,Business travel,Business,533,2,1,1,4,5,1,5,5,5,5,4,4,4,5,0,0.0,neutral or dissatisfied
35997,Female,disloyal Customer,39,Business travel,Business,474,4,4,4,2,5,4,5,5,5,2,5,5,5,5,0,4.0,neutral or dissatisfied
13310,Female,disloyal Customer,66,Business travel,Eco,448,1,0,0,3,2,0,2,2,3,2,3,1,4,2,4,0.0,neutral or dissatisfied
47120,Female,Loyal Customer,38,Personal Travel,Eco,737,2,5,2,4,4,2,5,4,4,5,5,4,4,4,0,0.0,neutral or dissatisfied
4417,Male,disloyal Customer,42,Business travel,Business,762,3,3,3,1,2,3,2,2,3,2,5,4,4,2,2,21.0,satisfied
126409,Female,Loyal Customer,25,Business travel,Business,600,5,5,5,5,5,5,5,3,2,4,5,5,5,5,174,179.0,satisfied
44182,Male,Loyal Customer,57,Business travel,Eco,157,4,2,2,2,5,4,5,5,3,2,3,3,2,5,0,0.0,satisfied
25161,Female,disloyal Customer,23,Business travel,Eco,1421,2,2,2,4,3,2,3,3,4,3,3,1,4,3,17,28.0,neutral or dissatisfied
102389,Female,disloyal Customer,22,Business travel,Eco,397,5,0,5,1,3,5,5,3,4,4,5,3,3,3,70,75.0,satisfied
80461,Male,Loyal Customer,57,Business travel,Business,1299,4,4,4,4,4,5,4,4,4,4,4,4,4,5,0,0.0,satisfied
10917,Female,Loyal Customer,57,Business travel,Business,2457,1,3,3,3,4,3,4,4,4,4,1,1,4,3,0,0.0,neutral or dissatisfied
115604,Female,Loyal Customer,44,Business travel,Business,337,3,2,2,2,2,3,3,3,3,3,3,4,3,2,25,22.0,neutral or dissatisfied
63101,Female,disloyal Customer,9,Business travel,Eco,967,1,1,1,2,4,1,4,4,4,3,5,5,4,4,0,0.0,neutral or dissatisfied
127808,Male,Loyal Customer,41,Business travel,Business,1997,3,3,3,3,1,2,3,3,3,3,3,2,3,3,57,49.0,neutral or dissatisfied
35671,Female,Loyal Customer,41,Business travel,Eco,2586,4,1,1,1,4,4,4,1,5,4,1,4,5,4,0,0.0,satisfied
103257,Male,Loyal Customer,52,Business travel,Business,3623,4,4,4,4,3,4,4,5,5,5,5,5,5,4,42,44.0,satisfied
62002,Female,Loyal Customer,57,Business travel,Business,2586,1,1,1,1,4,5,4,4,4,4,4,5,4,4,0,0.0,satisfied
3930,Male,Loyal Customer,25,Personal Travel,Eco Plus,213,3,5,3,1,5,3,5,5,4,2,3,4,5,5,0,0.0,neutral or dissatisfied
111371,Male,disloyal Customer,35,Business travel,Business,1050,2,2,2,3,4,2,4,4,3,4,5,3,4,4,19,20.0,neutral or dissatisfied
119672,Female,disloyal Customer,28,Business travel,Eco Plus,507,2,2,2,3,5,2,5,5,4,4,2,2,3,5,0,0.0,neutral or dissatisfied
46465,Female,disloyal Customer,26,Business travel,Business,73,1,2,1,3,4,1,4,4,1,1,3,1,4,4,0,0.0,neutral or dissatisfied
30092,Female,Loyal Customer,61,Personal Travel,Eco,82,3,5,3,3,2,5,4,4,4,3,4,4,4,4,0,0.0,neutral or dissatisfied
5909,Female,Loyal Customer,41,Business travel,Eco,108,5,2,2,2,5,5,5,5,3,4,4,3,1,5,0,0.0,satisfied
100337,Male,Loyal Customer,65,Business travel,Eco,611,2,3,5,5,2,2,2,2,3,1,5,4,4,2,11,6.0,satisfied
85679,Male,Loyal Customer,56,Business travel,Business,1547,4,4,4,4,2,4,5,4,4,4,4,3,4,5,0,0.0,satisfied
30840,Female,Loyal Customer,31,Business travel,Business,1514,5,5,5,5,4,4,4,4,3,3,4,3,5,4,0,0.0,satisfied
24595,Female,Loyal Customer,32,Business travel,Business,666,3,3,4,3,3,3,3,3,5,1,1,5,2,3,0,2.0,satisfied
11006,Male,Loyal Customer,30,Business travel,Business,1889,5,5,5,5,5,5,5,5,2,3,3,4,2,5,0,0.0,satisfied
69180,Male,Loyal Customer,32,Personal Travel,Eco,187,3,5,3,3,4,3,4,4,5,2,5,3,4,4,0,0.0,neutral or dissatisfied
18448,Male,Loyal Customer,38,Personal Travel,Business,190,2,5,2,3,3,4,5,1,1,2,1,3,1,4,1,0.0,neutral or dissatisfied
43850,Male,Loyal Customer,30,Business travel,Business,3491,3,3,3,3,4,4,4,4,4,1,2,2,3,4,0,0.0,satisfied
30445,Male,Loyal Customer,70,Personal Travel,Business,991,2,4,2,1,2,4,5,3,3,2,3,5,3,3,0,0.0,neutral or dissatisfied
88666,Female,Loyal Customer,69,Personal Travel,Eco,270,5,1,4,3,3,2,3,1,1,4,1,3,1,3,5,0.0,satisfied
53105,Female,Loyal Customer,34,Business travel,Eco Plus,1628,5,3,5,3,5,5,5,5,4,1,4,5,4,5,0,7.0,satisfied
119462,Male,Loyal Customer,54,Business travel,Business,2480,5,5,5,5,5,5,4,5,5,5,5,3,5,4,0,0.0,satisfied
63224,Female,Loyal Customer,42,Business travel,Business,447,3,3,3,3,4,5,5,4,4,4,4,3,4,3,0,0.0,satisfied
83792,Male,disloyal Customer,47,Business travel,Business,425,5,5,5,1,5,5,2,5,5,5,4,5,5,5,0,0.0,satisfied
2591,Female,Loyal Customer,66,Personal Travel,Eco,227,4,4,4,2,3,5,4,4,4,4,4,4,4,3,15,27.0,neutral or dissatisfied
4302,Male,disloyal Customer,45,Business travel,Business,502,1,1,1,5,1,1,1,1,5,2,4,3,4,1,5,0.0,neutral or dissatisfied
36175,Male,Loyal Customer,20,Personal Travel,Eco,1674,3,3,3,3,4,3,4,4,2,2,4,1,4,4,5,0.0,neutral or dissatisfied
57886,Male,Loyal Customer,47,Business travel,Business,305,0,0,0,4,5,5,5,1,1,1,1,5,1,5,0,0.0,satisfied
60898,Female,Loyal Customer,44,Personal Travel,Eco,420,1,5,1,3,3,3,5,4,4,1,3,4,4,3,5,0.0,neutral or dissatisfied
40362,Female,disloyal Customer,37,Business travel,Eco,1250,3,3,3,3,3,5,5,4,4,4,4,5,1,5,179,165.0,neutral or dissatisfied
34339,Female,disloyal Customer,26,Business travel,Eco,846,3,4,4,3,2,4,2,2,2,4,4,2,4,2,0,0.0,neutral or dissatisfied
4670,Male,disloyal Customer,41,Business travel,Business,364,4,4,4,2,4,4,4,4,3,5,5,5,5,4,0,0.0,neutral or dissatisfied
5985,Female,Loyal Customer,42,Business travel,Business,672,5,5,5,5,3,5,4,4,4,4,4,5,4,3,0,0.0,satisfied
95535,Female,Loyal Customer,16,Personal Travel,Eco Plus,233,2,5,0,2,2,0,2,2,5,1,4,5,5,2,0,1.0,neutral or dissatisfied
50193,Female,disloyal Customer,40,Business travel,Business,86,1,1,1,4,1,1,2,1,5,5,2,3,2,1,0,0.0,neutral or dissatisfied
98957,Female,Loyal Customer,37,Business travel,Eco,569,3,5,3,3,3,3,3,3,2,4,2,3,3,3,72,66.0,neutral or dissatisfied
47277,Female,Loyal Customer,40,Business travel,Business,2940,5,5,5,5,4,5,5,4,4,4,4,3,4,5,0,0.0,satisfied
47401,Male,Loyal Customer,51,Business travel,Eco,558,5,1,2,1,5,5,5,5,1,1,3,1,2,5,0,0.0,satisfied
37880,Male,disloyal Customer,26,Business travel,Eco,937,2,2,2,3,5,2,5,5,4,1,2,2,2,5,0,0.0,neutral or dissatisfied
27495,Male,Loyal Customer,50,Business travel,Eco,587,5,4,5,4,5,5,5,5,4,5,4,2,2,5,0,6.0,satisfied
93028,Female,disloyal Customer,25,Business travel,Business,436,2,4,2,3,2,2,2,2,2,1,4,2,3,2,11,1.0,neutral or dissatisfied
98455,Female,Loyal Customer,48,Business travel,Business,210,5,5,5,5,2,4,5,4,4,4,4,4,4,3,5,15.0,satisfied
67744,Male,Loyal Customer,22,Business travel,Business,1235,5,5,5,5,3,3,3,3,3,3,4,5,4,3,0,0.0,satisfied
127867,Female,disloyal Customer,27,Business travel,Business,1276,5,5,5,2,5,5,2,5,5,3,4,3,4,5,0,0.0,satisfied
84182,Male,Loyal Customer,53,Business travel,Business,432,1,1,5,1,3,4,5,4,4,4,4,4,4,4,0,0.0,satisfied
17591,Female,disloyal Customer,9,Business travel,Eco,852,4,4,4,3,3,4,3,3,2,4,4,1,3,3,0,0.0,neutral or dissatisfied
110368,Female,Loyal Customer,52,Business travel,Business,919,3,3,3,3,4,4,4,4,4,4,4,5,4,3,0,0.0,satisfied
82474,Male,Loyal Customer,30,Personal Travel,Eco,502,0,1,0,2,4,0,4,4,2,1,3,3,2,4,0,0.0,satisfied
38178,Female,Loyal Customer,11,Personal Travel,Eco,1249,4,5,4,2,1,4,1,1,5,2,4,5,4,1,0,0.0,satisfied
109579,Male,Loyal Customer,52,Personal Travel,Eco,834,5,5,5,4,3,5,3,3,4,5,5,3,4,3,0,0.0,satisfied
117630,Male,Loyal Customer,52,Personal Travel,Eco,347,4,4,3,3,3,3,3,3,4,3,4,4,5,3,30,25.0,neutral or dissatisfied
102363,Female,disloyal Customer,40,Business travel,Business,397,1,1,1,3,3,1,2,3,2,5,3,3,4,3,34,43.0,neutral or dissatisfied
32479,Male,Loyal Customer,33,Business travel,Eco,101,3,4,5,4,3,3,3,3,3,3,4,4,3,3,2,9.0,neutral or dissatisfied
46719,Female,Loyal Customer,11,Personal Travel,Eco,125,3,2,3,4,2,3,2,2,2,1,4,2,4,2,27,30.0,neutral or dissatisfied
102428,Female,Loyal Customer,24,Personal Travel,Eco,407,4,2,4,4,3,4,5,3,1,1,3,4,3,3,0,0.0,satisfied
48139,Female,Loyal Customer,39,Business travel,Eco,236,5,1,5,5,5,5,5,5,3,3,5,5,1,5,0,0.0,satisfied
87008,Male,Loyal Customer,36,Personal Travel,Eco,907,2,4,1,4,3,1,3,3,3,3,4,5,5,3,1,0.0,neutral or dissatisfied
116693,Female,Loyal Customer,44,Business travel,Eco Plus,446,3,3,3,3,5,3,4,3,3,3,3,2,3,1,0,0.0,neutral or dissatisfied
48112,Female,Loyal Customer,37,Business travel,Business,2622,5,5,5,5,3,2,3,4,4,5,4,2,4,2,0,0.0,satisfied
127061,Male,Loyal Customer,30,Business travel,Business,646,1,3,3,3,1,1,1,1,1,3,2,4,2,1,2,0.0,neutral or dissatisfied
69791,Male,disloyal Customer,28,Business travel,Business,1055,2,2,2,3,5,2,5,5,5,4,5,3,5,5,0,0.0,neutral or dissatisfied
128646,Male,Loyal Customer,51,Business travel,Business,1923,2,2,2,2,4,5,5,4,4,3,4,3,4,3,0,0.0,satisfied
62000,Female,disloyal Customer,55,Business travel,Eco,712,3,3,3,2,2,3,2,2,3,5,3,4,2,2,0,0.0,neutral or dissatisfied
88694,Female,Loyal Customer,22,Personal Travel,Eco,406,3,5,3,2,2,3,2,2,1,2,2,5,5,2,2,0.0,neutral or dissatisfied
32947,Female,Loyal Customer,8,Personal Travel,Eco,216,3,0,3,2,1,3,1,1,3,3,4,5,4,1,4,8.0,neutral or dissatisfied
80092,Male,Loyal Customer,20,Personal Travel,Eco Plus,950,2,3,2,2,1,2,1,1,3,4,5,2,4,1,0,0.0,neutral or dissatisfied
1330,Female,Loyal Customer,41,Business travel,Business,134,3,4,3,3,3,4,5,5,5,5,4,4,5,3,0,0.0,satisfied
92194,Male,Loyal Customer,55,Business travel,Business,2079,1,1,1,1,5,2,3,1,1,1,1,4,1,3,0,0.0,neutral or dissatisfied
40162,Male,Loyal Customer,51,Personal Travel,Business,387,1,5,1,1,4,4,1,3,3,1,3,2,3,4,0,0.0,neutral or dissatisfied
114416,Female,Loyal Customer,51,Business travel,Business,404,4,4,4,4,5,4,4,4,4,5,4,5,4,4,72,76.0,satisfied
114341,Female,Loyal Customer,29,Personal Travel,Eco,862,4,4,4,2,3,4,3,3,5,4,4,3,4,3,17,4.0,neutral or dissatisfied
80523,Female,Loyal Customer,25,Business travel,Eco Plus,1749,1,5,5,5,1,1,2,1,2,3,2,1,3,1,44,31.0,neutral or dissatisfied
27391,Male,disloyal Customer,25,Business travel,Eco,671,2,2,2,4,2,2,2,2,4,5,4,3,3,2,21,3.0,neutral or dissatisfied
21588,Male,disloyal Customer,20,Business travel,Eco,780,4,3,3,3,3,3,3,3,3,1,2,3,1,3,0,0.0,satisfied
88362,Male,Loyal Customer,57,Business travel,Business,3403,1,1,1,1,5,5,5,5,5,5,5,5,5,3,0,0.0,satisfied
111777,Male,Loyal Customer,45,Business travel,Eco,1620,2,2,2,2,1,2,1,1,3,3,3,4,4,1,47,55.0,neutral or dissatisfied
37262,Female,Loyal Customer,25,Business travel,Eco,1010,0,5,0,3,3,0,5,3,1,4,5,2,1,3,0,0.0,satisfied
93189,Male,Loyal Customer,42,Business travel,Business,2899,2,2,3,2,2,4,4,4,4,4,4,3,4,5,0,0.0,satisfied
114026,Female,disloyal Customer,25,Business travel,Eco Plus,1750,2,3,2,3,2,2,2,2,1,3,2,3,4,2,6,3.0,neutral or dissatisfied
17798,Male,disloyal Customer,28,Business travel,Eco,1214,2,2,2,2,4,2,4,4,2,5,4,2,4,4,0,0.0,neutral or dissatisfied
39724,Male,Loyal Customer,25,Business travel,Business,2079,1,1,1,1,4,4,3,4,4,3,2,2,3,4,0,0.0,satisfied
14056,Male,Loyal Customer,42,Business travel,Business,141,2,2,2,2,3,2,2,5,5,5,5,3,5,1,0,0.0,satisfied
47058,Female,Loyal Customer,22,Business travel,Business,2643,5,5,5,5,4,4,4,4,3,3,2,4,5,4,0,0.0,satisfied
18470,Male,Loyal Customer,37,Business travel,Eco,192,5,4,5,4,5,5,5,5,5,4,5,5,5,5,0,3.0,satisfied
128813,Female,disloyal Customer,29,Business travel,Business,1267,4,5,5,4,5,2,2,4,5,5,4,2,3,2,152,146.0,satisfied
60821,Female,Loyal Customer,46,Personal Travel,Eco,455,3,2,3,4,3,3,4,4,4,3,3,4,4,2,0,0.0,neutral or dissatisfied
17098,Female,Loyal Customer,36,Personal Travel,Eco,466,1,1,2,2,1,2,1,1,1,5,3,3,2,1,61,75.0,neutral or dissatisfied
110176,Male,Loyal Customer,56,Personal Travel,Eco,869,1,2,1,2,5,1,5,5,3,1,2,2,3,5,0,10.0,neutral or dissatisfied
116230,Male,Loyal Customer,20,Personal Travel,Eco,404,2,4,2,3,3,2,3,3,4,5,4,5,5,3,0,0.0,neutral or dissatisfied
106369,Female,Loyal Customer,24,Business travel,Business,1624,3,1,1,1,3,3,3,3,3,2,3,3,3,3,0,0.0,neutral or dissatisfied
104775,Male,disloyal Customer,50,Business travel,Business,587,2,3,3,3,1,2,1,1,5,4,5,5,4,1,53,47.0,neutral or dissatisfied
35119,Male,disloyal Customer,23,Business travel,Eco,944,5,5,5,1,1,5,1,1,3,4,4,2,5,1,0,0.0,satisfied
74176,Female,Loyal Customer,37,Personal Travel,Eco,641,2,4,2,1,3,2,3,3,3,3,5,5,4,3,43,47.0,neutral or dissatisfied
43118,Male,Loyal Customer,51,Personal Travel,Eco,173,2,1,2,4,2,2,2,2,1,4,4,1,3,2,56,51.0,neutral or dissatisfied
80770,Female,Loyal Customer,55,Personal Travel,Eco,440,2,5,5,1,2,4,5,5,5,5,5,5,5,4,0,0.0,neutral or dissatisfied
42737,Female,Loyal Customer,16,Personal Travel,Eco,536,2,4,2,4,2,2,2,2,5,5,4,4,4,2,1,11.0,neutral or dissatisfied
71578,Male,disloyal Customer,20,Business travel,Business,1182,5,0,5,4,1,5,1,1,4,2,4,3,5,1,0,0.0,satisfied
37854,Female,Loyal Customer,30,Business travel,Eco,937,4,3,4,3,4,4,4,4,4,2,4,3,1,4,0,0.0,satisfied
123352,Male,Loyal Customer,26,Business travel,Business,644,1,1,1,1,4,4,4,4,3,5,4,4,4,4,0,0.0,satisfied
125617,Female,disloyal Customer,20,Business travel,Eco,759,2,2,2,3,1,2,1,1,2,4,4,2,4,1,0,0.0,neutral or dissatisfied
27192,Female,Loyal Customer,30,Business travel,Eco Plus,2640,1,2,2,2,1,1,1,3,5,4,4,1,3,1,0,6.0,neutral or dissatisfied
26776,Male,Loyal Customer,17,Business travel,Business,1199,2,2,5,2,4,4,4,4,3,5,2,4,5,4,2,0.0,satisfied
61014,Male,Loyal Customer,59,Business travel,Business,3365,1,1,1,1,2,2,2,4,5,4,5,2,3,2,16,8.0,satisfied
71864,Male,Loyal Customer,36,Business travel,Business,1731,2,2,2,2,2,4,3,5,5,5,5,1,5,1,0,0.0,satisfied
3768,Male,Loyal Customer,53,Business travel,Business,599,3,3,3,3,2,4,5,5,5,5,5,4,5,4,28,55.0,satisfied
127337,Male,disloyal Customer,34,Business travel,Business,507,4,4,4,1,5,4,5,5,4,2,5,4,4,5,0,0.0,neutral or dissatisfied
121416,Female,Loyal Customer,36,Business travel,Business,257,3,3,3,3,5,5,4,5,5,5,5,4,5,4,4,6.0,satisfied
129464,Male,disloyal Customer,15,Business travel,Eco,2704,3,3,3,4,1,3,2,1,2,1,4,3,3,1,18,0.0,neutral or dissatisfied
89874,Male,Loyal Customer,39,Business travel,Business,1306,5,5,5,5,3,4,4,4,4,4,4,3,4,4,62,38.0,satisfied
47443,Female,Loyal Customer,38,Business travel,Business,3829,1,1,0,4,5,4,4,4,4,1,4,1,4,1,0,0.0,neutral or dissatisfied
119506,Male,disloyal Customer,42,Business travel,Business,814,3,3,3,1,5,3,1,5,5,5,5,4,4,5,0,0.0,neutral or dissatisfied
62272,Male,Loyal Customer,50,Business travel,Business,414,2,2,2,2,5,4,4,4,4,4,4,4,4,4,0,6.0,satisfied
82096,Male,Loyal Customer,58,Business travel,Business,876,1,1,1,1,3,1,4,5,5,5,5,5,5,2,1,3.0,satisfied
89579,Male,disloyal Customer,22,Business travel,Business,1010,4,1,4,1,2,4,2,2,3,5,5,4,4,2,8,0.0,satisfied
64410,Male,Loyal Customer,55,Business travel,Business,1172,1,1,1,1,2,4,4,5,5,5,5,4,5,5,11,0.0,satisfied
15062,Female,Loyal Customer,64,Personal Travel,Eco,627,4,2,4,4,4,1,5,4,2,3,3,5,3,5,142,146.0,neutral or dissatisfied
4090,Female,Loyal Customer,38,Personal Travel,Business,427,2,4,3,4,4,3,4,4,4,3,4,1,4,4,17,16.0,neutral or dissatisfied
1218,Male,Loyal Customer,10,Personal Travel,Eco,247,3,5,3,2,1,3,1,1,4,2,4,3,4,1,0,0.0,neutral or dissatisfied
125521,Female,Loyal Customer,50,Business travel,Business,226,0,1,1,1,3,5,4,3,3,3,5,4,3,3,0,0.0,satisfied
61951,Male,Loyal Customer,30,Business travel,Business,2052,3,3,4,3,3,3,3,3,3,3,2,2,4,3,31,16.0,neutral or dissatisfied
128541,Male,disloyal Customer,61,Business travel,Business,338,4,4,4,5,5,4,5,5,5,5,4,5,4,5,0,0.0,neutral or dissatisfied
28455,Female,Loyal Customer,30,Business travel,Business,2588,1,1,1,1,5,3,3,2,2,4,2,3,5,3,0,0.0,satisfied
63962,Female,Loyal Customer,16,Personal Travel,Eco,1212,3,3,3,3,2,3,2,2,1,1,2,4,3,2,0,0.0,neutral or dissatisfied
28974,Female,Loyal Customer,24,Business travel,Business,605,5,5,5,5,4,4,4,4,1,2,5,3,4,4,0,0.0,satisfied
129137,Female,Loyal Customer,40,Business travel,Business,679,2,2,2,2,3,5,5,5,5,5,5,5,5,5,6,12.0,satisfied
79974,Female,Loyal Customer,22,Business travel,Business,3439,2,4,5,5,2,3,2,2,4,1,4,4,3,2,0,0.0,neutral or dissatisfied
58053,Female,Loyal Customer,58,Business travel,Business,3610,5,5,5,5,4,4,4,4,4,4,4,5,4,3,114,106.0,satisfied
31864,Female,Loyal Customer,23,Business travel,Business,2603,1,1,1,1,4,4,4,4,2,3,5,1,5,4,0,0.0,satisfied
69947,Male,disloyal Customer,29,Business travel,Eco,1205,2,2,2,4,2,2,2,2,4,2,4,1,4,2,0,0.0,neutral or dissatisfied
12461,Male,Loyal Customer,32,Personal Travel,Eco,285,3,5,3,2,2,3,2,2,5,2,4,5,4,2,0,0.0,neutral or dissatisfied
99505,Female,Loyal Customer,52,Personal Travel,Eco,283,1,4,5,3,5,5,5,4,4,5,4,4,4,5,0,0.0,neutral or dissatisfied
109900,Female,Loyal Customer,35,Business travel,Eco,1092,5,5,5,5,5,5,5,5,3,2,3,4,2,5,1,0.0,satisfied
109857,Female,Loyal Customer,51,Business travel,Business,2506,4,4,4,4,4,5,4,4,4,4,4,4,4,3,55,56.0,satisfied
74048,Female,Loyal Customer,49,Personal Travel,Eco,1194,4,5,4,2,3,3,5,4,4,4,4,3,4,3,2,7.0,neutral or dissatisfied
81844,Female,Loyal Customer,48,Personal Travel,Eco,1306,1,4,1,1,4,4,4,1,1,1,3,5,1,5,15,9.0,neutral or dissatisfied
57593,Male,Loyal Customer,58,Business travel,Business,1597,1,1,5,1,5,4,5,3,3,3,3,3,3,3,0,0.0,satisfied
109482,Female,disloyal Customer,18,Business travel,Eco,920,1,1,1,2,3,1,3,3,3,4,5,3,5,3,18,0.0,neutral or dissatisfied
23181,Male,Loyal Customer,12,Personal Travel,Eco,300,2,5,2,5,3,2,3,3,4,5,4,3,5,3,0,7.0,neutral or dissatisfied
60529,Male,Loyal Customer,19,Personal Travel,Eco,862,2,5,2,4,4,2,2,4,3,2,5,5,4,4,0,0.0,neutral or dissatisfied
126896,Male,Loyal Customer,39,Business travel,Business,2296,2,2,4,2,4,3,5,5,5,5,5,3,5,5,0,0.0,satisfied
81501,Female,Loyal Customer,55,Personal Travel,Eco,528,3,5,3,4,3,1,5,1,1,3,1,5,1,5,0,83.0,neutral or dissatisfied
128410,Male,Loyal Customer,28,Business travel,Eco,651,1,3,3,3,1,1,1,1,3,3,3,4,4,1,0,0.0,neutral or dissatisfied
27583,Female,Loyal Customer,20,Personal Travel,Eco,1050,2,4,2,3,3,2,3,3,4,5,4,3,4,3,0,0.0,neutral or dissatisfied
56222,Female,disloyal Customer,10,Business travel,Eco,883,3,4,4,3,1,3,1,1,2,4,4,1,3,1,0,0.0,neutral or dissatisfied
65640,Male,Loyal Customer,64,Business travel,Business,3423,4,4,4,4,3,4,5,5,5,5,5,5,5,3,11,7.0,satisfied
87652,Male,Loyal Customer,41,Business travel,Business,606,3,3,3,3,2,5,5,4,4,4,4,3,4,5,0,0.0,satisfied
56691,Male,Loyal Customer,13,Personal Travel,Eco,1023,5,5,5,2,3,5,3,3,5,5,3,3,2,3,3,0.0,satisfied
26282,Male,Loyal Customer,51,Personal Travel,Eco,859,4,5,4,3,2,4,2,2,4,3,5,3,4,2,0,0.0,neutral or dissatisfied
37733,Female,Loyal Customer,33,Personal Travel,Eco,1010,3,3,3,2,5,3,5,5,4,1,2,4,4,5,0,0.0,neutral or dissatisfied
48991,Female,disloyal Customer,38,Business travel,Eco,109,4,0,4,1,5,4,5,5,2,2,2,2,1,5,0,0.0,neutral or dissatisfied
4211,Female,Loyal Customer,48,Business travel,Business,2963,2,3,3,3,1,3,3,2,2,2,2,3,2,2,13,53.0,neutral or dissatisfied
81670,Female,Loyal Customer,63,Business travel,Business,907,2,2,2,2,2,4,5,4,4,4,4,4,4,5,0,32.0,satisfied
6945,Male,Loyal Customer,42,Business travel,Eco,588,3,4,4,4,3,3,3,3,3,4,3,2,4,3,14,15.0,neutral or dissatisfied
13224,Female,Loyal Customer,51,Business travel,Business,2084,1,1,1,1,3,1,1,4,4,4,4,2,4,1,0,0.0,satisfied
126692,Female,Loyal Customer,43,Business travel,Business,2402,1,1,1,1,2,4,5,5,5,5,5,3,5,5,5,0.0,satisfied
42332,Male,Loyal Customer,44,Personal Travel,Eco,834,3,5,3,1,4,3,4,4,4,2,4,4,4,4,5,6.0,neutral or dissatisfied
97505,Male,Loyal Customer,36,Personal Travel,Eco,756,2,4,3,1,1,3,1,1,5,2,5,5,4,1,92,91.0,neutral or dissatisfied
42406,Female,disloyal Customer,46,Business travel,Eco Plus,834,2,2,2,5,5,2,5,5,2,4,4,1,3,5,0,0.0,neutral or dissatisfied
60507,Female,Loyal Customer,30,Personal Travel,Eco,862,3,4,3,3,2,3,2,2,4,4,5,3,4,2,0,0.0,neutral or dissatisfied
551,Female,Loyal Customer,44,Business travel,Business,3447,0,5,0,1,3,5,5,3,3,3,3,3,3,5,0,0.0,satisfied
81895,Female,Loyal Customer,39,Business travel,Business,2191,4,4,4,4,5,5,4,5,5,5,5,3,5,3,15,0.0,satisfied
61735,Male,Loyal Customer,55,Business travel,Eco,1064,1,5,5,5,1,1,1,1,1,5,4,1,3,1,30,36.0,neutral or dissatisfied
103251,Male,Loyal Customer,52,Personal Travel,Eco,667,1,4,1,3,4,1,5,4,3,2,4,3,5,4,19,10.0,neutral or dissatisfied
17544,Male,Loyal Customer,24,Business travel,Eco,970,0,5,0,1,5,0,1,5,5,5,3,1,3,5,0,0.0,satisfied
37359,Male,disloyal Customer,13,Business travel,Eco,944,4,4,4,4,2,4,2,2,1,5,5,2,4,2,0,0.0,satisfied
126935,Female,Loyal Customer,26,Business travel,Business,651,5,5,5,5,5,5,5,5,5,5,5,4,5,5,0,0.0,satisfied
83171,Female,Loyal Customer,39,Business travel,Eco Plus,1127,3,3,3,3,3,3,3,3,3,5,3,3,3,3,0,0.0,neutral or dissatisfied
20362,Male,Loyal Customer,35,Business travel,Business,2763,4,2,2,2,4,3,3,4,4,4,4,3,4,3,14,8.0,neutral or dissatisfied
47309,Female,Loyal Customer,53,Business travel,Business,2772,1,1,2,1,4,2,4,4,4,4,4,4,4,1,0,0.0,satisfied
16583,Male,Loyal Customer,49,Personal Travel,Eco,872,2,2,2,3,3,2,3,3,3,4,4,3,4,3,0,0.0,neutral or dissatisfied
108201,Male,Loyal Customer,28,Personal Travel,Eco Plus,1166,0,3,0,3,1,0,4,1,2,1,3,3,3,1,7,0.0,satisfied
107860,Female,disloyal Customer,72,Business travel,Business,228,1,1,1,1,1,1,1,1,5,4,4,5,4,1,12,15.0,neutral or dissatisfied
124927,Male,Loyal Customer,69,Personal Travel,Eco,728,1,3,1,3,5,1,5,5,1,4,3,2,3,5,0,0.0,neutral or dissatisfied
14048,Female,Loyal Customer,61,Personal Travel,Eco Plus,106,2,4,0,4,4,5,5,1,1,0,1,4,1,5,0,0.0,neutral or dissatisfied
29945,Female,Loyal Customer,51,Business travel,Eco,234,1,1,1,1,2,3,4,1,1,1,1,4,1,4,113,112.0,neutral or dissatisfied
124839,Male,Loyal Customer,59,Personal Travel,Eco,280,3,4,3,2,4,3,1,4,3,3,5,4,5,4,0,101.0,neutral or dissatisfied
14624,Female,Loyal Customer,37,Business travel,Eco Plus,450,1,5,5,5,1,1,1,1,4,4,3,3,4,1,0,0.0,neutral or dissatisfied
113843,Female,Loyal Customer,48,Business travel,Business,1334,2,2,5,2,5,4,4,3,3,4,3,4,3,4,0,0.0,satisfied
59273,Male,Loyal Customer,13,Personal Travel,Eco,4243,4,0,5,3,5,2,5,2,4,3,1,5,2,5,0,0.0,neutral or dissatisfied
72587,Female,Loyal Customer,39,Business travel,Business,529,3,1,1,1,2,3,3,3,3,3,3,2,3,2,0,0.0,neutral or dissatisfied
33279,Female,Loyal Customer,16,Personal Travel,Eco Plus,163,4,3,4,3,1,4,1,1,2,5,4,2,4,1,0,1.0,neutral or dissatisfied
24502,Female,Loyal Customer,13,Personal Travel,Eco,481,4,4,4,5,2,4,2,2,4,1,5,2,5,2,1,0.0,neutral or dissatisfied
103899,Female,disloyal Customer,14,Business travel,Business,1072,0,0,0,2,4,0,4,4,3,3,5,5,4,4,12,3.0,satisfied
103318,Female,Loyal Customer,53,Business travel,Eco,1139,3,4,4,4,4,2,2,3,3,3,3,2,3,4,49,54.0,neutral or dissatisfied
125571,Male,Loyal Customer,38,Personal Travel,Eco,226,3,5,3,3,3,3,2,3,4,5,5,4,4,3,0,0.0,neutral or dissatisfied
79838,Female,Loyal Customer,41,Business travel,Business,2576,3,3,3,3,2,2,2,5,5,5,5,2,4,2,126,143.0,satisfied
34193,Female,Loyal Customer,53,Personal Travel,Eco,1189,2,4,2,2,2,3,4,2,2,2,2,5,2,3,11,6.0,neutral or dissatisfied
58596,Male,disloyal Customer,43,Business travel,Eco,334,2,0,2,1,2,2,2,2,2,1,5,5,1,2,0,0.0,neutral or dissatisfied
31680,Male,disloyal Customer,30,Business travel,Eco,846,4,4,4,4,3,4,3,3,1,4,3,3,4,3,0,0.0,neutral or dissatisfied
38542,Female,Loyal Customer,72,Business travel,Business,2586,2,3,3,3,5,4,3,2,2,2,2,2,2,3,0,0.0,neutral or dissatisfied
114567,Female,Loyal Customer,35,Personal Travel,Business,390,2,5,2,3,5,2,2,4,4,2,4,3,4,1,0,0.0,neutral or dissatisfied
125015,Female,Loyal Customer,63,Personal Travel,Eco,184,3,3,3,3,3,3,3,4,4,3,4,2,4,2,0,0.0,neutral or dissatisfied
87082,Female,Loyal Customer,54,Business travel,Eco,645,1,2,2,2,1,4,4,1,1,1,1,4,1,2,0,0.0,neutral or dissatisfied
85901,Female,Loyal Customer,49,Business travel,Business,2577,4,4,4,4,2,5,5,3,3,3,3,5,3,4,26,29.0,satisfied
101784,Female,disloyal Customer,30,Business travel,Business,1521,1,1,1,3,2,1,2,2,3,4,4,3,4,2,45,18.0,neutral or dissatisfied
124038,Male,Loyal Customer,33,Personal Travel,Eco,184,2,4,2,2,5,2,5,5,5,2,4,3,5,5,0,0.0,neutral or dissatisfied
36759,Male,Loyal Customer,21,Business travel,Business,2588,5,5,5,5,3,3,3,5,3,4,3,3,5,3,54,49.0,satisfied
128817,Female,disloyal Customer,46,Business travel,Business,846,5,5,5,1,2,5,2,2,4,2,5,5,5,2,0,,satisfied
41757,Female,Loyal Customer,65,Business travel,Business,230,3,2,2,2,1,4,4,3,3,3,3,4,3,2,0,0.0,neutral or dissatisfied
10878,Female,Loyal Customer,51,Business travel,Eco,308,2,2,4,2,2,3,3,1,1,2,1,4,1,2,0,0.0,neutral or dissatisfied
124418,Female,Loyal Customer,32,Business travel,Eco,1262,2,5,5,5,2,2,2,2,2,5,2,4,3,2,0,0.0,neutral or dissatisfied
56158,Female,Loyal Customer,34,Business travel,Business,1400,3,2,5,5,5,2,1,3,3,3,3,3,3,1,57,60.0,neutral or dissatisfied
54704,Female,disloyal Customer,26,Business travel,Eco,565,1,3,1,4,2,1,2,2,4,5,4,4,3,2,18,17.0,neutral or dissatisfied
38748,Female,Loyal Customer,45,Business travel,Business,2665,5,3,5,5,5,5,1,5,5,5,5,5,5,2,0,0.0,satisfied
106297,Female,disloyal Customer,22,Business travel,Eco,998,1,1,1,1,2,1,2,2,3,4,5,5,5,2,14,1.0,neutral or dissatisfied
17754,Female,Loyal Customer,25,Personal Travel,Eco,383,4,3,4,4,4,4,4,4,1,3,3,4,4,4,0,0.0,neutral or dissatisfied
69542,Female,Loyal Customer,46,Business travel,Business,2475,1,1,1,1,4,4,4,4,5,5,5,4,4,4,0,0.0,satisfied
97720,Female,Loyal Customer,43,Business travel,Business,1682,5,1,2,2,1,3,4,5,5,4,5,2,5,2,44,38.0,neutral or dissatisfied
103830,Female,disloyal Customer,28,Business travel,Eco,869,2,2,2,3,5,2,5,5,1,5,3,2,3,5,0,0.0,neutral or dissatisfied
48432,Male,Loyal Customer,44,Business travel,Eco,844,4,1,1,1,4,4,4,4,2,3,3,5,2,4,0,0.0,satisfied
90399,Female,Loyal Customer,40,Personal Travel,Business,406,3,4,3,1,3,4,4,4,4,3,4,3,4,3,64,60.0,neutral or dissatisfied
20513,Male,Loyal Customer,35,Personal Travel,Eco Plus,139,3,4,3,5,1,3,1,1,4,4,4,4,5,1,53,62.0,neutral or dissatisfied
51611,Male,Loyal Customer,30,Business travel,Business,370,4,4,4,4,5,4,5,5,2,3,5,5,5,5,0,0.0,satisfied
37629,Female,Loyal Customer,22,Personal Travel,Eco,1144,3,4,3,5,4,3,4,4,4,5,5,5,4,4,14,15.0,neutral or dissatisfied
8611,Male,disloyal Customer,25,Business travel,Eco,1371,4,4,4,3,3,4,3,3,2,3,3,1,3,3,0,4.0,neutral or dissatisfied
105301,Male,disloyal Customer,41,Business travel,Eco,567,4,0,4,3,2,4,2,2,4,4,4,5,4,2,26,35.0,neutral or dissatisfied
6108,Female,Loyal Customer,30,Personal Travel,Business,409,3,5,3,3,5,3,4,5,4,3,4,4,5,5,0,0.0,neutral or dissatisfied
11861,Female,disloyal Customer,28,Business travel,Eco,1042,2,2,2,4,3,2,3,3,4,5,4,1,4,3,12,2.0,neutral or dissatisfied
127439,Female,Loyal Customer,27,Personal Travel,Eco,868,4,4,4,5,2,4,2,2,4,5,2,5,1,2,13,13.0,neutral or dissatisfied
129080,Male,Loyal Customer,45,Business travel,Business,2218,3,2,3,3,4,4,4,2,2,2,2,3,2,4,0,0.0,satisfied
5266,Female,Loyal Customer,55,Personal Travel,Eco,293,1,4,1,1,3,5,5,2,2,1,2,5,2,4,0,0.0,neutral or dissatisfied
95821,Male,Loyal Customer,40,Business travel,Business,1428,4,2,4,4,4,4,4,5,5,4,5,4,5,4,0,0.0,satisfied
112282,Male,Loyal Customer,20,Personal Travel,Eco,1447,3,2,4,3,3,4,3,3,4,1,4,1,3,3,33,12.0,neutral or dissatisfied
94792,Male,Loyal Customer,63,Business travel,Business,248,0,0,0,2,5,5,5,5,5,5,5,4,5,5,0,0.0,satisfied
34072,Male,Loyal Customer,36,Personal Travel,Eco,1674,4,2,4,3,3,4,3,3,3,1,4,2,4,3,2,0.0,neutral or dissatisfied
88545,Female,Loyal Customer,21,Personal Travel,Eco,545,3,1,3,4,4,3,2,4,2,1,4,2,4,4,17,20.0,neutral or dissatisfied
54333,Female,Loyal Customer,48,Personal Travel,Eco,1597,1,5,1,1,4,5,4,3,3,1,4,3,3,4,87,64.0,neutral or dissatisfied
2832,Female,Loyal Customer,54,Business travel,Business,1661,3,3,3,3,4,5,5,5,5,5,5,5,5,3,0,9.0,satisfied
48141,Female,disloyal Customer,59,Business travel,Eco,192,1,0,0,4,1,0,1,1,5,4,3,3,1,1,41,40.0,neutral or dissatisfied
64537,Male,disloyal Customer,27,Business travel,Business,551,4,4,4,2,3,4,3,3,3,5,5,4,4,3,0,0.0,neutral or dissatisfied
800,Male,disloyal Customer,25,Business travel,Business,309,3,3,3,2,3,3,2,3,1,2,3,4,2,3,0,0.0,neutral or dissatisfied
87165,Male,disloyal Customer,27,Business travel,Business,946,4,4,4,2,5,4,5,5,5,2,5,5,5,5,0,0.0,satisfied
13151,Male,Loyal Customer,20,Personal Travel,Eco,595,3,1,3,3,2,3,2,2,1,4,3,4,4,2,0,0.0,neutral or dissatisfied
90152,Male,disloyal Customer,30,Business travel,Eco,957,2,2,2,4,1,2,1,1,4,3,1,5,5,1,0,0.0,neutral or dissatisfied
74770,Male,Loyal Customer,49,Personal Travel,Eco,1235,4,4,4,1,3,4,3,3,3,2,4,3,4,3,0,,satisfied
115990,Female,Loyal Customer,28,Personal Travel,Eco,333,3,5,3,4,3,3,3,3,5,5,4,4,5,3,31,24.0,neutral or dissatisfied
36632,Female,Loyal Customer,36,Business travel,Business,3617,2,3,3,3,3,1,2,2,2,2,2,4,2,3,19,30.0,neutral or dissatisfied
24430,Female,Loyal Customer,53,Personal Travel,Eco,634,1,1,1,3,2,3,3,5,5,1,5,2,5,4,0,0.0,neutral or dissatisfied
125178,Female,Loyal Customer,59,Business travel,Business,3121,1,2,2,2,3,4,3,1,1,1,1,1,1,3,72,53.0,neutral or dissatisfied
113599,Female,disloyal Customer,38,Business travel,Eco,386,1,1,1,4,4,1,4,4,2,2,4,4,4,4,19,12.0,neutral or dissatisfied
53005,Male,Loyal Customer,59,Business travel,Eco,1208,5,1,1,1,5,5,5,5,2,4,5,5,5,5,0,0.0,satisfied
111076,Male,Loyal Customer,70,Personal Travel,Eco,197,1,2,1,4,1,1,1,1,2,1,4,4,3,1,0,0.0,neutral or dissatisfied
110326,Male,Loyal Customer,45,Business travel,Business,1953,3,3,3,3,4,5,5,5,5,5,5,4,5,5,0,0.0,satisfied
69902,Male,disloyal Customer,42,Business travel,Business,1514,4,5,5,2,4,4,4,4,3,2,4,5,5,4,0,15.0,neutral or dissatisfied
21327,Female,Loyal Customer,40,Personal Travel,Business,674,4,5,4,3,2,5,4,2,2,4,2,3,2,5,0,0.0,neutral or dissatisfied
103951,Female,disloyal Customer,26,Business travel,Eco,370,4,2,4,4,1,4,1,1,3,3,3,1,4,1,0,0.0,neutral or dissatisfied
47013,Female,Loyal Customer,45,Personal Travel,Eco,771,2,5,2,3,5,5,5,5,5,2,3,3,5,3,0,0.0,neutral or dissatisfied
19421,Female,Loyal Customer,38,Business travel,Business,645,1,1,1,1,5,5,5,4,3,2,4,5,5,5,147,183.0,satisfied
94282,Male,Loyal Customer,41,Business travel,Business,189,0,4,0,3,4,5,5,3,3,3,3,3,3,3,11,0.0,satisfied
57956,Male,Loyal Customer,15,Personal Travel,Eco,1062,3,4,3,3,3,3,3,3,3,3,4,4,4,3,0,0.0,neutral or dissatisfied
70491,Male,disloyal Customer,22,Business travel,Business,867,5,4,5,4,2,4,5,2,3,3,4,5,5,2,0,0.0,satisfied
7824,Female,Loyal Customer,57,Personal Travel,Eco,650,0,3,0,3,4,1,3,4,4,0,4,3,4,3,0,0.0,satisfied
3834,Male,Loyal Customer,33,Personal Travel,Eco,650,1,4,1,2,1,1,1,1,1,4,2,5,3,1,0,0.0,neutral or dissatisfied
92908,Male,Loyal Customer,31,Business travel,Eco,151,1,5,4,5,1,1,1,2,2,4,4,1,1,1,129,152.0,neutral or dissatisfied
5972,Female,Loyal Customer,42,Personal Travel,Business,691,5,5,5,4,4,4,4,2,2,5,2,4,2,3,14,34.0,satisfied
120815,Male,Loyal Customer,33,Business travel,Business,2989,4,5,5,5,4,4,4,4,1,4,3,3,4,4,0,19.0,neutral or dissatisfied
34950,Female,Loyal Customer,60,Personal Travel,Eco,395,2,4,4,5,4,5,5,3,3,4,3,3,3,2,0,0.0,neutral or dissatisfied
128949,Male,Loyal Customer,49,Business travel,Business,2879,4,4,4,4,4,4,5,5,5,5,5,4,5,3,0,0.0,satisfied
81600,Female,Loyal Customer,68,Business travel,Business,3002,3,1,1,1,5,3,3,3,3,3,3,3,3,2,11,6.0,neutral or dissatisfied
33610,Female,disloyal Customer,18,Business travel,Eco,399,2,1,2,4,5,2,5,5,3,4,4,1,4,5,0,0.0,neutral or dissatisfied
104336,Female,Loyal Customer,66,Business travel,Business,3789,2,4,4,4,2,2,2,2,2,2,2,2,2,1,12,12.0,neutral or dissatisfied
11683,Female,Loyal Customer,63,Personal Travel,Business,429,1,4,1,1,2,5,4,3,3,1,3,3,3,3,0,0.0,neutral or dissatisfied
71300,Female,Loyal Customer,26,Business travel,Business,1514,3,3,3,3,3,3,3,3,3,2,4,4,3,3,2,0.0,neutral or dissatisfied
80966,Male,disloyal Customer,23,Business travel,Eco,297,1,4,1,1,1,1,1,1,4,5,5,4,4,1,0,0.0,neutral or dissatisfied
71333,Female,Loyal Customer,47,Business travel,Eco,1514,4,5,5,5,3,4,1,4,4,4,4,4,4,1,103,96.0,satisfied
109088,Male,Loyal Customer,43,Personal Travel,Eco,994,1,5,1,2,1,1,1,1,3,4,5,5,4,1,0,0.0,neutral or dissatisfied
87159,Female,disloyal Customer,15,Business travel,Business,946,4,5,4,3,5,4,1,5,3,3,4,5,5,5,27,34.0,satisfied
102074,Male,Loyal Customer,50,Business travel,Business,2246,5,5,5,5,3,4,5,4,4,4,4,5,4,4,23,16.0,satisfied
2130,Male,Loyal Customer,69,Business travel,Business,3335,3,4,4,4,4,2,3,3,3,3,3,3,3,1,61,64.0,neutral or dissatisfied
41446,Female,disloyal Customer,28,Business travel,Business,715,2,3,3,4,2,3,2,2,3,5,4,3,4,2,4,6.0,neutral or dissatisfied
15494,Female,Loyal Customer,50,Personal Travel,Eco,433,5,5,5,3,5,4,5,5,5,5,5,3,5,3,0,0.0,satisfied
55306,Male,disloyal Customer,33,Business travel,Eco,1285,3,3,3,3,3,3,3,3,1,5,4,3,3,3,71,52.0,neutral or dissatisfied
7213,Male,Loyal Customer,47,Business travel,Eco,135,4,2,4,4,4,4,4,4,3,3,4,2,4,4,0,0.0,neutral or dissatisfied
8312,Female,Loyal Customer,39,Business travel,Eco Plus,335,3,2,2,2,3,3,3,3,1,3,2,3,2,3,0,0.0,neutral or dissatisfied
16877,Female,Loyal Customer,47,Business travel,Eco,746,3,1,1,1,3,3,3,3,3,3,3,1,3,1,101,108.0,neutral or dissatisfied
128302,Female,Loyal Customer,49,Business travel,Business,3785,1,1,1,1,3,5,4,5,5,5,5,4,5,5,4,9.0,satisfied
52451,Male,Loyal Customer,28,Business travel,Eco Plus,509,5,1,4,1,5,5,5,5,2,5,4,1,3,5,0,0.0,satisfied
27407,Female,disloyal Customer,26,Business travel,Eco,679,2,2,2,2,4,2,4,4,4,1,1,1,1,4,0,0.0,neutral or dissatisfied
9471,Male,disloyal Customer,37,Business travel,Business,362,2,1,1,3,4,1,4,4,3,1,4,1,3,4,0,6.0,neutral or dissatisfied
64389,Female,Loyal Customer,10,Personal Travel,Eco,1192,2,1,2,3,3,2,3,3,2,5,4,4,4,3,0,0.0,neutral or dissatisfied
72012,Male,Loyal Customer,25,Business travel,Business,3784,1,1,1,1,5,5,5,5,3,3,4,5,5,5,54,27.0,satisfied
32972,Male,Loyal Customer,30,Personal Travel,Eco,201,5,4,5,3,3,5,3,3,3,5,1,5,4,3,0,2.0,satisfied
9020,Male,disloyal Customer,33,Business travel,Business,173,2,2,2,4,2,2,2,2,5,5,5,4,4,2,19,13.0,neutral or dissatisfied
118144,Female,disloyal Customer,45,Business travel,Business,1444,2,2,2,3,5,2,5,5,2,2,4,1,3,5,32,30.0,neutral or dissatisfied
56717,Female,Loyal Customer,14,Personal Travel,Eco,1023,1,4,1,2,4,1,4,4,3,1,4,5,5,4,0,21.0,neutral or dissatisfied
2227,Male,Loyal Customer,14,Business travel,Business,642,1,1,1,1,5,5,5,5,4,3,4,5,4,5,0,0.0,satisfied
17192,Male,Loyal Customer,11,Personal Travel,Eco,643,1,4,1,1,5,1,5,5,4,5,5,3,4,5,0,13.0,neutral or dissatisfied
37743,Female,Loyal Customer,43,Personal Travel,Eco,989,2,3,2,3,1,4,4,2,2,2,2,1,2,2,0,0.0,neutral or dissatisfied
35549,Female,Loyal Customer,21,Personal Travel,Eco,1097,2,1,2,3,1,2,1,1,3,4,2,4,2,1,0,0.0,neutral or dissatisfied
26007,Male,disloyal Customer,18,Business travel,Eco,425,3,1,3,2,1,3,1,1,2,4,3,1,3,1,0,0.0,neutral or dissatisfied
123567,Female,disloyal Customer,27,Business travel,Business,1773,2,1,1,1,1,1,4,1,4,5,3,5,4,1,3,0.0,neutral or dissatisfied
17495,Female,Loyal Customer,24,Business travel,Business,341,4,1,1,1,4,4,4,4,3,5,3,1,3,4,0,0.0,neutral or dissatisfied
9215,Female,disloyal Customer,22,Business travel,Business,157,4,0,4,4,5,4,3,5,3,3,4,4,4,5,104,84.0,satisfied
4921,Female,Loyal Customer,57,Personal Travel,Eco,1020,4,1,4,3,3,3,4,5,5,4,5,2,5,2,0,0.0,neutral or dissatisfied
100253,Male,disloyal Customer,23,Business travel,Business,1033,5,2,5,1,4,5,4,4,5,4,4,4,4,4,0,0.0,satisfied
30804,Male,disloyal Customer,23,Business travel,Eco,1199,2,2,2,2,1,2,1,1,1,2,4,5,2,1,0,1.0,neutral or dissatisfied
105911,Male,Loyal Customer,33,Personal Travel,Eco,283,0,4,0,4,1,0,1,1,5,4,5,3,5,1,0,0.0,satisfied
111301,Female,Loyal Customer,52,Business travel,Business,283,0,0,0,1,5,4,4,3,3,3,3,5,3,3,0,0.0,satisfied
69397,Female,Loyal Customer,43,Business travel,Business,3941,3,3,3,3,4,4,4,5,5,5,5,4,5,3,98,98.0,satisfied
3357,Male,Loyal Customer,38,Business travel,Business,240,3,3,3,3,2,5,5,5,5,5,5,5,5,5,40,32.0,satisfied
78126,Male,disloyal Customer,29,Business travel,Business,489,2,2,2,4,3,2,5,3,1,4,3,3,4,3,0,9.0,neutral or dissatisfied
104541,Male,Loyal Customer,64,Personal Travel,Eco,1256,3,5,3,5,2,3,2,2,5,2,4,3,4,2,0,0.0,neutral or dissatisfied
56939,Female,Loyal Customer,30,Business travel,Business,2454,5,5,5,5,3,3,3,4,5,4,5,3,3,3,12,34.0,satisfied
97293,Male,Loyal Customer,44,Business travel,Business,3007,3,3,4,3,2,5,4,4,4,4,4,5,4,3,44,43.0,satisfied
2248,Female,Loyal Customer,49,Business travel,Business,2464,4,4,4,4,3,5,5,5,5,4,5,4,5,3,20,14.0,satisfied
81741,Male,Loyal Customer,57,Business travel,Business,1310,5,5,5,5,5,4,4,5,5,5,5,5,5,5,2,0.0,satisfied
66124,Female,disloyal Customer,39,Business travel,Eco,183,3,0,3,4,1,3,1,1,5,3,1,5,3,1,0,0.0,neutral or dissatisfied
23514,Female,disloyal Customer,27,Business travel,Eco,303,2,1,2,3,3,2,3,3,2,1,3,3,3,3,112,95.0,neutral or dissatisfied
39841,Female,Loyal Customer,61,Business travel,Business,221,4,5,5,5,5,3,4,4,4,4,4,4,4,2,0,5.0,neutral or dissatisfied
37986,Female,Loyal Customer,50,Business travel,Business,1185,2,2,2,2,4,3,2,4,4,3,4,1,4,3,0,0.0,satisfied
73129,Male,Loyal Customer,39,Business travel,Business,3664,5,5,5,5,3,5,5,3,3,4,3,4,3,3,0,0.0,satisfied
4075,Male,Loyal Customer,56,Business travel,Business,544,3,1,3,3,4,5,5,4,4,4,4,4,4,4,0,0.0,satisfied
2023,Female,Loyal Customer,18,Personal Travel,Business,785,3,4,4,1,5,4,5,5,5,4,4,4,5,5,16,31.0,neutral or dissatisfied
55270,Male,Loyal Customer,19,Personal Travel,Eco,2007,4,4,4,1,5,4,5,5,3,3,5,5,5,5,0,0.0,neutral or dissatisfied
94109,Male,Loyal Customer,69,Personal Travel,Business,677,2,5,3,5,4,4,5,4,4,3,1,3,4,3,3,11.0,neutral or dissatisfied
97015,Male,Loyal Customer,31,Personal Travel,Eco,775,3,5,4,3,4,4,4,4,3,1,4,3,5,4,30,16.0,neutral or dissatisfied
119716,Female,disloyal Customer,18,Business travel,Eco,1303,1,1,1,3,5,1,5,5,4,5,4,2,3,5,0,0.0,neutral or dissatisfied
72371,Male,Loyal Customer,47,Business travel,Business,985,1,1,1,1,2,4,4,5,5,5,5,4,5,5,0,0.0,satisfied
96524,Female,Loyal Customer,68,Personal Travel,Eco,302,3,4,3,3,1,3,4,4,4,3,4,3,4,2,51,43.0,neutral or dissatisfied
69991,Male,Loyal Customer,64,Personal Travel,Eco,236,3,4,0,4,2,0,2,2,4,5,4,2,3,2,0,0.0,neutral or dissatisfied
35661,Female,Loyal Customer,17,Business travel,Business,2475,2,2,2,2,5,5,5,5,2,3,3,5,4,5,0,0.0,satisfied
24377,Female,Loyal Customer,36,Business travel,Business,669,4,4,4,4,3,4,4,5,5,5,5,1,5,5,0,0.0,satisfied
29784,Male,Loyal Customer,29,Business travel,Business,2528,5,5,5,5,3,4,3,3,2,2,1,1,5,3,0,5.0,satisfied
83054,Female,Loyal Customer,40,Business travel,Business,2845,2,5,5,5,1,3,3,2,2,2,2,3,2,4,0,39.0,neutral or dissatisfied
80235,Female,Loyal Customer,34,Business travel,Eco,1269,1,4,4,4,1,1,1,1,1,1,4,3,4,1,0,0.0,neutral or dissatisfied
85285,Male,Loyal Customer,47,Personal Travel,Eco,813,2,1,1,3,4,1,1,4,2,1,3,4,3,4,44,51.0,neutral or dissatisfied
37901,Male,disloyal Customer,25,Business travel,Eco,537,4,1,4,3,5,4,5,5,1,4,4,4,4,5,0,0.0,neutral or dissatisfied
129377,Male,Loyal Customer,56,Business travel,Business,2454,1,1,1,1,4,3,4,4,4,4,4,4,4,5,8,0.0,satisfied
38618,Female,Loyal Customer,8,Personal Travel,Eco Plus,231,3,5,3,2,2,3,2,2,5,2,5,5,1,2,0,0.0,neutral or dissatisfied
129576,Female,Loyal Customer,39,Personal Travel,Eco Plus,2342,4,4,4,4,2,4,2,2,2,4,4,5,4,2,19,0.0,satisfied
107618,Female,disloyal Customer,21,Business travel,Eco,423,2,4,2,4,5,2,5,5,2,5,4,3,4,5,39,33.0,neutral or dissatisfied
47192,Female,Loyal Customer,45,Business travel,Eco,565,4,3,3,3,3,3,1,4,4,4,4,4,4,4,18,17.0,satisfied
21076,Male,Loyal Customer,37,Business travel,Eco,106,2,2,2,2,2,2,2,2,4,1,3,4,3,2,47,50.0,neutral or dissatisfied
614,Male,disloyal Customer,40,Business travel,Business,309,3,3,3,3,2,3,2,2,3,2,5,4,4,2,0,0.0,neutral or dissatisfied
114016,Female,Loyal Customer,55,Personal Travel,Eco,1750,2,3,2,2,2,3,4,2,2,2,5,5,2,4,1,0.0,neutral or dissatisfied
98349,Male,Loyal Customer,54,Business travel,Business,2846,5,5,3,5,5,5,4,4,4,5,4,4,4,5,0,0.0,satisfied
75467,Male,Loyal Customer,52,Personal Travel,Eco,2342,4,4,4,3,1,4,1,1,2,5,4,3,3,1,0,0.0,neutral or dissatisfied
108160,Female,Loyal Customer,46,Personal Travel,Eco,1105,0,4,0,3,2,4,4,1,1,0,1,1,1,4,0,3.0,satisfied
114572,Female,Loyal Customer,35,Business travel,Business,342,5,5,5,5,5,5,4,5,5,5,5,3,5,5,0,0.0,satisfied
95255,Male,Loyal Customer,51,Personal Travel,Eco,239,2,1,2,3,5,2,5,5,4,4,3,2,3,5,6,0.0,neutral or dissatisfied
8084,Female,Loyal Customer,39,Business travel,Business,2407,3,3,3,3,2,4,5,4,4,4,4,4,4,4,0,0.0,satisfied
6458,Female,disloyal Customer,62,Business travel,Eco Plus,315,3,3,3,3,1,3,1,1,1,2,4,4,4,1,2,0.0,neutral or dissatisfied
29698,Male,Loyal Customer,23,Business travel,Eco,1542,4,3,3,3,4,4,5,4,4,4,3,2,2,4,0,0.0,satisfied
99932,Male,Loyal Customer,46,Personal Travel,Eco,764,1,5,1,4,4,1,4,4,3,4,5,5,5,4,0,0.0,neutral or dissatisfied
96313,Female,Loyal Customer,26,Personal Travel,Eco Plus,460,3,3,3,4,5,3,5,5,2,1,4,2,3,5,12,12.0,neutral or dissatisfied
89668,Female,Loyal Customer,25,Business travel,Business,1096,4,1,1,1,4,4,4,1,1,3,4,4,1,4,167,165.0,neutral or dissatisfied
43828,Female,disloyal Customer,35,Business travel,Eco,114,2,3,2,4,1,2,1,1,3,2,3,4,4,1,0,28.0,neutral or dissatisfied
61653,Female,Loyal Customer,39,Business travel,Eco,1635,2,2,2,2,2,2,2,2,3,2,3,3,4,2,1,9.0,neutral or dissatisfied
92407,Male,disloyal Customer,23,Business travel,Eco,833,5,5,5,3,3,5,3,3,4,3,3,4,5,3,0,0.0,satisfied
21562,Male,Loyal Customer,41,Business travel,Eco Plus,399,4,1,1,1,4,4,4,4,4,1,4,4,2,4,0,4.0,satisfied
11955,Female,Loyal Customer,45,Personal Travel,Eco,781,3,5,3,4,2,3,2,2,2,3,1,1,2,4,77,64.0,neutral or dissatisfied
9661,Female,Loyal Customer,54,Business travel,Business,277,3,3,3,3,4,5,5,5,5,5,5,3,5,5,0,0.0,satisfied
59837,Female,disloyal Customer,23,Business travel,Business,1023,4,5,4,1,1,4,1,1,3,4,5,5,4,1,9,0.0,satisfied
20192,Male,Loyal Customer,39,Business travel,Eco Plus,277,5,5,5,5,5,5,5,5,4,2,4,4,4,5,1,16.0,satisfied
25961,Female,Loyal Customer,62,Business travel,Business,2793,4,4,4,4,1,4,3,4,4,4,4,3,4,2,0,0.0,neutral or dissatisfied
67862,Male,Loyal Customer,47,Personal Travel,Eco,1171,1,4,1,2,3,1,3,3,4,2,4,3,5,3,37,39.0,neutral or dissatisfied
6540,Female,Loyal Customer,33,Business travel,Business,528,2,2,2,2,1,2,2,2,2,2,2,2,2,1,30,14.0,neutral or dissatisfied
13291,Female,Loyal Customer,25,Business travel,Eco Plus,771,1,5,5,5,1,1,3,1,3,2,3,3,4,1,0,0.0,neutral or dissatisfied
29748,Male,Loyal Customer,46,Business travel,Business,95,1,1,4,1,3,4,5,5,5,5,4,3,5,3,1,0.0,satisfied
111040,Male,Loyal Customer,70,Business travel,Business,1545,2,4,4,4,2,3,4,3,3,3,2,4,3,1,27,11.0,neutral or dissatisfied
91010,Female,Loyal Customer,63,Personal Travel,Eco,581,2,5,2,5,4,5,5,1,1,2,1,4,1,3,59,46.0,neutral or dissatisfied
7721,Male,Loyal Customer,54,Business travel,Business,2431,5,5,5,5,5,5,4,5,5,5,5,5,5,4,0,3.0,satisfied
104761,Female,Loyal Customer,54,Personal Travel,Eco,1246,2,4,2,5,4,5,4,3,3,2,3,4,3,5,82,59.0,neutral or dissatisfied
49562,Male,Loyal Customer,66,Business travel,Business,1878,1,3,3,3,4,3,4,3,3,3,1,4,3,2,9,1.0,neutral or dissatisfied
70920,Male,disloyal Customer,30,Business travel,Eco,612,3,4,2,3,2,1,1,1,2,4,3,1,4,1,290,290.0,neutral or dissatisfied
44363,Male,disloyal Customer,38,Business travel,Eco,196,2,3,1,3,2,1,2,2,3,4,4,2,1,2,2,1.0,neutral or dissatisfied
105311,Male,Loyal Customer,58,Business travel,Business,2372,1,1,1,1,4,5,5,5,5,5,5,3,5,5,0,0.0,satisfied
82601,Male,disloyal Customer,38,Business travel,Eco,408,1,1,2,4,2,2,5,2,3,1,3,4,4,2,0,0.0,neutral or dissatisfied
22152,Female,Loyal Customer,29,Business travel,Business,533,1,1,1,1,4,4,4,4,2,4,5,3,2,4,1,0.0,satisfied
32695,Female,Loyal Customer,58,Business travel,Business,3600,1,2,5,2,1,3,4,4,4,3,1,2,4,3,0,0.0,neutral or dissatisfied
62899,Male,Loyal Customer,39,Business travel,Business,862,4,4,4,4,3,5,4,4,4,4,4,3,4,5,54,,satisfied
42245,Male,Loyal Customer,25,Business travel,Eco,846,5,5,5,5,5,5,5,5,4,1,1,4,5,5,0,0.0,satisfied
121805,Female,Loyal Customer,48,Business travel,Business,1569,4,4,3,4,2,4,5,5,5,5,5,4,5,3,0,0.0,satisfied
77289,Female,Loyal Customer,57,Personal Travel,Eco Plus,1931,3,5,3,5,4,4,4,2,2,3,2,5,2,3,0,1.0,neutral or dissatisfied
25160,Male,Loyal Customer,24,Business travel,Business,2106,3,4,4,4,3,3,3,3,2,4,3,1,3,3,8,24.0,neutral or dissatisfied
33175,Male,Loyal Customer,27,Personal Travel,Eco,216,3,0,3,2,4,3,4,4,4,2,3,4,4,4,0,0.0,neutral or dissatisfied
41532,Female,Loyal Customer,31,Business travel,Business,1504,5,5,5,5,5,5,5,5,3,5,2,2,5,5,61,57.0,satisfied
42430,Female,Loyal Customer,30,Business travel,Eco Plus,451,4,5,5,5,4,4,4,4,1,2,3,2,3,4,10,23.0,satisfied
352,Female,Loyal Customer,7,Personal Travel,Eco Plus,853,2,5,1,2,5,1,5,5,3,2,5,4,4,5,0,0.0,neutral or dissatisfied
34667,Female,Loyal Customer,39,Business travel,Business,2056,1,5,5,5,1,1,1,1,3,3,4,1,1,1,460,457.0,neutral or dissatisfied
126005,Female,disloyal Customer,39,Business travel,Business,590,4,3,3,3,3,3,3,3,4,4,4,3,5,3,0,0.0,satisfied
47394,Female,disloyal Customer,52,Business travel,Eco,588,1,3,0,3,4,0,4,4,3,2,2,3,2,4,0,0.0,neutral or dissatisfied
6066,Female,Loyal Customer,16,Personal Travel,Eco,925,2,5,1,1,4,1,4,4,5,5,5,5,5,4,0,0.0,neutral or dissatisfied
9429,Male,disloyal Customer,25,Business travel,Eco,288,3,2,3,2,3,4,4,3,4,2,3,4,1,4,152,142.0,neutral or dissatisfied
85408,Male,Loyal Customer,58,Business travel,Business,3995,0,4,0,4,3,5,4,5,5,5,5,5,5,3,31,28.0,satisfied
123928,Female,Loyal Customer,27,Personal Travel,Eco,544,4,5,4,3,2,4,2,2,3,4,4,3,5,2,0,0.0,neutral or dissatisfied
126468,Female,Loyal Customer,58,Business travel,Business,1788,1,1,3,1,2,4,5,4,4,4,4,3,4,5,0,0.0,satisfied
57494,Male,Loyal Customer,40,Business travel,Business,1075,4,1,4,4,2,4,5,5,5,5,5,3,5,5,0,0.0,satisfied
12454,Female,Loyal Customer,13,Personal Travel,Eco,201,3,3,3,3,5,3,5,5,2,3,4,3,4,5,0,0.0,neutral or dissatisfied
128582,Male,Loyal Customer,57,Business travel,Business,2552,3,3,3,3,3,5,5,5,5,5,5,5,5,4,0,0.0,satisfied
116887,Female,Loyal Customer,45,Business travel,Business,1594,1,1,3,1,3,4,5,4,4,4,4,5,4,4,4,4.0,satisfied
11411,Female,Loyal Customer,44,Business travel,Business,2859,5,5,5,5,4,5,4,4,4,4,5,3,4,4,0,1.0,satisfied
58267,Male,Loyal Customer,45,Business travel,Business,678,5,5,5,5,3,4,5,3,3,4,3,5,3,3,6,0.0,satisfied
118849,Female,Loyal Customer,17,Personal Travel,Eco Plus,647,3,4,3,5,5,3,5,5,1,4,5,3,2,5,59,59.0,neutral or dissatisfied
91572,Male,Loyal Customer,31,Business travel,Business,1123,2,4,4,4,2,2,2,2,4,5,3,3,2,2,23,14.0,neutral or dissatisfied
115571,Male,Loyal Customer,26,Business travel,Business,390,1,1,1,1,3,4,3,3,3,2,4,5,4,3,1,0.0,satisfied
56013,Female,Loyal Customer,44,Business travel,Business,2475,2,2,2,2,5,5,5,4,5,4,4,5,4,5,0,0.0,satisfied
43452,Female,Loyal Customer,44,Business travel,Eco,679,4,4,3,3,2,2,4,4,4,4,4,3,4,2,0,0.0,satisfied
125564,Male,Loyal Customer,41,Personal Travel,Eco,226,1,5,0,5,3,0,3,3,4,3,5,3,4,3,0,0.0,neutral or dissatisfied
41483,Male,Loyal Customer,36,Business travel,Eco,1242,3,4,4,4,3,5,3,3,4,5,2,5,1,3,0,20.0,satisfied
118092,Male,disloyal Customer,22,Business travel,Eco,1276,1,1,1,3,4,1,4,4,3,2,4,5,5,4,18,14.0,neutral or dissatisfied
25206,Female,Loyal Customer,43,Business travel,Business,925,5,3,5,5,2,3,1,4,4,4,4,2,4,2,15,1.0,satisfied
121130,Male,Loyal Customer,49,Business travel,Business,2370,5,5,5,5,3,4,5,4,4,4,4,3,4,3,0,0.0,satisfied
17914,Female,Loyal Customer,46,Business travel,Eco,789,4,4,4,4,2,4,1,4,4,4,4,1,4,5,0,0.0,satisfied
76205,Male,Loyal Customer,37,Personal Travel,Eco,2422,1,4,1,4,2,1,2,2,4,2,3,4,5,2,0,0.0,neutral or dissatisfied
57988,Male,Loyal Customer,52,Business travel,Business,3087,1,1,1,1,3,5,5,4,4,4,4,5,4,3,25,20.0,satisfied
105360,Male,Loyal Customer,49,Business travel,Business,1942,4,2,4,4,5,5,5,4,4,4,4,3,4,4,41,25.0,satisfied
34701,Male,Loyal Customer,46,Business travel,Business,3259,1,1,1,1,5,5,5,3,3,3,3,5,5,5,183,174.0,satisfied
44484,Female,Loyal Customer,31,Personal Travel,Eco,692,1,5,1,3,2,1,2,2,3,4,4,3,5,2,47,51.0,neutral or dissatisfied
59808,Male,Loyal Customer,35,Business travel,Business,937,3,4,3,4,4,2,3,3,3,3,3,1,3,4,25,16.0,neutral or dissatisfied
107143,Female,Loyal Customer,54,Business travel,Business,3159,3,3,5,3,5,5,5,4,4,4,4,5,4,4,2,2.0,satisfied
14835,Male,disloyal Customer,21,Business travel,Eco,261,3,0,3,2,3,3,3,3,4,5,1,1,2,3,128,129.0,neutral or dissatisfied
60984,Female,Loyal Customer,60,Business travel,Business,888,5,5,5,5,2,5,4,4,4,4,4,4,4,5,0,9.0,satisfied
71403,Male,disloyal Customer,17,Business travel,Eco,334,2,5,2,1,3,2,1,3,4,2,5,5,4,3,0,0.0,neutral or dissatisfied
30774,Male,Loyal Customer,69,Personal Travel,Business,895,3,3,3,3,2,3,3,5,5,3,5,4,5,4,23,12.0,neutral or dissatisfied
49787,Female,Loyal Customer,59,Business travel,Business,110,3,3,3,3,2,3,2,1,2,4,3,2,3,2,163,157.0,neutral or dissatisfied
55095,Female,disloyal Customer,27,Business travel,Eco,979,2,2,2,3,1,2,3,1,4,1,4,2,3,1,21,10.0,neutral or dissatisfied
84179,Female,Loyal Customer,39,Personal Travel,Eco Plus,231,3,2,0,3,3,0,3,3,2,1,2,3,3,3,0,0.0,neutral or dissatisfied
63633,Female,Loyal Customer,23,Business travel,Business,2764,1,3,1,1,1,1,1,1,4,1,2,2,2,1,27,9.0,neutral or dissatisfied
84386,Female,disloyal Customer,43,Business travel,Business,606,5,5,5,4,5,1,4,5,4,5,5,4,3,4,164,163.0,satisfied
113295,Female,Loyal Customer,58,Business travel,Business,1519,2,2,4,2,5,5,4,5,5,4,5,5,5,4,0,0.0,satisfied
64402,Female,disloyal Customer,44,Business travel,Eco Plus,1192,2,2,2,3,4,2,4,4,3,1,2,4,3,4,26,27.0,neutral or dissatisfied
4941,Female,Loyal Customer,25,Personal Travel,Eco,268,2,0,2,3,4,2,4,4,3,3,1,5,3,4,0,0.0,neutral or dissatisfied
36202,Female,Loyal Customer,40,Business travel,Eco,496,5,1,1,1,5,5,5,5,3,1,3,2,5,5,0,10.0,satisfied
98984,Female,Loyal Customer,26,Personal Travel,Eco,543,3,4,3,2,4,3,1,4,5,5,4,5,5,4,37,30.0,neutral or dissatisfied
43672,Male,Loyal Customer,31,Personal Travel,Eco,695,1,1,2,2,4,2,2,4,4,1,2,2,3,4,0,0.0,neutral or dissatisfied
66329,Female,Loyal Customer,17,Business travel,Business,3983,4,4,4,4,4,4,4,4,3,2,5,5,5,4,0,0.0,satisfied
73881,Female,Loyal Customer,39,Business travel,Business,2330,4,4,4,4,4,4,4,5,5,5,5,5,5,3,0,0.0,satisfied
46985,Female,Loyal Customer,70,Personal Travel,Eco,776,3,4,3,3,5,5,4,3,3,3,3,3,3,4,0,0.0,neutral or dissatisfied
72045,Female,Loyal Customer,49,Business travel,Business,2556,3,2,2,2,4,3,4,3,3,3,3,3,3,3,0,0.0,neutral or dissatisfied
63157,Male,Loyal Customer,51,Business travel,Business,1604,3,3,3,3,2,4,4,4,4,4,4,3,4,4,0,0.0,satisfied
15766,Male,disloyal Customer,15,Business travel,Eco,198,3,1,3,3,2,3,2,2,1,4,4,4,4,2,124,95.0,neutral or dissatisfied
123654,Female,Loyal Customer,42,Business travel,Business,2042,4,4,4,4,4,4,4,4,4,4,4,4,4,5,0,0.0,satisfied
66554,Female,Loyal Customer,69,Personal Travel,Eco,328,3,0,3,3,2,4,4,5,5,3,5,5,5,4,0,0.0,neutral or dissatisfied
50672,Female,Loyal Customer,68,Personal Travel,Eco,373,2,3,2,4,3,4,4,2,2,2,2,3,2,4,2,7.0,neutral or dissatisfied
49933,Female,Loyal Customer,48,Business travel,Business,3260,3,3,4,3,4,4,3,3,3,3,3,3,3,1,0,0.0,neutral or dissatisfied
112891,Female,disloyal Customer,25,Business travel,Eco,1390,2,2,2,3,1,2,1,1,4,2,4,3,3,1,25,14.0,neutral or dissatisfied
105161,Male,Loyal Customer,56,Business travel,Eco,281,4,3,3,3,4,4,4,4,1,1,4,2,3,4,0,0.0,satisfied
24870,Male,disloyal Customer,38,Business travel,Business,356,3,3,3,4,2,3,1,2,4,2,3,4,3,2,0,2.0,neutral or dissatisfied
84294,Male,Loyal Customer,52,Business travel,Business,2202,3,3,3,3,2,5,4,5,5,5,5,3,5,5,52,26.0,satisfied
22396,Female,Loyal Customer,33,Business travel,Business,1763,5,5,5,5,5,2,2,5,5,5,3,4,5,1,0,0.0,satisfied
44109,Female,Loyal Customer,63,Personal Travel,Eco,473,4,4,4,2,5,1,1,1,1,4,1,4,1,4,0,0.0,neutral or dissatisfied
20626,Female,Loyal Customer,59,Business travel,Business,3351,2,2,2,2,4,3,4,2,2,2,2,2,2,1,0,0.0,neutral or dissatisfied
87903,Female,disloyal Customer,46,Business travel,Business,406,4,4,4,3,1,4,1,1,5,3,5,4,5,1,0,0.0,neutral or dissatisfied
36485,Male,Loyal Customer,57,Business travel,Business,3140,3,5,5,5,4,3,3,3,3,3,3,3,3,4,12,0.0,neutral or dissatisfied
68421,Male,Loyal Customer,21,Personal Travel,Eco,1045,3,4,3,1,2,3,4,2,5,1,5,3,4,2,0,0.0,neutral or dissatisfied
88161,Male,disloyal Customer,27,Business travel,Business,271,2,2,2,4,3,2,3,3,5,5,5,5,4,3,0,0.0,neutral or dissatisfied
7365,Female,Loyal Customer,42,Business travel,Business,3647,3,3,3,3,2,4,5,5,5,5,5,5,5,5,0,0.0,satisfied
72064,Female,Loyal Customer,39,Business travel,Business,2556,3,3,3,3,5,3,5,4,4,4,4,5,4,5,36,0.0,satisfied
784,Male,disloyal Customer,24,Business travel,Eco,134,3,0,3,1,5,3,5,5,5,4,4,3,5,5,0,0.0,neutral or dissatisfied
37322,Male,disloyal Customer,36,Business travel,Eco,1028,2,2,2,3,2,2,2,2,5,3,2,2,2,2,0,0.0,neutral or dissatisfied
63814,Female,disloyal Customer,37,Business travel,Business,1192,3,3,3,2,4,3,4,4,3,3,5,5,4,4,10,3.0,neutral or dissatisfied
111607,Male,Loyal Customer,54,Business travel,Business,1014,2,2,2,2,5,4,4,4,4,4,4,5,4,3,6,12.0,satisfied
105549,Male,Loyal Customer,25,Personal Travel,Eco,611,4,5,4,3,4,2,2,5,3,2,3,2,5,2,175,192.0,neutral or dissatisfied
63063,Female,Loyal Customer,25,Personal Travel,Eco,862,3,3,3,3,1,3,1,1,1,1,4,2,4,1,0,0.0,neutral or dissatisfied
30839,Male,Loyal Customer,29,Business travel,Eco Plus,955,4,2,2,2,4,4,4,4,3,2,3,2,1,4,0,1.0,satisfied
92484,Male,disloyal Customer,25,Business travel,Business,2139,5,0,5,4,3,5,3,3,5,2,3,4,4,3,0,0.0,satisfied
45018,Male,Loyal Customer,39,Personal Travel,Eco,359,4,5,4,3,3,4,3,3,4,2,5,3,2,3,0,0.0,neutral or dissatisfied
73231,Female,Loyal Customer,50,Personal Travel,Eco,946,3,1,3,2,3,2,2,1,1,3,1,4,1,2,50,52.0,neutral or dissatisfied
102279,Male,Loyal Customer,37,Business travel,Business,3592,3,4,4,4,2,4,4,3,3,3,3,1,3,4,0,0.0,neutral or dissatisfied
63817,Male,Loyal Customer,42,Business travel,Business,1623,5,5,5,5,5,4,5,3,3,3,3,4,3,3,0,0.0,satisfied
14989,Male,Loyal Customer,26,Personal Travel,Eco Plus,1080,2,4,3,4,3,3,3,3,5,4,5,4,5,3,6,0.0,neutral or dissatisfied
8206,Male,Loyal Customer,42,Business travel,Business,2244,3,5,5,5,5,4,4,3,3,3,3,1,3,2,7,12.0,neutral or dissatisfied
48339,Male,Loyal Customer,29,Business travel,Business,1988,4,4,2,4,5,4,5,5,1,1,2,5,5,5,0,0.0,satisfied
23984,Female,Loyal Customer,52,Business travel,Eco,427,4,4,4,4,3,5,5,4,4,4,4,5,4,4,3,10.0,satisfied
79411,Male,disloyal Customer,26,Business travel,Eco,102,2,2,2,3,3,2,3,3,1,4,4,1,4,3,81,77.0,neutral or dissatisfied
51283,Female,Loyal Customer,35,Business travel,Eco Plus,250,1,4,4,4,1,1,1,1,4,2,2,1,2,1,55,,neutral or dissatisfied
107587,Male,Loyal Customer,53,Business travel,Business,3537,3,3,3,3,5,5,5,5,5,5,5,3,5,5,7,0.0,satisfied
60848,Female,Loyal Customer,7,Personal Travel,Eco,1754,1,1,1,3,1,1,1,1,3,4,3,1,3,1,2,0.0,neutral or dissatisfied
34046,Male,Loyal Customer,34,Business travel,Business,1674,4,4,4,4,4,5,4,4,4,5,4,5,4,3,0,0.0,satisfied
62350,Male,Loyal Customer,40,Business travel,Eco,1735,2,4,4,4,2,2,2,2,4,2,2,1,3,2,29,27.0,neutral or dissatisfied
113811,Female,disloyal Customer,32,Business travel,Eco Plus,407,2,2,2,3,3,2,3,3,3,1,3,2,3,3,31,34.0,neutral or dissatisfied
54654,Female,Loyal Customer,30,Business travel,Business,854,5,5,5,5,5,5,5,5,3,1,4,5,1,5,0,0.0,satisfied
51202,Male,Loyal Customer,40,Business travel,Eco Plus,373,5,5,1,5,5,5,5,5,4,3,2,5,4,5,0,7.0,satisfied
102764,Male,Loyal Customer,34,Business travel,Business,1618,4,4,4,4,5,3,5,5,5,5,5,4,5,4,37,11.0,satisfied
58,Female,Loyal Customer,43,Business travel,Business,2199,0,5,0,1,4,4,5,5,5,5,5,4,5,3,0,0.0,satisfied
84727,Female,Loyal Customer,40,Business travel,Business,3521,3,3,2,3,2,5,4,2,2,2,2,5,2,5,0,0.0,satisfied
30317,Female,disloyal Customer,25,Business travel,Eco,391,1,0,1,3,5,1,5,5,1,4,2,4,5,5,3,0.0,neutral or dissatisfied
33706,Male,disloyal Customer,20,Business travel,Eco,759,3,3,3,3,1,3,1,1,4,1,4,1,4,1,8,11.0,neutral or dissatisfied
54865,Male,Loyal Customer,57,Business travel,Business,862,3,3,3,3,4,4,5,4,4,4,4,4,4,4,8,0.0,satisfied
6191,Male,Loyal Customer,52,Personal Travel,Eco,491,2,1,4,3,3,4,3,3,2,1,4,4,3,3,16,17.0,neutral or dissatisfied
99701,Male,Loyal Customer,48,Business travel,Business,1767,5,5,5,5,4,5,5,5,5,5,5,3,5,3,20,21.0,satisfied
9112,Female,Loyal Customer,46,Business travel,Business,2473,3,3,3,3,3,4,4,5,5,5,5,4,5,4,5,26.0,satisfied
66360,Female,disloyal Customer,85,Business travel,Business,586,2,2,2,3,2,2,5,2,4,3,1,5,2,5,0,0.0,neutral or dissatisfied
5042,Female,Loyal Customer,59,Business travel,Business,235,3,3,3,3,5,4,4,5,5,5,5,5,5,5,0,0.0,satisfied
120436,Female,Loyal Customer,62,Business travel,Business,2845,2,2,2,2,1,4,3,4,4,4,4,4,4,5,0,0.0,satisfied
82426,Male,Loyal Customer,47,Business travel,Business,241,0,0,0,3,4,5,5,5,5,5,5,4,5,3,5,0.0,satisfied
41339,Male,Loyal Customer,21,Personal Travel,Eco,689,3,1,3,3,2,3,3,2,4,1,3,1,3,2,0,22.0,neutral or dissatisfied
84129,Female,Loyal Customer,49,Personal Travel,Eco,1569,4,4,3,3,2,4,5,4,4,3,4,4,4,5,0,0.0,satisfied
116245,Female,Loyal Customer,14,Personal Travel,Eco,325,5,1,5,3,2,5,2,2,1,1,4,2,3,2,4,0.0,satisfied
90169,Female,Loyal Customer,46,Personal Travel,Eco,1084,3,5,3,4,3,5,3,3,2,4,5,3,5,3,247,238.0,neutral or dissatisfied
60751,Female,Loyal Customer,25,Business travel,Business,628,2,2,2,2,4,5,4,4,3,2,4,4,5,4,17,14.0,satisfied
83934,Male,Loyal Customer,46,Business travel,Business,3724,5,5,2,5,4,5,4,4,4,4,4,3,4,4,0,18.0,satisfied
16542,Male,Loyal Customer,25,Business travel,Business,2365,1,1,5,1,4,5,4,4,3,5,2,4,2,4,0,0.0,satisfied
37022,Female,Loyal Customer,61,Personal Travel,Eco Plus,899,3,5,3,3,3,5,4,4,4,3,4,4,4,5,28,38.0,neutral or dissatisfied
89270,Male,Loyal Customer,54,Business travel,Business,2392,2,2,2,2,5,4,5,4,4,4,4,4,4,3,0,0.0,satisfied
76816,Male,Loyal Customer,31,Business travel,Business,3095,5,5,5,5,5,5,5,5,5,3,5,4,5,5,7,5.0,satisfied
37269,Female,Loyal Customer,54,Business travel,Eco,1056,5,5,5,5,2,1,4,5,5,5,5,4,5,4,0,0.0,satisfied
115226,Female,Loyal Customer,58,Business travel,Business,337,2,4,4,4,3,2,3,2,2,2,2,2,2,1,0,0.0,neutral or dissatisfied
30289,Male,Loyal Customer,41,Business travel,Business,1476,3,3,3,3,3,3,5,5,5,5,5,3,5,5,0,0.0,satisfied
53518,Male,Loyal Customer,68,Personal Travel,Eco,2419,1,4,1,3,1,5,5,3,3,5,5,5,3,5,4,4.0,neutral or dissatisfied
113572,Male,Loyal Customer,50,Business travel,Eco,414,3,1,2,2,3,3,3,3,1,1,3,3,2,3,0,0.0,neutral or dissatisfied
108938,Male,Loyal Customer,62,Personal Travel,Eco,1075,4,5,4,4,1,4,1,1,5,3,5,5,4,1,54,37.0,neutral or dissatisfied
13008,Female,Loyal Customer,47,Business travel,Business,1686,3,3,3,3,1,5,3,4,4,4,4,5,4,4,0,0.0,satisfied
105791,Male,Loyal Customer,34,Personal Travel,Eco,925,3,4,3,1,3,3,3,3,4,5,4,4,5,3,1,0.0,neutral or dissatisfied
58509,Male,Loyal Customer,67,Personal Travel,Eco,719,4,4,4,3,4,4,4,4,3,2,5,4,5,4,37,29.0,neutral or dissatisfied
126972,Male,Loyal Customer,42,Business travel,Business,325,3,3,3,3,2,4,5,5,5,5,5,3,5,4,1,0.0,satisfied
112916,Female,Loyal Customer,58,Business travel,Business,1076,1,3,3,3,2,3,4,1,1,1,1,2,1,2,25,9.0,neutral or dissatisfied
50858,Male,Loyal Customer,67,Personal Travel,Eco,363,3,5,3,3,5,3,5,5,4,4,4,5,4,5,5,2.0,neutral or dissatisfied
16235,Female,Loyal Customer,11,Business travel,Business,2869,1,4,4,4,1,1,1,1,4,5,4,1,3,1,2,17.0,neutral or dissatisfied
6789,Female,disloyal Customer,26,Business travel,Business,303,2,0,2,2,4,2,4,4,5,2,4,5,4,4,0,0.0,neutral or dissatisfied
82056,Female,disloyal Customer,35,Business travel,Eco Plus,1522,2,2,2,2,2,2,2,2,2,2,1,4,2,2,1,0.0,neutral or dissatisfied
19432,Male,Loyal Customer,38,Personal Travel,Eco,645,2,4,2,1,4,2,3,4,1,5,1,3,2,4,37,63.0,neutral or dissatisfied
37451,Male,disloyal Customer,21,Business travel,Eco,1028,2,2,2,4,1,2,1,1,5,1,3,4,4,1,2,0.0,neutral or dissatisfied
104839,Female,Loyal Customer,46,Personal Travel,Eco,472,2,2,5,3,4,3,3,2,2,5,2,4,2,2,44,30.0,neutral or dissatisfied
11605,Male,Loyal Customer,40,Personal Travel,Eco,657,4,4,4,4,5,4,5,5,5,5,4,4,4,5,0,0.0,satisfied
92523,Female,Loyal Customer,28,Personal Travel,Eco,1947,2,4,2,4,5,2,5,5,3,2,5,3,5,5,14,0.0,neutral or dissatisfied
59779,Female,Loyal Customer,35,Personal Travel,Eco,927,4,4,4,2,1,4,1,1,4,3,4,3,4,1,0,0.0,satisfied
15539,Female,Loyal Customer,32,Business travel,Business,3611,4,4,4,4,4,4,4,4,5,4,1,4,4,4,26,4.0,satisfied
18071,Male,Loyal Customer,64,Personal Travel,Eco,488,5,0,5,4,4,5,4,4,3,2,4,3,3,4,0,0.0,satisfied
127037,Female,disloyal Customer,22,Business travel,Eco,651,3,1,3,2,5,3,5,5,4,2,3,3,3,5,1,10.0,neutral or dissatisfied
31116,Male,Loyal Customer,24,Business travel,Business,3920,1,1,1,1,4,4,4,4,3,4,3,4,5,4,0,0.0,satisfied
109781,Female,Loyal Customer,42,Personal Travel,Business,1052,4,4,5,3,5,3,3,4,2,5,4,3,4,3,338,304.0,neutral or dissatisfied
62588,Male,Loyal Customer,31,Business travel,Business,1726,5,5,5,5,5,5,5,5,1,4,2,5,2,5,0,0.0,satisfied
63623,Male,Loyal Customer,34,Business travel,Business,1440,3,3,3,3,4,4,4,5,5,4,4,4,5,4,147,157.0,satisfied
74533,Female,Loyal Customer,18,Business travel,Business,1126,2,2,2,2,4,3,4,4,5,4,5,5,4,4,0,0.0,satisfied
23564,Female,Loyal Customer,41,Business travel,Eco Plus,770,1,2,2,2,3,3,4,1,1,1,1,2,1,1,15,15.0,neutral or dissatisfied
67595,Female,disloyal Customer,35,Business travel,Business,1242,4,4,4,5,2,4,2,2,5,4,4,5,4,2,0,0.0,neutral or dissatisfied
81924,Female,Loyal Customer,42,Business travel,Business,3535,5,5,5,5,2,4,4,3,3,3,3,5,3,4,0,0.0,satisfied
6132,Male,disloyal Customer,21,Business travel,Eco,475,1,0,1,1,2,1,2,2,5,5,5,3,5,2,8,7.0,neutral or dissatisfied
10442,Male,disloyal Customer,33,Business travel,Business,201,3,2,2,1,4,2,4,4,4,2,5,3,4,4,65,100.0,neutral or dissatisfied
93680,Male,Loyal Customer,60,Business travel,Business,3254,5,5,1,5,2,4,5,4,4,4,4,3,4,5,24,66.0,satisfied
72023,Female,Loyal Customer,53,Business travel,Business,3784,3,3,3,3,4,4,4,5,3,4,5,4,5,4,0,0.0,satisfied
57470,Male,Loyal Customer,46,Business travel,Business,1875,1,1,1,1,4,5,5,3,3,3,3,5,3,5,0,0.0,satisfied
35149,Male,disloyal Customer,39,Business travel,Business,1118,2,3,3,3,1,3,4,1,3,5,3,1,3,1,0,20.0,neutral or dissatisfied
125823,Male,disloyal Customer,23,Business travel,Eco,1013,3,3,3,3,5,3,3,5,3,5,4,5,5,5,4,0.0,neutral or dissatisfied
116925,Male,Loyal Customer,49,Business travel,Business,2778,3,3,3,3,2,5,4,5,5,5,5,3,5,4,22,6.0,satisfied
103326,Female,Loyal Customer,35,Personal Travel,Eco,1139,2,4,2,1,5,2,5,5,5,4,3,3,5,5,0,4.0,neutral or dissatisfied
104969,Female,Loyal Customer,59,Business travel,Business,314,2,2,2,2,4,5,4,5,5,5,5,3,5,3,80,69.0,satisfied
54556,Female,Loyal Customer,64,Personal Travel,Eco,925,3,1,3,3,2,3,2,4,4,3,4,2,4,1,0,3.0,neutral or dissatisfied
114469,Male,Loyal Customer,75,Business travel,Business,371,1,1,1,1,4,2,2,1,1,1,1,1,1,1,14,11.0,neutral or dissatisfied
61306,Male,Loyal Customer,9,Personal Travel,Eco,862,2,1,2,2,4,2,4,4,3,3,1,3,2,4,2,1.0,neutral or dissatisfied
18117,Female,Loyal Customer,44,Business travel,Eco Plus,629,3,1,1,1,5,3,4,3,3,3,3,1,3,2,11,8.0,neutral or dissatisfied
65932,Female,Loyal Customer,13,Personal Travel,Eco,569,2,3,2,3,1,2,1,1,5,2,2,1,4,1,59,62.0,neutral or dissatisfied
57316,Male,Loyal Customer,53,Business travel,Business,414,1,1,1,1,4,4,5,5,5,4,5,5,5,3,0,1.0,satisfied
55434,Female,Loyal Customer,44,Business travel,Eco,2136,2,2,4,4,2,2,2,2,5,2,2,2,2,2,0,51.0,neutral or dissatisfied
105469,Female,disloyal Customer,28,Business travel,Business,495,2,2,2,1,3,2,3,3,3,2,5,3,4,3,0,0.0,neutral or dissatisfied
15297,Female,disloyal Customer,23,Business travel,Eco,612,3,5,3,1,2,3,2,2,3,1,5,2,3,2,0,0.0,neutral or dissatisfied
127101,Female,Loyal Customer,32,Personal Travel,Eco,647,5,5,5,2,1,5,1,1,3,5,1,5,4,1,0,0.0,satisfied
112872,Female,Loyal Customer,39,Business travel,Business,1357,3,3,1,3,4,5,5,2,2,2,2,4,2,5,1,0.0,satisfied
97574,Female,Loyal Customer,53,Business travel,Business,3497,5,5,5,5,5,5,4,3,3,3,3,5,3,3,43,43.0,satisfied
100010,Female,Loyal Customer,44,Business travel,Business,277,3,3,3,3,3,5,5,4,4,4,4,3,4,4,0,0.0,satisfied
115618,Male,Loyal Customer,51,Business travel,Business,1898,2,2,2,2,4,4,5,5,5,5,5,3,5,3,0,1.0,satisfied
25728,Male,Loyal Customer,40,Personal Travel,Eco,528,5,4,5,2,4,5,4,4,4,3,5,3,4,4,12,0.0,satisfied
111717,Female,Loyal Customer,25,Personal Travel,Eco,541,3,4,3,2,1,3,1,1,4,5,5,5,4,1,33,37.0,neutral or dissatisfied
13734,Male,Loyal Customer,53,Business travel,Eco,401,4,3,3,3,4,4,4,2,2,3,5,4,2,4,242,242.0,satisfied
2415,Male,Loyal Customer,8,Personal Travel,Eco,604,2,5,2,3,5,2,5,5,4,5,4,3,1,5,0,0.0,neutral or dissatisfied
89624,Male,Loyal Customer,24,Business travel,Eco,1035,4,4,4,4,4,4,4,4,2,1,3,3,3,4,26,4.0,neutral or dissatisfied
36007,Female,disloyal Customer,33,Business travel,Eco,399,2,0,2,2,4,2,5,4,2,3,5,4,3,4,0,0.0,neutral or dissatisfied
67683,Female,Loyal Customer,57,Business travel,Business,3161,5,5,5,5,3,4,4,5,5,5,5,3,5,3,0,0.0,satisfied
10437,Female,disloyal Customer,22,Business travel,Business,224,0,4,0,1,3,0,3,3,4,5,4,4,4,3,0,0.0,satisfied
110284,Female,disloyal Customer,19,Business travel,Business,883,5,0,5,2,5,5,5,5,3,5,4,4,5,5,8,22.0,satisfied
122491,Male,Loyal Customer,57,Business travel,Eco Plus,808,1,2,2,2,1,1,1,1,1,4,2,3,2,1,0,0.0,neutral or dissatisfied
103301,Male,disloyal Customer,24,Business travel,Eco,1139,4,3,3,3,1,3,1,1,3,2,5,5,5,1,0,0.0,satisfied
36157,Male,Loyal Customer,14,Personal Travel,Business,1674,1,3,1,3,3,1,4,3,4,4,3,2,3,3,42,91.0,neutral or dissatisfied
3,Male,Loyal Customer,41,Business travel,Business,853,4,4,4,4,5,5,5,3,3,3,3,4,3,5,0,0.0,satisfied
3854,Male,Loyal Customer,53,Personal Travel,Eco,650,3,1,3,2,2,3,2,2,4,1,2,1,3,2,0,0.0,neutral or dissatisfied
106560,Male,Loyal Customer,48,Business travel,Business,2123,1,1,1,1,2,4,5,5,5,5,5,3,5,4,2,0.0,satisfied
113683,Female,Loyal Customer,26,Personal Travel,Eco,197,1,3,0,3,3,0,3,3,4,3,3,3,3,3,16,18.0,neutral or dissatisfied
48500,Female,Loyal Customer,24,Business travel,Business,3795,3,3,3,3,5,4,5,5,3,5,1,4,3,5,0,0.0,satisfied
119193,Female,Loyal Customer,45,Business travel,Eco,331,1,3,3,3,4,4,3,1,1,1,1,1,1,3,26,30.0,neutral or dissatisfied
48424,Male,Loyal Customer,47,Business travel,Eco,819,4,2,2,2,5,4,5,5,1,5,4,5,1,5,0,0.0,satisfied
6253,Female,Loyal Customer,8,Personal Travel,Eco,413,2,5,2,2,5,2,5,5,2,3,4,4,2,5,0,0.0,neutral or dissatisfied
100655,Female,Loyal Customer,58,Business travel,Business,1858,3,3,3,3,2,5,5,4,4,4,4,5,4,4,2,8.0,satisfied
58151,Female,Loyal Customer,42,Business travel,Business,3239,5,5,5,5,2,5,5,4,4,5,4,5,4,4,0,34.0,satisfied
95245,Male,Loyal Customer,49,Personal Travel,Eco,189,3,1,3,4,1,3,1,1,1,3,3,4,4,1,0,0.0,neutral or dissatisfied
111155,Female,Loyal Customer,68,Personal Travel,Eco,1173,3,4,3,1,4,5,4,4,4,3,2,3,4,4,0,0.0,neutral or dissatisfied
49354,Male,Loyal Customer,47,Business travel,Eco,156,4,5,5,5,5,4,5,5,2,1,4,4,2,5,1,1.0,satisfied
79934,Female,Loyal Customer,31,Business travel,Business,3025,3,4,3,3,5,5,5,5,5,2,5,4,4,5,10,0.0,satisfied
32884,Male,Loyal Customer,15,Personal Travel,Eco,216,4,5,0,3,2,0,2,2,5,2,4,5,5,2,0,1.0,neutral or dissatisfied
86004,Male,Loyal Customer,51,Business travel,Business,554,1,1,1,1,4,5,4,5,5,5,5,5,5,3,0,0.0,satisfied
123646,Female,disloyal Customer,26,Business travel,Business,214,5,5,5,1,1,5,1,1,3,3,5,3,5,1,0,0.0,satisfied
4521,Male,Loyal Customer,41,Business travel,Business,2836,2,2,3,2,3,4,4,4,4,4,4,3,4,4,0,0.0,satisfied
114074,Male,Loyal Customer,9,Business travel,Business,2139,1,1,1,1,1,1,1,4,3,4,4,1,3,1,130,134.0,neutral or dissatisfied
67680,Female,Loyal Customer,47,Business travel,Business,3835,1,1,1,1,4,4,4,5,5,5,5,4,5,4,0,9.0,satisfied
6793,Female,Loyal Customer,54,Business travel,Business,224,2,3,3,3,2,2,2,3,4,2,3,2,2,2,65,154.0,neutral or dissatisfied
78719,Female,Loyal Customer,57,Business travel,Business,2306,5,5,5,5,2,4,4,4,4,5,4,4,4,3,59,60.0,satisfied
55200,Male,Loyal Customer,50,Personal Travel,Eco Plus,1609,5,1,5,3,4,5,4,4,3,1,4,1,4,4,0,0.0,satisfied
2614,Female,Loyal Customer,68,Personal Travel,Eco,280,1,1,1,4,2,3,3,2,2,1,2,4,2,1,0,0.0,neutral or dissatisfied
128532,Male,Loyal Customer,35,Personal Travel,Eco,370,2,4,2,4,3,2,3,3,2,3,4,4,3,3,33,34.0,neutral or dissatisfied
98514,Male,disloyal Customer,37,Business travel,Business,402,1,2,2,2,3,2,3,3,3,3,5,4,5,3,0,0.0,neutral or dissatisfied
6570,Female,Loyal Customer,33,Business travel,Business,473,4,1,1,1,2,3,3,4,4,4,4,1,4,3,45,40.0,neutral or dissatisfied
31220,Female,Loyal Customer,60,Personal Travel,Eco,628,4,1,4,2,4,2,2,5,5,4,5,3,5,3,0,5.0,neutral or dissatisfied
126643,Male,Loyal Customer,28,Business travel,Business,2045,4,3,3,3,4,4,4,4,1,4,4,1,4,4,0,0.0,neutral or dissatisfied
28469,Female,disloyal Customer,30,Business travel,Eco,1721,4,4,4,3,3,4,3,3,5,4,3,2,5,3,2,10.0,satisfied
74061,Male,disloyal Customer,40,Business travel,Business,722,4,4,4,3,4,4,5,4,4,4,4,3,4,4,4,0.0,neutral or dissatisfied
42363,Male,Loyal Customer,10,Personal Travel,Eco,550,2,4,2,4,4,2,1,4,3,1,3,4,3,4,0,0.0,neutral or dissatisfied
127368,Male,Loyal Customer,49,Business travel,Business,1009,5,4,5,5,5,5,4,5,5,5,5,3,5,5,0,0.0,satisfied
17040,Male,Loyal Customer,52,Business travel,Eco,1134,5,4,4,4,5,5,5,2,4,5,4,5,3,5,293,284.0,satisfied
43143,Male,Loyal Customer,39,Personal Travel,Eco Plus,192,3,5,3,3,4,3,4,4,3,2,4,5,5,4,36,40.0,neutral or dissatisfied
93693,Female,Loyal Customer,51,Business travel,Business,1452,3,3,3,3,3,4,5,1,1,2,1,4,1,3,0,0.0,satisfied
83260,Female,Loyal Customer,54,Business travel,Business,1979,5,5,5,5,4,3,4,5,5,5,5,4,5,4,4,11.0,satisfied
68099,Female,disloyal Customer,11,Business travel,Eco,868,4,4,4,3,3,4,3,3,1,5,4,1,3,3,0,3.0,neutral or dissatisfied
126894,Female,Loyal Customer,57,Business travel,Business,2125,1,1,1,1,4,5,5,4,4,4,4,3,4,3,14,0.0,satisfied
107834,Male,Loyal Customer,32,Personal Travel,Eco,349,5,4,5,5,4,5,4,4,3,4,5,3,4,4,3,0.0,satisfied
122811,Male,Loyal Customer,66,Personal Travel,Eco,599,3,2,3,4,3,3,3,3,2,5,4,3,3,3,0,0.0,neutral or dissatisfied
22691,Female,Loyal Customer,30,Business travel,Business,1992,3,3,3,3,3,3,3,3,2,4,3,3,3,3,0,0.0,neutral or dissatisfied
116747,Female,Loyal Customer,29,Personal Travel,Eco Plus,358,1,5,2,3,5,2,5,5,4,2,4,5,4,5,13,4.0,neutral or dissatisfied
49469,Female,Loyal Customer,31,Business travel,Eco,109,5,5,4,5,5,4,5,5,5,2,4,2,2,5,0,2.0,satisfied
17652,Male,Loyal Customer,45,Business travel,Business,1008,5,5,5,5,1,4,2,4,4,4,4,2,4,3,1,1.0,satisfied
88132,Male,disloyal Customer,23,Business travel,Eco,366,2,5,1,1,2,1,2,2,4,3,4,3,5,2,36,31.0,neutral or dissatisfied
118928,Female,disloyal Customer,33,Business travel,Eco Plus,587,3,3,3,4,1,3,1,1,3,3,4,1,3,1,6,0.0,neutral or dissatisfied
44567,Female,Loyal Customer,64,Business travel,Eco,84,3,2,2,2,2,5,4,4,4,3,4,1,4,1,10,16.0,satisfied
79067,Male,Loyal Customer,36,Business travel,Business,226,4,4,4,4,2,5,4,5,5,5,5,5,5,5,0,0.0,satisfied
86156,Female,Loyal Customer,59,Business travel,Business,1626,1,1,1,1,5,5,4,5,5,5,5,3,5,4,3,7.0,satisfied
80090,Female,Loyal Customer,9,Personal Travel,Eco Plus,950,3,1,2,3,2,2,2,2,1,5,3,3,3,2,0,0.0,neutral or dissatisfied
120055,Male,disloyal Customer,23,Business travel,Business,237,4,4,4,1,5,4,5,5,5,5,5,3,4,5,0,0.0,satisfied
106878,Female,disloyal Customer,11,Business travel,Eco,577,4,2,4,3,2,4,2,2,2,4,4,1,3,2,70,63.0,neutral or dissatisfied
58199,Female,Loyal Customer,11,Business travel,Business,1887,3,5,5,5,3,2,3,3,4,3,4,2,4,3,0,9.0,neutral or dissatisfied
47928,Female,Loyal Customer,24,Personal Travel,Eco,817,3,1,3,3,2,3,2,2,4,2,3,3,3,2,0,0.0,neutral or dissatisfied
51411,Male,Loyal Customer,63,Personal Travel,Eco Plus,209,5,3,5,3,4,5,2,4,4,5,4,1,4,4,0,0.0,satisfied
121583,Female,Loyal Customer,53,Business travel,Business,936,1,4,4,4,3,3,3,1,1,2,1,1,1,4,8,28.0,neutral or dissatisfied
25499,Female,Loyal Customer,33,Business travel,Business,3889,5,5,5,5,2,1,2,2,2,2,2,4,2,3,0,0.0,satisfied
85581,Female,disloyal Customer,25,Business travel,Business,259,2,0,2,5,3,2,3,3,3,5,5,3,4,3,0,2.0,neutral or dissatisfied
96154,Female,Loyal Customer,28,Business travel,Business,546,3,3,3,3,5,5,5,5,4,5,5,4,4,5,0,0.0,satisfied
8847,Male,disloyal Customer,25,Business travel,Eco,1371,3,3,3,3,4,3,4,4,1,2,4,1,3,4,0,0.0,neutral or dissatisfied
43592,Female,Loyal Customer,42,Business travel,Business,297,0,0,0,3,1,3,1,5,5,5,5,5,5,2,0,0.0,satisfied
53369,Female,disloyal Customer,25,Business travel,Eco,968,2,2,2,4,2,2,2,2,2,1,4,1,3,2,34,26.0,neutral or dissatisfied
32355,Female,Loyal Customer,38,Business travel,Business,101,5,5,5,5,3,2,3,4,4,4,5,3,4,2,5,9.0,satisfied
17791,Male,Loyal Customer,42,Business travel,Eco,1214,2,3,3,3,2,2,2,2,4,2,3,1,3,2,0,0.0,neutral or dissatisfied
31829,Female,disloyal Customer,21,Business travel,Eco,1155,2,3,3,4,3,3,3,4,4,4,1,3,2,3,0,0.0,neutral or dissatisfied
47963,Male,Loyal Customer,56,Personal Travel,Eco,784,1,4,1,3,1,1,1,1,5,3,4,4,4,1,0,0.0,neutral or dissatisfied
96432,Male,disloyal Customer,60,Personal Travel,Business,302,2,4,2,1,1,2,2,1,5,5,5,4,4,1,6,4.0,neutral or dissatisfied
90480,Female,disloyal Customer,25,Business travel,Business,404,5,1,5,2,2,5,2,2,5,5,4,5,4,2,0,0.0,satisfied
69036,Female,disloyal Customer,20,Business travel,Business,1389,4,0,4,4,4,4,4,4,5,2,4,5,4,4,0,0.0,satisfied
93469,Male,Loyal Customer,40,Business travel,Business,671,4,4,4,4,5,5,5,4,4,4,4,4,4,5,0,0.0,satisfied
75672,Female,disloyal Customer,22,Business travel,Eco,813,4,4,4,5,1,4,1,1,3,2,4,3,4,1,0,0.0,neutral or dissatisfied
21967,Female,Loyal Customer,39,Business travel,Business,448,3,1,1,1,3,4,4,3,3,3,3,3,3,2,5,0.0,neutral or dissatisfied
21251,Male,Loyal Customer,71,Business travel,Eco Plus,153,3,3,3,3,3,3,3,3,3,2,4,1,3,3,75,73.0,neutral or dissatisfied
15884,Female,Loyal Customer,9,Personal Travel,Eco,618,1,5,1,3,4,1,1,4,4,3,5,5,4,4,0,0.0,neutral or dissatisfied
4777,Female,Loyal Customer,60,Business travel,Eco,438,1,1,1,1,2,3,4,1,1,1,1,2,1,4,75,82.0,neutral or dissatisfied
36480,Female,Loyal Customer,41,Business travel,Business,2084,1,1,1,1,5,5,4,4,4,5,4,4,4,5,0,0.0,satisfied
111751,Male,Loyal Customer,32,Personal Travel,Eco,1154,3,4,4,1,2,4,2,2,5,5,4,4,4,2,0,0.0,neutral or dissatisfied
105188,Male,Loyal Customer,63,Personal Travel,Eco,220,1,4,1,4,4,1,4,4,1,3,4,3,3,4,25,44.0,neutral or dissatisfied
37001,Female,Loyal Customer,12,Personal Travel,Eco,759,3,4,3,5,4,3,4,4,3,5,5,5,5,4,23,27.0,neutral or dissatisfied
64757,Male,disloyal Customer,22,Business travel,Eco,247,2,5,2,1,4,2,3,4,3,5,4,4,5,4,0,0.0,neutral or dissatisfied
104446,Female,Loyal Customer,33,Business travel,Eco Plus,1024,2,1,1,1,2,2,2,2,3,3,3,2,3,2,0,0.0,neutral or dissatisfied
69064,Female,Loyal Customer,51,Business travel,Business,1389,2,3,3,3,2,3,4,2,2,2,2,3,2,1,0,0.0,neutral or dissatisfied
92346,Male,Loyal Customer,48,Business travel,Business,2213,4,3,3,3,3,4,3,4,4,4,4,4,4,4,0,0.0,neutral or dissatisfied
60894,Male,disloyal Customer,22,Business travel,Eco,420,3,2,3,3,1,3,1,1,1,4,4,4,3,1,0,0.0,neutral or dissatisfied
55629,Male,Loyal Customer,65,Personal Travel,Eco,1824,1,5,1,3,1,1,2,1,3,5,5,3,5,1,2,0.0,neutral or dissatisfied
40189,Male,Loyal Customer,59,Business travel,Business,2040,1,1,1,1,4,3,5,2,2,2,2,1,2,3,0,7.0,satisfied
66774,Male,Loyal Customer,40,Business travel,Business,802,2,2,2,2,5,4,4,5,5,5,5,4,5,5,0,3.0,satisfied
66113,Female,disloyal Customer,27,Business travel,Business,583,1,1,1,3,3,1,4,3,4,3,4,4,5,3,0,0.0,neutral or dissatisfied
34747,Female,Loyal Customer,61,Business travel,Eco,301,2,2,2,2,4,3,3,2,2,2,2,2,2,1,0,0.0,neutral or dissatisfied
49446,Female,Loyal Customer,49,Business travel,Business,421,5,5,5,5,4,4,2,5,5,5,5,2,5,4,7,4.0,satisfied
67246,Female,Loyal Customer,7,Personal Travel,Eco,1119,1,5,1,5,4,1,4,4,5,4,4,3,5,4,0,0.0,neutral or dissatisfied
50462,Female,Loyal Customer,57,Business travel,Business,109,1,3,3,3,3,1,2,3,3,3,1,1,3,3,0,0.0,neutral or dissatisfied
127443,Female,Loyal Customer,40,Business travel,Eco Plus,1009,3,5,5,5,3,3,3,3,2,4,3,1,4,3,0,0.0,neutral or dissatisfied
52431,Male,Loyal Customer,45,Personal Travel,Eco,425,3,4,3,3,3,3,3,3,1,4,2,1,4,3,0,0.0,neutral or dissatisfied
49035,Male,Loyal Customer,56,Business travel,Business,363,3,3,3,3,3,2,2,5,5,5,5,2,5,5,0,0.0,satisfied
9711,Female,Loyal Customer,33,Personal Travel,Eco,212,1,0,1,3,1,1,1,3,1,5,3,1,3,1,165,179.0,neutral or dissatisfied
105925,Female,Loyal Customer,33,Business travel,Business,1491,5,5,5,5,2,5,4,4,4,5,4,3,4,3,13,8.0,satisfied
77534,Male,Loyal Customer,30,Business travel,Eco Plus,1310,5,2,2,2,5,5,5,5,2,1,4,5,2,5,24,12.0,satisfied
36144,Female,Loyal Customer,22,Business travel,Eco Plus,1562,3,3,3,3,3,3,4,3,2,5,4,2,3,3,0,20.0,neutral or dissatisfied
44064,Male,Loyal Customer,37,Personal Travel,Eco,610,3,3,3,3,5,3,5,5,2,3,3,3,3,5,0,0.0,neutral or dissatisfied
121579,Male,disloyal Customer,37,Business travel,Eco,912,2,2,2,4,4,2,4,4,4,3,4,3,3,4,71,86.0,neutral or dissatisfied
97606,Male,Loyal Customer,59,Business travel,Eco,442,4,5,5,5,4,4,4,4,4,2,4,2,4,4,0,0.0,neutral or dissatisfied
89405,Female,Loyal Customer,43,Business travel,Business,1511,3,3,3,3,4,5,4,5,5,5,5,5,5,3,0,0.0,satisfied
43263,Female,disloyal Customer,39,Business travel,Business,347,3,3,3,1,5,3,5,5,4,5,5,2,3,5,0,0.0,neutral or dissatisfied
115262,Male,disloyal Customer,45,Business travel,Business,342,4,3,3,1,1,4,1,1,3,5,5,5,5,1,0,0.0,satisfied
75939,Female,Loyal Customer,15,Personal Travel,Eco,1572,2,4,2,3,4,2,4,4,4,5,3,4,5,4,0,0.0,neutral or dissatisfied
88737,Male,Loyal Customer,26,Personal Travel,Eco,545,5,1,5,3,1,5,1,1,1,1,4,4,3,1,2,5.0,satisfied
84618,Female,Loyal Customer,59,Business travel,Business,269,0,0,0,1,3,3,5,1,1,1,1,3,1,1,0,0.0,satisfied
114538,Male,Loyal Customer,66,Personal Travel,Business,337,3,4,4,4,4,4,4,3,3,4,3,5,3,3,42,32.0,neutral or dissatisfied
87922,Female,disloyal Customer,22,Business travel,Eco,270,1,2,1,3,1,1,1,1,4,3,4,1,3,1,43,37.0,neutral or dissatisfied
55540,Female,disloyal Customer,37,Business travel,Business,550,4,4,4,1,2,4,2,2,3,4,4,3,5,2,0,0.0,satisfied
28739,Male,Loyal Customer,25,Business travel,Business,1024,3,5,5,5,3,3,3,3,4,5,3,2,4,3,0,30.0,neutral or dissatisfied
122645,Female,disloyal Customer,34,Business travel,Business,361,2,3,3,4,3,2,2,2,4,4,4,2,4,2,138,140.0,neutral or dissatisfied
118763,Male,Loyal Customer,60,Personal Travel,Eco,304,2,4,2,5,1,2,1,1,4,4,4,5,4,1,0,0.0,neutral or dissatisfied
55526,Female,Loyal Customer,40,Business travel,Business,550,1,1,1,1,3,5,5,5,5,5,5,4,5,4,0,0.0,satisfied
91988,Male,Loyal Customer,40,Business travel,Business,236,4,4,3,4,3,4,4,4,4,4,4,3,4,5,0,0.0,satisfied
48751,Female,disloyal Customer,33,Business travel,Business,373,2,2,2,3,4,2,5,4,2,1,3,2,3,4,1,0.0,neutral or dissatisfied
11434,Male,Loyal Customer,27,Business travel,Eco Plus,667,2,3,3,3,2,2,2,2,3,4,3,3,2,2,69,64.0,neutral or dissatisfied
87324,Male,Loyal Customer,40,Business travel,Business,1027,4,4,4,4,4,4,5,4,4,4,4,3,4,5,0,0.0,satisfied
117663,Female,Loyal Customer,40,Business travel,Business,1449,4,4,4,4,3,5,4,4,4,4,4,4,4,4,4,27.0,satisfied
71078,Female,Loyal Customer,25,Personal Travel,Eco,802,1,4,1,1,5,1,5,5,5,5,4,3,4,5,0,0.0,neutral or dissatisfied
89444,Female,Loyal Customer,20,Personal Travel,Eco,302,4,5,4,1,5,4,5,5,5,2,5,3,4,5,0,1.0,neutral or dissatisfied
4007,Female,Loyal Customer,55,Business travel,Business,483,1,1,1,1,5,4,4,5,5,5,5,5,5,3,0,0.0,satisfied
100019,Male,Loyal Customer,49,Business travel,Business,1955,3,1,5,1,2,2,2,3,3,3,3,3,3,1,52,46.0,neutral or dissatisfied
116893,Male,Loyal Customer,59,Business travel,Business,2306,2,2,2,2,3,4,5,4,4,4,4,3,4,4,0,0.0,satisfied
79317,Male,Loyal Customer,25,Personal Travel,Eco,2248,2,4,2,2,4,2,4,4,5,2,4,4,4,4,10,0.0,neutral or dissatisfied
3531,Female,Loyal Customer,46,Business travel,Business,157,3,3,3,3,2,3,5,4,4,4,4,4,4,1,0,3.0,satisfied
127079,Female,Loyal Customer,48,Business travel,Eco,370,2,5,5,5,5,4,3,2,2,2,2,4,2,2,0,0.0,neutral or dissatisfied
109919,Male,Loyal Customer,37,Personal Travel,Eco,1144,1,5,1,2,2,1,4,2,3,5,4,4,4,2,5,13.0,neutral or dissatisfied
68673,Female,disloyal Customer,21,Business travel,Eco,237,2,3,2,3,2,2,2,2,3,3,4,3,4,2,0,0.0,neutral or dissatisfied
91107,Male,Loyal Customer,31,Personal Travel,Eco,270,1,3,1,3,4,1,1,4,3,3,3,3,3,4,13,9.0,neutral or dissatisfied
86779,Female,Loyal Customer,25,Business travel,Business,2943,3,3,3,3,5,5,5,5,4,4,5,4,4,5,0,0.0,satisfied
82131,Female,Loyal Customer,46,Business travel,Business,2519,4,4,4,4,5,5,5,4,5,5,5,5,3,5,23,21.0,satisfied
66514,Female,Loyal Customer,53,Personal Travel,Eco,447,2,5,2,1,1,3,4,3,3,2,3,5,3,2,46,48.0,neutral or dissatisfied
67587,Male,disloyal Customer,37,Business travel,Business,1235,1,1,1,2,1,1,1,1,3,4,5,3,5,1,0,1.0,neutral or dissatisfied
8957,Female,Loyal Customer,49,Business travel,Business,738,4,4,4,4,3,4,4,5,5,5,5,3,5,5,0,0.0,satisfied
70315,Male,Loyal Customer,26,Business travel,Business,1501,3,3,3,3,4,4,4,4,5,4,4,4,4,4,0,0.0,satisfied
100662,Female,Loyal Customer,46,Business travel,Business,2954,2,2,2,2,5,5,4,4,4,4,4,5,4,3,10,33.0,satisfied
65062,Male,Loyal Customer,13,Personal Travel,Eco,224,5,4,0,4,4,0,3,4,3,4,4,5,4,4,1,5.0,satisfied
124102,Male,Loyal Customer,28,Business travel,Business,529,3,3,2,3,4,4,4,4,4,5,5,4,5,4,20,28.0,satisfied
103540,Male,disloyal Customer,36,Business travel,Eco,738,2,2,2,3,1,2,1,1,1,1,4,4,3,1,21,10.0,neutral or dissatisfied
16373,Male,Loyal Customer,9,Business travel,Business,1325,4,1,1,1,4,4,4,4,4,3,3,1,4,4,51,60.0,neutral or dissatisfied
26638,Female,Loyal Customer,37,Business travel,Business,1527,1,1,1,1,1,3,5,2,2,2,2,1,2,3,0,0.0,satisfied
107462,Male,Loyal Customer,33,Business travel,Business,3684,2,2,2,2,5,5,5,5,3,3,4,4,4,5,26,20.0,satisfied
40873,Female,Loyal Customer,67,Personal Travel,Eco,558,3,4,3,3,2,4,5,5,5,3,5,3,5,4,2,5.0,neutral or dissatisfied
107452,Female,disloyal Customer,34,Business travel,Eco Plus,725,1,1,1,4,1,3,3,1,2,3,3,3,4,3,194,204.0,neutral or dissatisfied
29198,Female,Loyal Customer,46,Personal Travel,Eco Plus,954,2,5,2,3,2,5,4,4,4,2,4,3,4,3,0,0.0,neutral or dissatisfied
14426,Male,Loyal Customer,59,Business travel,Eco Plus,585,5,3,3,3,5,5,5,5,3,4,5,3,4,5,0,0.0,satisfied
4576,Male,Loyal Customer,70,Personal Travel,Business,416,1,5,1,3,5,5,1,2,2,1,2,2,2,5,74,76.0,neutral or dissatisfied
74459,Female,Loyal Customer,44,Business travel,Business,1171,3,3,3,3,5,4,4,2,2,2,2,4,2,5,0,0.0,satisfied
121265,Male,Loyal Customer,63,Personal Travel,Eco,2075,2,3,2,3,3,2,3,3,2,2,2,2,4,3,0,7.0,neutral or dissatisfied
82475,Female,Loyal Customer,60,Personal Travel,Eco,241,1,4,1,5,5,4,4,5,5,1,5,5,5,5,0,0.0,neutral or dissatisfied
14113,Male,Loyal Customer,41,Business travel,Eco Plus,453,2,1,1,1,2,2,2,2,5,4,2,5,1,2,51,42.0,satisfied
2270,Male,disloyal Customer,24,Business travel,Business,691,4,5,3,4,2,3,2,2,3,3,5,4,5,2,9,3.0,satisfied
121311,Female,disloyal Customer,17,Business travel,Business,1009,5,0,5,1,1,5,1,1,5,2,4,4,5,1,0,0.0,satisfied
119315,Male,Loyal Customer,30,Personal Travel,Eco,214,3,0,3,1,5,3,3,5,5,4,4,5,5,5,0,0.0,neutral or dissatisfied
75988,Female,Loyal Customer,32,Personal Travel,Eco,228,4,4,0,4,2,0,2,2,2,4,3,1,4,2,7,0.0,satisfied
113484,Male,Loyal Customer,47,Business travel,Eco,226,3,4,4,4,3,3,3,3,1,3,4,1,4,3,24,10.0,neutral or dissatisfied
52775,Female,Loyal Customer,11,Business travel,Business,1874,2,3,3,3,2,2,2,2,2,3,4,1,3,2,8,11.0,neutral or dissatisfied
69800,Male,Loyal Customer,46,Business travel,Business,3331,4,4,4,4,5,5,4,4,4,4,4,5,4,4,14,10.0,satisfied
18474,Female,Loyal Customer,39,Business travel,Eco,201,5,5,5,5,5,5,5,5,2,1,2,4,1,5,0,0.0,satisfied
121525,Female,disloyal Customer,39,Business travel,Business,912,4,4,4,4,4,4,1,4,4,3,5,4,5,4,3,19.0,neutral or dissatisfied
19589,Male,Loyal Customer,14,Personal Travel,Eco,212,2,4,2,3,1,2,1,1,1,2,4,1,4,1,0,0.0,neutral or dissatisfied
65392,Male,Loyal Customer,11,Personal Travel,Eco,631,2,3,2,1,5,2,5,5,4,2,4,4,2,5,0,0.0,neutral or dissatisfied
79635,Female,Loyal Customer,24,Business travel,Eco,762,4,2,3,3,4,4,3,4,1,3,3,4,3,4,0,0.0,neutral or dissatisfied
41273,Male,Loyal Customer,30,Personal Travel,Business,788,2,4,2,4,3,2,3,3,5,5,4,4,4,3,0,0.0,neutral or dissatisfied
33311,Female,Loyal Customer,46,Business travel,Business,2409,4,4,4,4,2,3,5,5,5,5,5,4,5,4,0,0.0,satisfied
64460,Male,Loyal Customer,54,Business travel,Eco Plus,989,4,3,3,3,4,4,4,4,4,5,4,3,4,4,25,17.0,neutral or dissatisfied
78233,Male,Loyal Customer,42,Personal Travel,Eco,259,3,4,3,3,4,3,4,4,4,1,1,5,3,4,10,1.0,neutral or dissatisfied
112932,Male,Loyal Customer,48,Personal Travel,Eco,1390,2,5,2,4,3,2,3,3,1,5,2,5,1,3,33,14.0,neutral or dissatisfied
107635,Male,Loyal Customer,39,Business travel,Business,251,0,0,0,4,2,2,2,3,4,4,4,2,3,2,162,158.0,satisfied
102572,Male,Loyal Customer,52,Business travel,Business,3825,2,2,2,2,3,5,5,4,4,4,4,5,4,4,2,0.0,satisfied
8351,Female,Loyal Customer,26,Personal Travel,Eco,783,0,5,0,3,1,0,2,1,3,5,5,5,4,1,0,0.0,satisfied
51027,Female,Loyal Customer,26,Personal Travel,Eco,207,4,4,4,5,4,4,4,4,5,2,3,4,3,4,0,2.0,neutral or dissatisfied
34378,Female,Loyal Customer,22,Business travel,Eco,728,0,5,0,3,4,0,4,4,2,4,5,4,4,4,0,0.0,satisfied
107032,Female,disloyal Customer,43,Business travel,Eco,395,3,4,3,4,4,3,4,4,1,3,4,1,3,4,2,2.0,neutral or dissatisfied
120117,Male,Loyal Customer,36,Business travel,Eco,1176,3,3,3,3,3,3,3,3,3,3,4,2,4,3,30,65.0,neutral or dissatisfied
31823,Male,Loyal Customer,40,Business travel,Business,2762,2,2,2,2,5,5,5,2,5,3,2,5,1,5,0,12.0,satisfied
106991,Male,Loyal Customer,55,Personal Travel,Eco,937,1,3,1,2,1,1,1,1,2,3,2,4,3,1,30,20.0,neutral or dissatisfied
89165,Female,Loyal Customer,33,Personal Travel,Eco,1947,2,5,2,3,4,2,4,4,3,4,4,3,4,4,2,14.0,neutral or dissatisfied
88454,Female,Loyal Customer,48,Business travel,Business,3358,4,4,4,4,5,2,4,5,5,5,5,3,5,3,112,130.0,satisfied
106700,Female,Loyal Customer,49,Business travel,Eco,516,3,3,3,3,2,2,2,3,3,3,3,4,3,3,0,0.0,neutral or dissatisfied
126430,Female,Loyal Customer,58,Business travel,Eco Plus,231,5,1,1,1,5,5,1,5,5,5,5,5,5,2,74,92.0,satisfied
54711,Female,Loyal Customer,74,Business travel,Eco,564,5,1,1,1,2,4,5,5,5,5,5,2,5,2,0,5.0,satisfied
127722,Male,Loyal Customer,41,Business travel,Business,2231,3,3,3,3,4,4,4,4,4,4,4,5,4,4,0,0.0,satisfied
128316,Female,disloyal Customer,22,Business travel,Eco,647,1,5,1,4,5,1,5,5,3,4,4,5,5,5,3,0.0,neutral or dissatisfied
115416,Male,disloyal Customer,20,Business travel,Eco,296,2,0,2,1,3,2,3,3,4,3,5,3,4,3,0,0.0,neutral or dissatisfied
119476,Female,disloyal Customer,20,Business travel,Eco,814,2,2,2,4,4,2,4,4,3,2,4,4,5,4,0,11.0,neutral or dissatisfied
24224,Female,Loyal Customer,33,Business travel,Eco,134,1,3,3,3,1,1,1,1,1,5,3,3,4,1,5,34.0,neutral or dissatisfied
100556,Male,Loyal Customer,55,Personal Travel,Eco,1111,3,5,3,2,1,3,1,1,4,4,4,4,5,1,8,4.0,neutral or dissatisfied
25812,Male,Loyal Customer,27,Business travel,Business,1747,3,3,3,3,4,4,4,4,5,1,3,3,4,4,19,26.0,satisfied
54687,Female,Loyal Customer,69,Business travel,Eco,861,4,1,1,1,5,4,4,4,4,4,4,3,4,3,53,93.0,neutral or dissatisfied
70697,Male,Loyal Customer,39,Personal Travel,Eco Plus,447,3,4,3,3,4,3,4,4,3,5,4,3,4,4,3,0.0,neutral or dissatisfied
111888,Male,Loyal Customer,37,Business travel,Eco,404,3,5,3,5,3,4,3,3,1,2,5,3,2,3,14,0.0,satisfied
53718,Male,Loyal Customer,66,Personal Travel,Eco,1190,1,4,1,3,5,1,5,5,1,4,3,2,3,5,1,0.0,neutral or dissatisfied
104491,Male,Loyal Customer,59,Personal Travel,Eco,860,4,4,4,4,1,4,1,1,1,1,4,4,4,1,0,0.0,satisfied
118140,Male,Loyal Customer,53,Business travel,Business,1444,1,1,1,1,3,5,5,4,4,5,4,3,4,5,2,0.0,satisfied
42026,Female,Loyal Customer,41,Business travel,Eco,116,5,5,5,5,5,5,5,5,5,5,4,4,2,5,0,1.0,satisfied
45199,Female,Loyal Customer,50,Business travel,Eco,1120,2,1,1,1,5,2,2,2,2,2,2,2,2,1,0,0.0,neutral or dissatisfied
39249,Male,disloyal Customer,48,Business travel,Eco,173,4,0,3,1,4,3,5,4,4,5,5,2,4,4,0,0.0,satisfied
113591,Female,disloyal Customer,23,Business travel,Eco,414,3,0,3,2,1,3,1,1,5,1,5,4,5,1,0,0.0,neutral or dissatisfied
122348,Female,Loyal Customer,53,Business travel,Business,529,1,1,1,1,4,5,5,4,4,4,4,5,4,5,0,0.0,satisfied
16345,Female,Loyal Customer,51,Business travel,Eco,160,5,4,4,4,5,2,1,5,5,5,5,5,5,2,27,11.0,satisfied
114555,Female,Loyal Customer,26,Personal Travel,Business,342,2,4,2,1,1,2,1,1,4,4,4,5,5,1,0,0.0,neutral or dissatisfied
59921,Male,Loyal Customer,35,Business travel,Business,3754,3,1,1,1,3,4,4,3,3,3,3,3,3,3,3,0.0,neutral or dissatisfied
35267,Female,Loyal Customer,37,Business travel,Eco,1076,1,4,4,4,1,1,1,2,1,4,4,1,4,1,237,244.0,neutral or dissatisfied
30986,Female,Loyal Customer,42,Personal Travel,Eco,1476,4,1,3,3,3,2,4,1,1,3,1,2,1,2,64,74.0,neutral or dissatisfied
49976,Female,Loyal Customer,69,Business travel,Business,3055,1,2,2,2,4,3,3,1,1,1,1,1,1,4,8,0.0,neutral or dissatisfied
27175,Male,Loyal Customer,43,Personal Travel,Eco,2701,3,5,3,5,3,1,1,3,2,5,4,1,4,1,0,0.0,neutral or dissatisfied
122845,Female,Loyal Customer,40,Business travel,Business,226,3,3,3,3,2,5,5,5,5,5,5,5,5,5,0,0.0,satisfied
119593,Female,disloyal Customer,38,Business travel,Business,1979,4,4,4,4,4,4,2,4,4,3,5,4,5,4,0,0.0,neutral or dissatisfied
13058,Female,Loyal Customer,35,Business travel,Eco,936,4,5,5,5,4,4,4,4,2,1,3,3,5,4,0,0.0,satisfied
16234,Male,Loyal Customer,48,Business travel,Business,631,1,1,1,1,5,5,5,5,5,5,5,5,5,5,16,14.0,satisfied
119575,Male,Loyal Customer,30,Personal Travel,Eco Plus,814,1,0,1,4,1,1,1,1,4,3,4,4,3,1,0,0.0,neutral or dissatisfied
14522,Male,Loyal Customer,52,Business travel,Eco,288,4,1,4,1,4,4,4,4,1,5,1,4,3,4,0,0.0,satisfied
129516,Male,Loyal Customer,45,Business travel,Business,1744,2,2,2,2,5,3,4,4,4,4,4,3,4,5,0,0.0,satisfied
45376,Male,Loyal Customer,61,Business travel,Eco Plus,150,4,1,1,1,4,4,4,4,3,5,3,1,3,4,0,0.0,satisfied
3866,Male,Loyal Customer,15,Personal Travel,Business,290,3,5,3,4,5,3,3,5,5,2,4,3,5,5,9,0.0,neutral or dissatisfied
7844,Male,Loyal Customer,26,Business travel,Business,1760,3,3,2,3,4,4,4,4,2,4,5,4,3,4,94,160.0,satisfied
98288,Female,Loyal Customer,23,Personal Travel,Eco,1136,5,4,5,2,4,5,5,4,5,3,5,5,4,4,1,0.0,satisfied
20407,Male,Loyal Customer,32,Business travel,Eco,196,4,1,1,1,4,4,4,4,2,5,1,3,4,4,96,89.0,satisfied
9933,Male,Loyal Customer,47,Business travel,Eco,457,1,5,5,5,1,1,1,1,2,1,2,3,2,1,7,4.0,neutral or dissatisfied
90084,Female,Loyal Customer,26,Business travel,Eco,1086,4,2,1,2,4,3,1,4,3,4,4,2,4,4,0,0.0,neutral or dissatisfied
87867,Female,Loyal Customer,40,Business travel,Business,2269,3,5,3,3,3,5,4,5,5,5,4,3,5,5,0,0.0,satisfied
1447,Female,disloyal Customer,26,Business travel,Business,772,4,4,4,1,1,4,1,1,5,2,5,3,5,1,0,0.0,satisfied
95699,Male,Loyal Customer,33,Business travel,Business,3233,3,3,4,3,4,4,4,4,3,4,5,4,5,4,37,43.0,satisfied
31231,Female,disloyal Customer,26,Business travel,Business,472,1,2,1,3,2,1,2,2,3,3,4,3,3,2,0,0.0,neutral or dissatisfied
57421,Male,Loyal Customer,56,Personal Travel,Eco,258,2,4,0,5,3,0,3,3,2,3,5,5,1,3,0,0.0,neutral or dissatisfied
491,Female,Loyal Customer,57,Business travel,Business,229,3,3,3,3,2,4,5,5,5,5,5,4,5,3,0,0.0,satisfied
105551,Female,Loyal Customer,60,Personal Travel,Eco,611,2,5,2,2,3,1,3,1,1,2,1,5,1,3,10,0.0,neutral or dissatisfied
84092,Male,Loyal Customer,40,Personal Travel,Eco,757,1,5,1,4,4,1,4,4,4,4,5,3,4,4,6,52.0,neutral or dissatisfied
41496,Male,Loyal Customer,27,Business travel,Business,1504,5,5,4,5,4,5,4,4,3,2,5,1,4,4,0,0.0,satisfied
61119,Male,Loyal Customer,60,Business travel,Business,3967,5,5,5,5,2,5,5,4,4,5,4,5,4,4,2,9.0,satisfied
90825,Female,Loyal Customer,46,Business travel,Business,270,4,4,4,4,5,4,5,5,5,5,5,5,5,3,0,0.0,satisfied
71645,Female,Loyal Customer,69,Personal Travel,Eco,1012,4,4,4,3,5,1,4,2,2,4,2,1,2,2,0,0.0,satisfied
74800,Female,Loyal Customer,15,Business travel,Eco Plus,1205,3,4,4,4,3,3,2,3,2,1,3,1,4,3,0,0.0,neutral or dissatisfied
89987,Female,Loyal Customer,57,Personal Travel,Eco Plus,1310,2,4,2,3,4,3,5,2,2,2,2,3,2,5,3,1.0,neutral or dissatisfied
63337,Male,Loyal Customer,56,Business travel,Eco,447,4,5,5,5,4,4,4,4,2,3,3,1,4,4,1,3.0,satisfied
29652,Female,Loyal Customer,53,Personal Travel,Eco,1448,3,3,3,2,4,1,5,5,5,3,5,5,5,3,0,0.0,neutral or dissatisfied
36651,Male,Loyal Customer,11,Personal Travel,Eco,1197,3,1,4,3,4,4,4,4,1,5,2,3,2,4,0,0.0,neutral or dissatisfied
3644,Male,Loyal Customer,43,Business travel,Business,431,3,3,3,3,4,4,4,3,3,3,3,3,3,4,0,0.0,satisfied
129780,Female,Loyal Customer,17,Personal Travel,Eco,337,4,3,4,5,3,4,3,3,4,5,3,3,2,3,57,51.0,neutral or dissatisfied
46266,Female,Loyal Customer,66,Personal Travel,Eco,679,1,5,2,1,3,5,5,2,2,2,4,4,2,3,11,23.0,neutral or dissatisfied
56105,Female,Loyal Customer,79,Business travel,Eco,902,5,4,4,4,5,5,5,4,4,1,5,5,5,5,0,5.0,satisfied
104517,Female,Loyal Customer,52,Personal Travel,Eco,942,4,4,4,5,1,4,3,4,4,4,4,1,4,4,0,20.0,neutral or dissatisfied
94755,Male,Loyal Customer,33,Business travel,Eco,239,3,5,5,5,3,3,3,3,2,2,3,1,2,3,3,1.0,neutral or dissatisfied
25166,Female,Loyal Customer,48,Business travel,Business,369,5,5,5,5,3,5,1,4,4,4,4,1,4,4,0,0.0,satisfied
60115,Female,Loyal Customer,11,Business travel,Business,1182,3,3,3,3,5,5,5,5,4,5,5,3,5,5,0,0.0,satisfied
80845,Female,Loyal Customer,55,Business travel,Eco,692,4,5,5,5,3,4,4,4,4,4,4,4,4,2,3,11.0,neutral or dissatisfied
102024,Female,Loyal Customer,43,Business travel,Business,3194,2,2,1,2,4,4,5,3,3,3,3,5,3,4,0,1.0,satisfied
42811,Female,disloyal Customer,39,Business travel,Business,896,2,2,2,4,5,2,5,5,1,3,4,2,3,5,7,17.0,neutral or dissatisfied
61467,Female,Loyal Customer,24,Business travel,Business,2442,1,1,1,1,5,5,5,5,5,3,5,4,5,5,7,0.0,satisfied
57654,Female,Loyal Customer,33,Personal Travel,Eco,200,4,5,4,3,2,4,2,2,3,3,5,1,3,2,1,0.0,neutral or dissatisfied
50917,Female,Loyal Customer,65,Personal Travel,Eco,109,3,4,3,2,5,4,5,2,2,3,2,4,2,4,0,0.0,neutral or dissatisfied
80991,Male,Loyal Customer,49,Business travel,Business,2508,3,3,3,3,4,3,5,5,5,5,5,4,5,1,0,0.0,satisfied
36182,Male,Loyal Customer,46,Business travel,Eco Plus,1674,1,1,4,1,1,1,1,1,2,2,3,4,4,1,9,88.0,neutral or dissatisfied
108746,Female,Loyal Customer,37,Business travel,Business,2435,3,3,3,3,4,4,4,4,4,4,4,4,4,4,0,1.0,satisfied
10329,Female,Loyal Customer,49,Business travel,Business,1727,1,1,4,1,5,5,4,4,4,4,4,4,4,3,23,13.0,satisfied
106613,Female,Loyal Customer,57,Business travel,Business,3131,4,5,4,4,2,4,5,4,4,4,4,4,4,4,1,0.0,satisfied
68446,Female,Loyal Customer,51,Business travel,Business,1303,1,1,1,1,5,4,5,4,4,4,4,3,4,5,0,0.0,satisfied
34123,Male,Loyal Customer,9,Business travel,Eco,1046,2,1,5,5,2,2,1,2,4,1,4,3,4,2,0,2.0,neutral or dissatisfied
127021,Female,disloyal Customer,22,Business travel,Eco,647,1,3,1,3,3,1,3,3,2,2,3,3,3,3,3,0.0,neutral or dissatisfied
68679,Female,disloyal Customer,25,Business travel,Eco,237,2,0,2,2,3,2,3,3,3,5,3,1,4,3,2,0.0,neutral or dissatisfied
23071,Male,Loyal Customer,23,Business travel,Eco Plus,820,3,3,3,3,3,3,4,3,1,1,4,2,4,3,31,31.0,neutral or dissatisfied
83963,Female,Loyal Customer,24,Business travel,Eco,321,4,1,1,1,4,4,2,4,2,5,4,3,3,4,0,0.0,neutral or dissatisfied
64909,Male,Loyal Customer,25,Business travel,Eco,551,4,1,1,1,4,4,2,4,1,5,3,2,4,4,0,0.0,neutral or dissatisfied
45298,Male,Loyal Customer,56,Business travel,Business,188,4,3,5,3,1,4,1,2,2,3,3,1,3,1,184,175.0,neutral or dissatisfied
114492,Male,Loyal Customer,56,Business travel,Business,2206,1,1,1,1,3,3,3,1,1,2,1,4,1,3,51,40.0,neutral or dissatisfied
104225,Male,Loyal Customer,11,Personal Travel,Eco,680,2,4,2,3,1,2,1,1,5,2,5,5,4,1,0,0.0,neutral or dissatisfied
49852,Female,Loyal Customer,47,Business travel,Business,3506,4,4,4,4,1,3,1,4,4,4,4,3,4,2,9,22.0,satisfied
2957,Female,Loyal Customer,50,Business travel,Business,835,2,2,2,2,2,3,3,2,2,2,2,4,2,1,25,3.0,neutral or dissatisfied
17424,Female,Loyal Customer,37,Business travel,Eco,351,5,1,1,1,5,5,5,5,4,5,4,1,1,5,2,0.0,satisfied
128451,Male,Loyal Customer,40,Personal Travel,Eco,304,4,5,3,4,3,3,3,3,5,5,4,3,4,3,0,2.0,satisfied
115994,Male,Loyal Customer,33,Personal Travel,Eco,342,2,4,2,3,3,2,2,3,3,4,5,5,4,3,7,5.0,neutral or dissatisfied
116284,Female,Loyal Customer,19,Personal Travel,Eco,446,3,4,3,3,1,3,1,1,4,2,5,4,4,1,30,18.0,neutral or dissatisfied
35713,Female,Loyal Customer,15,Personal Travel,Eco,2586,2,5,2,1,2,1,1,4,5,4,5,1,3,1,0,22.0,neutral or dissatisfied
4373,Female,Loyal Customer,22,Business travel,Business,3487,3,4,5,4,3,3,3,1,4,3,4,3,2,3,112,139.0,neutral or dissatisfied
84692,Female,Loyal Customer,52,Personal Travel,Eco,2182,1,4,1,4,3,2,1,4,4,1,2,1,4,3,0,0.0,neutral or dissatisfied
8897,Female,Loyal Customer,27,Business travel,Eco Plus,622,2,2,2,2,2,2,2,2,1,3,3,3,4,2,11,2.0,neutral or dissatisfied
82957,Male,Loyal Customer,31,Personal Travel,Business,1145,2,5,2,3,3,2,3,3,3,2,5,3,4,3,0,7.0,neutral or dissatisfied
117416,Male,Loyal Customer,39,Business travel,Business,1460,2,2,2,2,4,4,5,4,4,4,4,5,4,5,0,21.0,satisfied
98774,Male,Loyal Customer,18,Personal Travel,Eco,2075,3,2,3,2,3,3,3,3,2,5,1,2,2,3,106,117.0,neutral or dissatisfied
38404,Male,Loyal Customer,36,Personal Travel,Eco,1754,3,3,3,3,1,3,1,1,5,2,1,1,4,1,0,29.0,neutral or dissatisfied
98205,Female,Loyal Customer,7,Personal Travel,Eco,327,3,0,3,2,4,3,3,4,5,2,4,5,4,4,0,0.0,neutral or dissatisfied
3560,Male,disloyal Customer,44,Business travel,Business,227,2,2,2,4,1,2,1,1,1,5,3,1,4,1,0,0.0,neutral or dissatisfied
89788,Male,Loyal Customer,20,Personal Travel,Eco,1096,3,5,3,4,5,3,5,5,3,5,4,5,1,5,0,0.0,neutral or dissatisfied
55036,Female,Loyal Customer,58,Business travel,Eco,1303,3,1,1,1,3,3,3,3,4,3,3,3,2,3,161,158.0,neutral or dissatisfied
104658,Male,disloyal Customer,48,Business travel,Business,641,5,5,5,1,5,5,5,5,4,2,4,4,5,5,0,0.0,satisfied
73992,Female,Loyal Customer,52,Business travel,Business,1972,4,4,4,4,3,4,5,5,5,5,5,4,5,4,2,0.0,satisfied
32809,Male,Loyal Customer,69,Business travel,Business,216,3,3,3,3,2,2,4,5,5,5,5,3,5,2,0,0.0,satisfied
50986,Male,Loyal Customer,25,Personal Travel,Eco,153,3,5,3,1,1,3,1,1,4,5,4,3,5,1,3,0.0,neutral or dissatisfied
45464,Female,disloyal Customer,20,Business travel,Eco,522,1,0,0,1,5,0,3,5,4,1,5,1,1,5,7,18.0,neutral or dissatisfied
1914,Male,disloyal Customer,38,Business travel,Business,295,3,3,3,3,4,3,2,4,5,4,5,3,5,4,24,17.0,satisfied
54562,Male,Loyal Customer,30,Business travel,Eco Plus,925,5,3,5,3,5,5,5,5,5,3,5,5,1,5,5,6.0,satisfied
58767,Female,Loyal Customer,36,Business travel,Business,1005,1,4,4,4,4,4,4,1,1,1,1,2,1,4,3,0.0,neutral or dissatisfied
125024,Male,Loyal Customer,48,Business travel,Eco Plus,184,3,5,5,5,3,3,3,3,3,2,4,2,3,3,0,9.0,neutral or dissatisfied
61782,Female,Loyal Customer,53,Personal Travel,Eco,1609,1,5,1,4,3,4,5,2,2,1,2,3,2,4,0,2.0,neutral or dissatisfied
10550,Female,disloyal Customer,37,Business travel,Business,247,1,0,0,3,3,0,3,3,3,4,5,4,5,3,0,0.0,neutral or dissatisfied
117748,Female,Loyal Customer,16,Personal Travel,Eco,935,3,5,3,1,2,3,2,2,3,3,4,4,4,2,24,11.0,neutral or dissatisfied
73239,Female,Loyal Customer,40,Personal Travel,Eco Plus,946,3,4,3,5,1,3,1,1,1,5,5,2,3,1,0,0.0,neutral or dissatisfied
11768,Male,Loyal Customer,47,Personal Travel,Eco,395,2,2,4,4,3,4,3,3,1,5,3,2,3,3,50,45.0,neutral or dissatisfied
21805,Male,Loyal Customer,42,Business travel,Eco,341,4,4,4,4,4,4,4,4,3,4,2,3,1,4,80,67.0,satisfied
26312,Female,Loyal Customer,15,Business travel,Business,1947,3,1,1,1,3,3,3,3,3,1,3,2,3,3,6,9.0,neutral or dissatisfied
46351,Female,Loyal Customer,38,Business travel,Business,1646,3,3,3,3,5,5,5,2,4,5,2,5,5,5,187,185.0,satisfied
4423,Male,Loyal Customer,56,Business travel,Business,762,4,4,4,4,5,4,5,4,4,4,4,4,4,5,0,0.0,satisfied
24662,Female,Loyal Customer,19,Personal Travel,Eco,861,2,1,2,3,5,2,5,5,4,4,3,1,2,5,34,30.0,neutral or dissatisfied
102401,Female,Loyal Customer,44,Personal Travel,Eco,236,3,5,3,3,5,5,5,1,1,3,1,4,1,5,0,5.0,neutral or dissatisfied
105777,Male,Loyal Customer,72,Business travel,Business,2975,2,2,2,2,3,4,3,4,4,4,4,4,4,2,0,0.0,satisfied
90695,Male,Loyal Customer,49,Business travel,Business,545,4,4,4,4,3,5,5,5,5,5,5,3,5,4,5,0.0,satisfied
55865,Female,Loyal Customer,35,Business travel,Business,2438,3,3,3,3,3,5,4,3,3,3,3,5,3,4,4,0.0,satisfied
103018,Female,Loyal Customer,46,Business travel,Business,460,3,2,2,2,2,1,2,3,3,3,3,3,3,2,5,0.0,neutral or dissatisfied
27688,Male,Loyal Customer,44,Business travel,Business,1107,4,4,3,4,4,1,3,4,4,4,4,5,4,2,0,0.0,satisfied
19778,Male,disloyal Customer,26,Business travel,Eco,578,3,3,2,3,2,1,1,1,4,2,1,1,5,1,131,121.0,neutral or dissatisfied
90819,Female,Loyal Customer,39,Business travel,Business,3499,3,1,1,1,3,4,4,3,3,3,3,1,3,4,2,0.0,neutral or dissatisfied
104330,Female,Loyal Customer,33,Business travel,Business,3877,2,4,4,4,3,2,3,2,2,2,2,1,2,3,15,10.0,neutral or dissatisfied
110136,Female,disloyal Customer,22,Business travel,Eco,1056,3,3,3,3,3,3,3,3,4,3,3,1,3,3,30,47.0,neutral or dissatisfied
960,Male,Loyal Customer,48,Business travel,Business,102,0,4,0,2,5,4,4,2,2,2,2,4,2,3,0,0.0,satisfied
47531,Female,Loyal Customer,56,Personal Travel,Eco,541,2,5,2,3,4,4,2,1,1,2,5,4,1,1,46,33.0,neutral or dissatisfied
102284,Female,disloyal Customer,20,Business travel,Eco,197,2,3,2,3,2,2,2,2,1,1,3,3,3,2,47,54.0,neutral or dissatisfied
12485,Female,Loyal Customer,53,Business travel,Eco Plus,253,4,3,3,3,4,5,3,4,4,4,4,2,4,4,5,0.0,satisfied
25438,Male,disloyal Customer,25,Business travel,Eco,669,2,2,2,4,1,2,1,1,4,4,4,5,1,1,0,0.0,neutral or dissatisfied
86056,Female,Loyal Customer,7,Personal Travel,Eco,447,3,4,3,2,4,3,4,4,3,5,4,3,5,4,77,88.0,neutral or dissatisfied
82111,Male,Loyal Customer,15,Personal Travel,Eco,1276,1,3,1,2,2,1,2,2,4,4,3,3,4,2,0,0.0,neutral or dissatisfied
97770,Female,Loyal Customer,55,Business travel,Business,471,1,4,1,1,2,5,4,5,5,5,5,3,5,5,0,0.0,satisfied
48739,Female,Loyal Customer,40,Business travel,Business,2768,0,5,0,4,5,5,5,3,3,3,3,3,3,3,0,0.0,satisfied
15521,Female,Loyal Customer,48,Business travel,Eco Plus,164,2,1,1,1,1,4,4,2,2,2,2,2,2,3,0,0.0,neutral or dissatisfied
82153,Female,Loyal Customer,46,Business travel,Business,311,4,4,5,4,5,4,5,5,5,5,5,4,5,5,0,0.0,satisfied
84098,Female,Loyal Customer,48,Business travel,Business,879,5,5,5,5,2,5,4,4,4,4,4,3,4,4,0,0.0,satisfied
35062,Female,Loyal Customer,9,Business travel,Business,1780,1,5,5,5,1,1,1,1,4,1,3,3,4,1,24,29.0,neutral or dissatisfied
111615,Male,Loyal Customer,28,Business travel,Business,2057,4,4,4,4,5,5,5,5,5,5,4,4,5,5,22,10.0,satisfied
55662,Female,disloyal Customer,24,Business travel,Eco,1062,5,5,5,5,5,5,5,5,3,5,5,5,5,5,0,7.0,satisfied
111470,Male,Loyal Customer,66,Personal Travel,Eco,1024,2,5,2,4,3,2,3,3,5,3,4,3,5,3,1,0.0,neutral or dissatisfied
53108,Male,Loyal Customer,53,Business travel,Business,2065,2,3,3,3,2,3,3,2,2,2,2,2,2,3,0,0.0,neutral or dissatisfied
64374,Female,Loyal Customer,8,Personal Travel,Eco,1158,1,4,1,1,1,1,1,1,3,4,5,5,5,1,22,15.0,neutral or dissatisfied
42101,Female,Loyal Customer,26,Business travel,Business,2745,3,1,3,1,3,3,3,3,1,3,2,3,1,3,2,13.0,neutral or dissatisfied
118874,Male,Loyal Customer,29,Business travel,Eco,1136,2,2,2,2,2,2,2,2,3,3,4,1,3,2,20,22.0,neutral or dissatisfied
57990,Female,Loyal Customer,29,Business travel,Business,2191,1,1,3,1,5,5,5,5,3,3,5,5,4,5,0,0.0,satisfied
46836,Female,Loyal Customer,28,Business travel,Business,2465,1,1,1,1,4,4,4,4,4,4,5,2,1,4,0,0.0,satisfied
51364,Male,Loyal Customer,32,Personal Travel,Eco Plus,363,2,5,2,2,2,2,2,2,4,4,5,4,4,2,5,17.0,neutral or dissatisfied
15263,Female,Loyal Customer,52,Business travel,Business,1640,2,5,5,5,5,3,3,2,2,3,2,2,2,1,0,0.0,neutral or dissatisfied
53575,Female,Loyal Customer,60,Business travel,Eco,1195,5,2,2,2,2,3,4,5,5,5,5,1,5,3,14,0.0,satisfied
7572,Female,Loyal Customer,59,Business travel,Business,3718,2,2,2,2,3,4,5,5,5,5,5,4,5,3,55,49.0,satisfied
72521,Female,disloyal Customer,20,Business travel,Eco,1121,1,1,1,3,5,1,5,5,3,1,3,2,3,5,0,18.0,neutral or dissatisfied
51647,Female,Loyal Customer,45,Business travel,Eco,651,2,1,1,1,3,3,4,2,2,2,2,3,2,3,24,15.0,neutral or dissatisfied
54733,Male,Loyal Customer,33,Personal Travel,Eco,854,4,4,4,5,3,4,3,3,3,2,4,4,4,3,6,0.0,neutral or dissatisfied
82880,Male,Loyal Customer,25,Business travel,Business,3214,2,2,2,2,2,2,2,2,1,2,3,3,2,2,0,0.0,neutral or dissatisfied
42473,Male,Loyal Customer,59,Business travel,Business,3644,5,5,5,5,1,3,4,4,4,4,4,3,4,1,24,12.0,satisfied
77570,Male,Loyal Customer,41,Business travel,Business,1893,5,5,2,5,2,4,5,4,4,4,4,4,4,3,0,0.0,satisfied
26679,Male,Loyal Customer,8,Personal Travel,Eco,270,1,4,1,5,1,1,1,1,3,4,4,4,4,1,0,0.0,neutral or dissatisfied
62048,Female,Loyal Customer,40,Business travel,Business,1573,1,2,2,2,4,4,3,1,1,1,1,3,1,1,0,0.0,neutral or dissatisfied
38325,Female,Loyal Customer,35,Personal Travel,Business,1050,4,5,5,1,4,4,4,2,2,5,2,5,2,5,0,0.0,neutral or dissatisfied
114979,Female,disloyal Customer,22,Business travel,Eco,325,2,5,1,4,2,1,2,2,4,4,4,3,4,2,0,0.0,neutral or dissatisfied
114423,Female,Loyal Customer,43,Business travel,Business,2203,5,5,5,5,3,5,5,4,4,4,4,5,4,3,0,1.0,satisfied
41837,Female,Loyal Customer,37,Business travel,Eco,462,4,3,5,3,4,3,4,4,1,5,4,1,4,4,0,0.0,neutral or dissatisfied
126785,Female,Loyal Customer,32,Business travel,Eco,2125,3,5,5,5,3,3,3,3,4,5,4,2,4,3,0,0.0,neutral or dissatisfied
119816,Female,Loyal Customer,43,Business travel,Business,912,4,5,4,4,4,5,5,4,4,4,4,5,4,5,0,0.0,satisfied
91766,Female,Loyal Customer,24,Business travel,Eco,588,1,4,4,4,1,1,4,1,2,3,4,1,4,1,0,0.0,neutral or dissatisfied
41055,Female,Loyal Customer,28,Business travel,Eco Plus,1086,5,4,2,4,5,5,5,5,2,2,2,4,2,5,17,7.0,satisfied
14469,Female,Loyal Customer,69,Personal Travel,Eco,761,3,3,3,3,3,3,4,2,2,3,2,1,2,2,20,6.0,neutral or dissatisfied
97565,Female,Loyal Customer,52,Business travel,Business,448,2,2,2,2,3,5,4,5,5,5,5,5,5,5,16,7.0,satisfied
10392,Male,disloyal Customer,27,Business travel,Business,429,4,4,4,1,5,4,1,5,3,2,4,3,5,5,0,0.0,neutral or dissatisfied
16854,Female,Loyal Customer,52,Business travel,Business,2116,1,1,1,1,2,2,4,4,4,4,4,1,4,3,28,27.0,satisfied
23334,Male,Loyal Customer,48,Personal Travel,Eco,456,3,4,3,3,5,3,5,5,3,4,5,4,2,5,1,4.0,neutral or dissatisfied
108775,Female,Loyal Customer,46,Business travel,Business,2951,2,2,2,2,5,5,5,4,4,4,4,3,4,3,17,12.0,satisfied
2455,Male,Loyal Customer,60,Business travel,Business,1623,4,4,4,4,4,5,4,5,5,5,5,3,5,5,0,3.0,satisfied
125393,Female,Loyal Customer,53,Business travel,Business,1440,2,4,4,4,1,2,2,2,2,2,2,2,2,3,0,0.0,neutral or dissatisfied
47524,Male,Loyal Customer,41,Personal Travel,Eco,599,3,1,3,1,4,3,4,4,3,5,2,4,2,4,0,0.0,neutral or dissatisfied
6561,Male,disloyal Customer,38,Business travel,Business,473,4,4,4,1,1,4,1,1,5,3,4,5,5,1,43,37.0,satisfied
109847,Male,Loyal Customer,51,Business travel,Business,2748,4,4,4,4,5,4,4,5,5,5,5,5,5,3,17,0.0,satisfied
94398,Male,Loyal Customer,48,Business travel,Business,239,4,4,4,4,4,4,4,5,5,5,5,5,5,4,3,3.0,satisfied
47578,Female,Loyal Customer,41,Business travel,Business,1211,1,1,1,1,4,4,5,5,5,5,5,5,5,3,0,0.0,satisfied
13763,Female,disloyal Customer,30,Business travel,Eco Plus,401,3,3,3,4,3,3,3,3,3,3,3,1,4,3,0,0.0,neutral or dissatisfied
44732,Female,Loyal Customer,51,Business travel,Eco Plus,173,5,5,5,5,2,4,4,5,5,5,5,2,5,3,0,0.0,satisfied
62762,Female,disloyal Customer,72,Business travel,Eco,2486,2,2,2,1,2,3,3,4,2,2,2,3,3,3,4,17.0,neutral or dissatisfied
96090,Female,Loyal Customer,10,Personal Travel,Eco,1235,3,5,3,5,5,3,5,5,4,4,5,5,5,5,0,0.0,neutral or dissatisfied
64883,Female,Loyal Customer,39,Business travel,Business,3649,3,2,2,2,1,4,4,3,3,3,3,4,3,4,0,5.0,neutral or dissatisfied
15680,Male,Loyal Customer,37,Personal Travel,Eco,617,2,1,2,3,2,2,2,2,3,2,3,2,3,2,0,0.0,neutral or dissatisfied
311,Male,disloyal Customer,26,Business travel,Business,821,2,2,2,3,4,2,4,4,4,5,4,5,4,4,10,5.0,neutral or dissatisfied
103601,Male,Loyal Customer,58,Business travel,Business,2384,2,2,3,2,2,5,5,4,4,4,4,3,4,4,4,0.0,satisfied
77038,Female,disloyal Customer,22,Business travel,Eco,368,2,5,2,1,4,2,4,4,5,3,4,4,5,4,0,0.0,neutral or dissatisfied
99755,Male,Loyal Customer,57,Personal Travel,Eco,255,4,1,0,4,4,0,4,4,2,2,4,1,4,4,46,37.0,neutral or dissatisfied
100642,Male,Loyal Customer,44,Personal Travel,Eco,349,2,4,2,3,5,2,5,5,4,5,5,5,5,5,0,0.0,neutral or dissatisfied
66494,Male,Loyal Customer,48,Business travel,Business,3165,2,4,2,2,2,4,4,5,5,5,5,4,5,3,50,47.0,satisfied
4462,Female,Loyal Customer,56,Business travel,Business,3532,1,1,2,1,4,5,4,2,2,2,2,5,2,4,0,0.0,satisfied
68860,Female,disloyal Customer,47,Business travel,Eco,936,2,3,3,3,1,3,1,1,1,4,4,3,4,1,0,3.0,neutral or dissatisfied
26053,Female,Loyal Customer,21,Personal Travel,Eco,432,1,5,1,1,1,1,1,1,4,5,4,3,4,1,3,2.0,neutral or dissatisfied
69971,Male,Loyal Customer,54,Business travel,Business,236,5,5,3,5,4,5,4,4,4,4,4,3,4,4,18,15.0,satisfied
43,Female,Loyal Customer,54,Business travel,Business,1584,2,2,2,2,4,4,4,4,4,4,4,4,4,4,0,8.0,satisfied
129437,Female,disloyal Customer,26,Business travel,Eco,236,2,4,2,3,1,2,1,1,3,1,4,3,3,1,6,8.0,neutral or dissatisfied
66885,Female,Loyal Customer,22,Business travel,Business,2384,1,1,1,1,5,5,5,3,4,4,4,5,4,5,142,133.0,satisfied
67707,Female,Loyal Customer,42,Business travel,Business,1464,1,1,1,1,3,5,5,5,5,5,5,3,5,3,11,13.0,satisfied
48412,Female,Loyal Customer,7,Personal Travel,Business,853,3,3,3,4,3,3,3,3,3,4,4,4,3,3,5,0.0,neutral or dissatisfied
74040,Female,Loyal Customer,50,Business travel,Business,1194,5,5,5,5,3,4,5,5,5,5,5,4,5,5,0,0.0,satisfied
122048,Female,Loyal Customer,50,Business travel,Business,1775,1,1,1,1,2,4,4,5,5,5,5,5,5,5,0,0.0,satisfied
14168,Female,Loyal Customer,57,Business travel,Eco,526,4,1,4,1,4,4,4,5,5,3,4,4,3,4,185,175.0,satisfied
21523,Male,Loyal Customer,57,Personal Travel,Eco,399,2,4,2,1,2,2,2,2,4,5,4,3,5,2,1,0.0,neutral or dissatisfied
19879,Female,Loyal Customer,54,Business travel,Business,3774,4,4,4,4,3,1,5,4,4,4,4,1,4,1,31,15.0,satisfied
112115,Male,Loyal Customer,29,Personal Travel,Eco,1024,2,5,2,3,1,2,1,1,5,4,5,4,4,1,84,89.0,neutral or dissatisfied
90212,Female,Loyal Customer,28,Personal Travel,Eco,1084,1,5,1,2,3,1,3,3,3,3,5,4,4,3,0,0.0,neutral or dissatisfied
7604,Female,disloyal Customer,28,Business travel,Business,802,3,3,3,3,1,3,1,1,3,4,4,4,4,1,0,0.0,neutral or dissatisfied
20064,Male,Loyal Customer,21,Personal Travel,Eco,473,3,4,3,3,5,3,4,5,1,4,4,1,4,5,0,0.0,neutral or dissatisfied
40329,Male,Loyal Customer,54,Business travel,Eco Plus,463,4,4,4,4,4,4,4,4,1,1,3,1,4,4,38,24.0,neutral or dissatisfied
98222,Female,Loyal Customer,37,Business travel,Eco Plus,442,4,2,2,2,4,4,4,4,5,3,1,3,2,4,3,0.0,satisfied
126110,Male,Loyal Customer,59,Business travel,Eco,650,2,1,4,4,2,2,2,2,2,2,3,3,4,2,0,0.0,neutral or dissatisfied
24809,Female,Loyal Customer,27,Business travel,Eco,991,4,2,2,2,4,4,4,4,5,3,1,3,2,4,0,0.0,satisfied
53591,Female,disloyal Customer,30,Business travel,Eco,599,2,0,2,2,2,2,2,2,2,4,3,4,4,2,9,0.0,neutral or dissatisfied
3614,Female,Loyal Customer,56,Business travel,Business,427,4,4,4,4,4,5,5,3,3,4,3,4,3,4,0,0.0,satisfied
30916,Male,Loyal Customer,29,Business travel,Business,1891,3,3,3,3,4,4,4,4,1,1,4,3,5,4,0,0.0,satisfied
10838,Male,Loyal Customer,48,Business travel,Eco,517,4,1,1,1,4,4,4,4,4,5,4,3,4,4,0,0.0,neutral or dissatisfied
9124,Male,Loyal Customer,27,Personal Travel,Eco,765,3,4,3,5,4,3,4,4,4,2,4,4,4,4,0,0.0,neutral or dissatisfied
645,Male,Loyal Customer,58,Business travel,Business,164,4,4,4,4,3,4,5,4,4,4,4,4,4,3,0,0.0,satisfied
70334,Male,disloyal Customer,37,Business travel,Business,986,2,2,2,4,1,2,1,1,3,2,5,4,4,1,50,10.0,neutral or dissatisfied
120732,Male,Loyal Customer,50,Business travel,Business,3477,2,2,2,2,3,4,5,4,4,4,4,4,4,3,0,0.0,satisfied
86918,Male,Loyal Customer,18,Personal Travel,Eco,341,1,4,5,3,2,5,2,2,3,4,4,3,4,2,0,0.0,neutral or dissatisfied
30123,Female,Loyal Customer,12,Personal Travel,Eco,548,1,0,1,2,4,1,4,4,5,1,4,5,1,4,0,0.0,neutral or dissatisfied
110212,Male,disloyal Customer,22,Business travel,Eco,1310,3,3,3,2,3,3,3,3,4,4,1,4,1,3,0,0.0,neutral or dissatisfied
64568,Male,disloyal Customer,21,Business travel,Eco,247,0,0,0,4,2,0,2,2,3,2,4,4,4,2,3,4.0,satisfied
1234,Male,Loyal Customer,33,Personal Travel,Eco,134,2,5,2,4,4,2,4,4,3,3,5,4,4,4,12,21.0,neutral or dissatisfied
69722,Female,Loyal Customer,30,Personal Travel,Eco,1372,3,5,3,2,4,3,4,4,5,4,5,5,5,4,0,0.0,neutral or dissatisfied
37596,Female,Loyal Customer,18,Business travel,Business,1901,4,3,3,3,4,4,4,4,2,4,3,1,4,4,0,0.0,neutral or dissatisfied
1114,Female,Loyal Customer,46,Personal Travel,Eco,134,1,0,1,3,4,5,5,5,5,1,5,3,5,5,0,0.0,neutral or dissatisfied
61856,Male,Loyal Customer,34,Personal Travel,Eco Plus,1346,4,5,4,1,3,4,3,3,3,2,3,4,5,3,0,0.0,neutral or dissatisfied
47946,Female,Loyal Customer,7,Personal Travel,Eco,550,3,5,3,1,2,3,2,2,3,2,5,4,4,2,17,8.0,neutral or dissatisfied
74476,Male,Loyal Customer,53,Business travel,Business,1464,4,4,4,4,5,5,5,3,3,3,3,4,3,3,0,0.0,satisfied
17236,Female,disloyal Customer,28,Business travel,Eco,1092,2,2,2,1,1,2,4,1,3,1,2,2,5,1,0,0.0,neutral or dissatisfied
121363,Male,Loyal Customer,47,Business travel,Business,170,0,3,0,3,3,4,2,4,4,4,4,1,4,4,0,0.0,satisfied
63922,Female,Loyal Customer,69,Personal Travel,Eco,1192,3,5,4,3,3,5,4,1,1,4,1,5,1,5,0,35.0,neutral or dissatisfied
89599,Female,Loyal Customer,71,Business travel,Business,1998,5,2,2,2,2,2,2,5,5,4,5,3,5,1,7,48.0,neutral or dissatisfied
36584,Female,disloyal Customer,28,Business travel,Eco,1197,1,1,1,3,3,1,1,3,2,2,4,3,3,3,0,0.0,neutral or dissatisfied
66876,Female,Loyal Customer,31,Business travel,Business,1119,3,3,3,3,5,5,5,5,3,2,4,5,4,5,19,16.0,satisfied
55416,Male,Loyal Customer,53,Business travel,Business,2521,2,2,2,2,5,5,5,3,5,5,4,5,3,5,0,0.0,satisfied
71606,Male,Loyal Customer,30,Business travel,Business,3857,5,5,5,5,5,5,5,5,4,2,5,4,4,5,0,0.0,satisfied
87640,Male,Loyal Customer,51,Business travel,Business,1550,4,4,4,4,3,4,4,2,2,2,2,4,2,5,0,0.0,satisfied
60875,Male,Loyal Customer,24,Business travel,Business,1062,5,5,5,5,3,3,3,3,4,5,5,4,5,3,0,0.0,satisfied
119894,Female,disloyal Customer,22,Business travel,Eco,912,3,3,3,3,3,3,3,3,3,3,2,2,3,3,0,0.0,neutral or dissatisfied
97546,Female,Loyal Customer,30,Personal Travel,Eco,462,3,4,3,2,2,3,2,2,3,2,5,5,4,2,0,0.0,neutral or dissatisfied
82894,Male,Loyal Customer,14,Personal Travel,Eco,645,3,5,3,2,4,3,4,4,3,1,1,5,3,4,0,0.0,neutral or dissatisfied
24272,Male,Loyal Customer,58,Personal Travel,Eco,147,2,4,2,3,2,2,2,2,3,2,4,4,4,2,0,0.0,neutral or dissatisfied
89340,Female,disloyal Customer,20,Business travel,Eco,1587,3,3,3,3,4,3,4,4,4,2,4,2,3,4,19,3.0,neutral or dissatisfied
3780,Male,Loyal Customer,41,Business travel,Business,2475,1,3,3,3,4,2,3,1,1,1,1,3,1,1,0,43.0,neutral or dissatisfied
104586,Female,Loyal Customer,17,Business travel,Business,369,3,2,2,2,3,3,3,3,3,1,4,2,4,3,63,68.0,neutral or dissatisfied
65114,Female,Loyal Customer,16,Personal Travel,Eco,551,5,2,5,3,2,5,2,2,1,3,3,4,4,2,0,5.0,satisfied
18900,Male,Loyal Customer,28,Personal Travel,Eco,448,5,4,5,3,1,5,1,1,2,5,4,1,3,1,0,0.0,satisfied
43389,Female,Loyal Customer,68,Personal Travel,Eco,347,2,3,2,4,4,2,2,3,3,2,3,1,3,1,0,0.0,neutral or dissatisfied
81167,Female,Loyal Customer,37,Business travel,Business,196,5,5,5,5,5,5,3,4,4,5,4,1,4,2,0,0.0,satisfied
9899,Male,Loyal Customer,46,Business travel,Business,1975,2,2,2,2,2,5,5,3,3,3,3,5,3,3,0,0.0,satisfied
17013,Male,Loyal Customer,24,Business travel,Business,781,3,3,2,3,4,4,4,4,2,2,5,2,3,4,0,0.0,satisfied
88533,Female,Loyal Customer,41,Personal Travel,Eco,406,2,4,2,2,3,2,3,3,3,3,5,4,5,3,22,18.0,neutral or dissatisfied
56454,Male,Loyal Customer,50,Personal Travel,Eco,719,4,4,4,1,1,4,1,1,4,5,4,4,4,1,104,110.0,neutral or dissatisfied
7586,Female,Loyal Customer,52,Personal Travel,Eco,594,3,4,3,3,4,5,3,5,5,3,5,2,5,5,0,0.0,neutral or dissatisfied
114686,Female,disloyal Customer,26,Business travel,Business,480,0,1,1,4,3,1,2,3,4,4,5,4,5,3,0,0.0,satisfied
14816,Female,disloyal Customer,24,Business travel,Eco,95,2,3,2,4,5,2,5,5,3,4,3,3,3,5,0,0.0,neutral or dissatisfied
61693,Female,Loyal Customer,41,Business travel,Business,1608,3,3,2,3,5,2,3,3,3,3,3,2,3,1,0,0.0,neutral or dissatisfied
62809,Female,Loyal Customer,68,Personal Travel,Eco,2449,1,3,1,3,1,1,1,1,4,3,2,1,1,1,0,18.0,neutral or dissatisfied
45626,Male,Loyal Customer,25,Business travel,Business,2680,2,2,2,2,5,5,5,5,4,1,1,4,3,5,0,0.0,satisfied
31098,Female,Loyal Customer,50,Personal Travel,Eco,1014,4,2,4,3,5,4,3,5,5,4,5,2,5,2,28,19.0,neutral or dissatisfied
4591,Female,Loyal Customer,65,Business travel,Eco,416,5,1,3,1,4,2,4,5,5,5,5,1,5,3,66,63.0,satisfied
33081,Female,Loyal Customer,47,Personal Travel,Eco,101,4,3,4,3,1,4,3,4,4,4,4,1,4,5,0,0.0,neutral or dissatisfied
64494,Male,Loyal Customer,47,Business travel,Business,1715,2,4,4,4,4,4,3,2,2,2,2,4,2,4,0,0.0,neutral or dissatisfied
116782,Male,Loyal Customer,13,Personal Travel,Eco Plus,296,2,4,2,2,5,2,5,5,4,4,3,5,4,5,13,5.0,neutral or dissatisfied
106488,Female,Loyal Customer,44,Personal Travel,Business,495,2,4,2,4,2,5,4,1,1,2,1,5,1,5,0,0.0,neutral or dissatisfied
29527,Male,Loyal Customer,70,Personal Travel,Eco,1009,4,1,4,3,4,4,4,4,2,1,3,1,4,4,1,6.0,neutral or dissatisfied
31712,Male,Loyal Customer,49,Personal Travel,Eco,853,2,4,2,3,2,2,1,2,4,5,4,5,4,2,0,0.0,neutral or dissatisfied
77304,Male,disloyal Customer,21,Business travel,Eco,626,4,1,4,3,2,4,2,2,2,3,4,3,3,2,0,6.0,neutral or dissatisfied
49097,Female,Loyal Customer,62,Business travel,Eco,158,1,3,3,3,1,1,1,2,5,2,3,1,1,1,153,158.0,neutral or dissatisfied
122294,Female,Loyal Customer,59,Personal Travel,Eco,541,3,5,3,1,2,5,4,2,2,3,3,4,2,3,0,0.0,neutral or dissatisfied
64958,Female,disloyal Customer,39,Business travel,Business,190,3,3,3,3,3,3,3,3,2,1,3,4,3,3,0,0.0,neutral or dissatisfied
26006,Female,Loyal Customer,28,Business travel,Business,425,2,2,2,2,4,4,4,4,2,5,4,4,1,4,14,0.0,satisfied
108126,Male,Loyal Customer,27,Business travel,Business,990,3,1,1,1,3,3,3,3,2,3,3,1,3,3,63,53.0,neutral or dissatisfied
80141,Male,disloyal Customer,22,Business travel,Eco,1089,4,4,4,1,4,2,2,5,2,3,5,2,3,2,0,0.0,satisfied
110749,Male,disloyal Customer,28,Business travel,Business,997,2,3,3,3,5,3,5,5,5,3,4,4,5,5,11,5.0,neutral or dissatisfied
10939,Female,disloyal Customer,22,Business travel,Business,74,0,5,0,5,5,0,5,5,5,3,5,4,4,5,0,0.0,satisfied
80400,Female,Loyal Customer,40,Business travel,Business,368,1,1,1,1,2,5,4,5,5,5,5,5,5,3,6,0.0,satisfied
24241,Male,disloyal Customer,37,Business travel,Eco,170,3,1,3,3,1,3,3,1,1,5,4,2,3,1,0,0.0,neutral or dissatisfied
116259,Male,Loyal Customer,61,Personal Travel,Eco,417,2,5,2,4,2,2,2,2,2,1,1,2,5,2,0,0.0,neutral or dissatisfied
96277,Male,Loyal Customer,14,Personal Travel,Eco,460,4,5,4,3,3,4,3,3,3,2,5,3,4,3,24,21.0,neutral or dissatisfied
81559,Male,Loyal Customer,25,Business travel,Business,936,3,2,2,2,3,3,3,3,2,2,3,2,3,3,0,0.0,neutral or dissatisfied
17988,Female,Loyal Customer,32,Business travel,Business,332,3,3,3,3,5,5,5,5,1,5,3,2,3,5,0,0.0,satisfied
3741,Male,Loyal Customer,48,Personal Travel,Eco,544,3,4,3,4,5,3,5,5,3,3,3,2,3,5,0,0.0,neutral or dissatisfied
39653,Female,disloyal Customer,21,Business travel,Business,736,0,0,0,1,3,0,1,3,4,4,2,4,2,3,11,45.0,satisfied
60587,Male,Loyal Customer,55,Business travel,Business,1158,1,1,1,1,5,1,1,5,5,5,5,1,5,2,0,0.0,satisfied
38818,Male,Loyal Customer,12,Personal Travel,Eco,354,3,4,4,4,1,4,1,1,3,3,4,3,5,1,0,0.0,neutral or dissatisfied
62235,Female,Loyal Customer,12,Personal Travel,Eco,2565,1,3,1,4,1,1,1,1,1,3,3,5,5,1,0,2.0,neutral or dissatisfied
37767,Male,Loyal Customer,22,Business travel,Eco Plus,944,4,3,3,3,4,5,4,4,4,5,1,3,4,4,0,0.0,satisfied
27158,Female,disloyal Customer,23,Business travel,Eco,1325,3,3,3,1,3,3,3,5,1,3,5,3,3,3,0,1.0,neutral or dissatisfied
1588,Male,disloyal Customer,16,Business travel,Eco,237,3,0,3,1,4,3,4,4,1,1,3,2,5,4,0,0.0,neutral or dissatisfied
82391,Male,disloyal Customer,28,Business travel,Business,500,1,1,1,1,4,1,4,4,3,2,5,5,5,4,0,0.0,neutral or dissatisfied
20982,Male,Loyal Customer,64,Personal Travel,Eco,803,2,1,2,4,4,2,4,4,1,3,4,2,3,4,0,0.0,neutral or dissatisfied
92933,Male,Loyal Customer,24,Personal Travel,Eco,134,4,0,4,4,5,4,5,5,3,5,5,4,5,5,0,0.0,neutral or dissatisfied
3347,Female,Loyal Customer,47,Business travel,Business,315,1,1,1,1,4,4,4,5,5,5,5,3,5,5,0,0.0,satisfied
91031,Male,Loyal Customer,34,Personal Travel,Eco,250,1,4,1,5,5,1,5,5,5,4,4,4,5,5,0,0.0,neutral or dissatisfied
76800,Male,Loyal Customer,60,Personal Travel,Eco,546,3,3,2,3,3,2,3,3,1,3,4,2,2,3,1,0.0,neutral or dissatisfied
49946,Female,Loyal Customer,34,Business travel,Business,2308,3,3,3,3,5,5,1,4,4,4,4,2,4,2,0,0.0,satisfied
21850,Female,Loyal Customer,13,Personal Travel,Business,503,4,4,4,3,5,4,5,5,3,5,4,4,4,5,0,0.0,satisfied
88968,Female,Loyal Customer,58,Business travel,Business,3543,1,2,2,2,5,3,4,1,1,2,1,4,1,1,0,0.0,neutral or dissatisfied
65679,Male,Loyal Customer,56,Personal Travel,Eco,1021,3,5,4,3,3,4,3,3,2,2,4,1,5,3,38,41.0,neutral or dissatisfied
27694,Male,Loyal Customer,25,Personal Travel,Eco,1107,0,5,0,1,2,0,2,2,5,4,5,3,4,2,0,0.0,satisfied
92480,Female,Loyal Customer,43,Business travel,Business,1919,2,3,3,3,2,4,3,2,2,2,2,1,2,3,0,0.0,neutral or dissatisfied
29326,Male,Loyal Customer,24,Personal Travel,Eco,933,4,4,4,1,4,4,4,4,5,5,4,5,5,4,11,11.0,neutral or dissatisfied
92717,Male,Loyal Customer,43,Business travel,Business,1987,1,1,1,1,4,5,5,4,4,4,4,3,4,5,0,0.0,satisfied
114337,Male,Loyal Customer,8,Personal Travel,Eco,862,4,5,4,5,2,4,2,2,5,2,4,4,5,2,0,0.0,neutral or dissatisfied
34609,Female,Loyal Customer,62,Personal Travel,Eco,1598,3,5,3,5,5,4,5,1,1,3,1,3,1,3,15,35.0,neutral or dissatisfied
62422,Male,Loyal Customer,40,Business travel,Business,2329,2,2,2,2,5,3,4,5,5,5,5,4,5,4,0,0.0,satisfied
14654,Male,disloyal Customer,36,Business travel,Eco,162,1,5,1,4,3,1,3,3,5,4,4,1,3,3,9,11.0,neutral or dissatisfied
116682,Male,Loyal Customer,47,Business travel,Eco Plus,447,4,4,2,2,4,4,4,4,3,4,3,4,3,4,84,78.0,neutral or dissatisfied
76271,Female,Loyal Customer,34,Business travel,Business,1927,2,5,5,5,3,2,3,2,2,2,2,4,2,2,5,0.0,neutral or dissatisfied
25857,Female,Loyal Customer,47,Personal Travel,Eco,692,3,4,3,1,4,4,4,4,4,3,5,4,4,3,6,6.0,neutral or dissatisfied
24601,Male,Loyal Customer,29,Business travel,Business,3788,1,1,1,1,4,4,4,4,4,2,5,1,4,4,0,0.0,satisfied
60547,Female,Loyal Customer,46,Personal Travel,Eco,862,2,4,2,1,4,3,5,1,1,2,5,1,1,2,1,0.0,neutral or dissatisfied
67810,Male,Loyal Customer,38,Business travel,Eco,835,5,2,2,2,5,5,5,5,2,3,1,5,2,5,2,0.0,satisfied
90198,Female,Loyal Customer,37,Personal Travel,Eco,957,1,2,0,3,5,0,5,5,2,4,4,1,3,5,29,15.0,neutral or dissatisfied
81516,Male,Loyal Customer,39,Business travel,Business,2895,4,4,4,4,3,5,4,5,5,5,5,3,5,3,4,0.0,satisfied
226,Male,Loyal Customer,66,Personal Travel,Eco,290,3,5,3,4,2,3,2,2,4,3,4,5,4,2,0,0.0,neutral or dissatisfied
91987,Male,Loyal Customer,52,Business travel,Business,1958,0,0,0,3,4,5,5,5,5,2,2,3,5,5,0,0.0,satisfied
88881,Male,disloyal Customer,39,Business travel,Business,859,2,2,2,4,2,2,2,2,3,5,5,3,4,2,0,0.0,neutral or dissatisfied
46980,Female,Loyal Customer,34,Personal Travel,Eco,845,4,5,4,3,2,4,2,2,4,2,5,5,5,2,0,2.0,neutral or dissatisfied
113763,Female,Loyal Customer,15,Personal Travel,Eco,386,5,5,5,3,4,5,4,4,4,3,4,4,5,4,0,0.0,satisfied
12973,Female,disloyal Customer,24,Business travel,Business,304,5,0,5,3,5,5,5,5,3,2,4,4,5,5,46,50.0,satisfied
78314,Male,Loyal Customer,33,Business travel,Business,2404,4,4,4,4,5,4,4,4,4,3,4,4,5,4,0,0.0,satisfied
55919,Female,Loyal Customer,66,Personal Travel,Eco,733,2,4,2,1,4,5,4,3,3,2,1,1,3,2,0,19.0,neutral or dissatisfied
110556,Male,Loyal Customer,41,Business travel,Business,488,2,2,1,2,4,4,4,5,5,5,5,3,5,4,53,46.0,satisfied
121442,Male,Loyal Customer,62,Business travel,Eco,257,3,1,1,1,3,3,3,3,4,5,3,2,4,3,6,0.0,neutral or dissatisfied
124922,Female,Loyal Customer,23,Business travel,Eco,328,2,3,4,3,2,1,3,2,4,4,3,3,3,2,0,14.0,neutral or dissatisfied
126893,Female,Loyal Customer,50,Business travel,Business,2125,1,1,2,1,2,3,4,5,5,5,5,3,5,4,0,0.0,satisfied
28256,Female,Loyal Customer,22,Business travel,Eco,1542,2,4,4,4,2,3,4,2,4,2,4,1,4,2,0,0.0,neutral or dissatisfied
77879,Female,disloyal Customer,43,Business travel,Eco,700,2,2,2,2,4,2,1,4,4,1,2,2,3,4,0,0.0,neutral or dissatisfied
27370,Female,Loyal Customer,53,Business travel,Eco,954,4,2,2,2,5,2,3,3,3,4,3,2,3,5,0,0.0,satisfied
60103,Female,Loyal Customer,67,Business travel,Business,1005,1,1,1,1,2,1,1,2,4,4,3,1,4,1,161,138.0,neutral or dissatisfied
81835,Male,Loyal Customer,40,Personal Travel,Eco,1487,3,5,3,4,1,3,1,1,5,4,3,4,4,1,0,0.0,neutral or dissatisfied
4359,Male,Loyal Customer,46,Business travel,Business,473,1,1,1,1,5,4,4,5,5,5,5,5,5,3,0,0.0,satisfied
45860,Female,Loyal Customer,63,Personal Travel,Eco Plus,391,1,4,1,1,3,5,5,4,4,1,4,4,4,5,40,63.0,neutral or dissatisfied
43664,Female,disloyal Customer,26,Business travel,Eco,695,3,3,3,4,2,3,2,2,1,2,4,3,4,2,0,9.0,neutral or dissatisfied
12578,Male,disloyal Customer,22,Business travel,Eco,542,3,0,3,1,2,3,2,2,4,2,4,1,2,2,22,16.0,neutral or dissatisfied
68849,Male,Loyal Customer,58,Business travel,Business,1581,1,1,1,1,2,5,4,4,4,4,4,3,4,4,0,0.0,satisfied
109940,Male,Loyal Customer,63,Personal Travel,Eco,971,3,4,3,2,3,2,2,4,5,5,5,2,4,2,142,136.0,neutral or dissatisfied
39481,Male,disloyal Customer,22,Business travel,Eco,867,4,4,4,2,4,4,4,4,3,2,5,1,5,4,0,7.0,satisfied
78954,Female,Loyal Customer,37,Business travel,Business,1612,3,3,3,3,4,5,5,5,5,5,5,5,5,5,0,7.0,satisfied
60844,Female,disloyal Customer,15,Business travel,Business,1265,4,0,3,3,3,3,3,3,5,2,4,5,4,3,1,0.0,satisfied
121661,Male,Loyal Customer,56,Business travel,Business,3991,0,0,0,1,4,5,4,2,2,2,2,3,2,4,0,0.0,satisfied
6197,Female,disloyal Customer,27,Business travel,Eco Plus,491,3,2,2,2,2,5,5,4,2,1,1,5,2,5,98,166.0,neutral or dissatisfied
65678,Female,Loyal Customer,63,Personal Travel,Eco,861,1,2,1,4,4,4,4,5,5,1,5,2,5,1,0,0.0,neutral or dissatisfied
106469,Female,disloyal Customer,62,Business travel,Eco,900,3,3,3,4,5,3,5,5,3,3,4,3,3,5,11,0.0,neutral or dissatisfied
11909,Female,Loyal Customer,49,Business travel,Eco,501,4,5,2,5,3,3,3,4,4,4,4,3,4,2,0,15.0,neutral or dissatisfied
115502,Female,disloyal Customer,23,Business travel,Eco,372,1,0,1,4,5,1,5,5,4,1,3,2,4,5,44,40.0,neutral or dissatisfied
91189,Male,Loyal Customer,42,Personal Travel,Eco,594,2,2,2,4,2,2,2,2,3,2,4,3,4,2,20,15.0,neutral or dissatisfied
44873,Male,disloyal Customer,20,Business travel,Eco,240,2,2,2,4,5,2,5,5,2,1,4,3,4,5,61,57.0,neutral or dissatisfied
84162,Male,Loyal Customer,16,Personal Travel,Eco,503,3,5,3,5,2,3,2,2,3,5,5,4,5,2,0,0.0,neutral or dissatisfied
6076,Female,Loyal Customer,52,Personal Travel,Eco,690,3,4,3,2,4,4,4,3,3,3,4,5,3,4,56,49.0,neutral or dissatisfied
95999,Female,Loyal Customer,54,Business travel,Business,795,4,4,4,4,4,5,5,5,5,5,5,5,5,4,0,0.0,satisfied
111228,Male,Loyal Customer,47,Personal Travel,Eco,1506,4,3,4,2,4,4,3,3,1,1,5,3,5,3,163,158.0,neutral or dissatisfied
34412,Female,Loyal Customer,55,Personal Travel,Eco,612,2,5,2,2,5,1,5,1,1,2,5,1,1,2,0,0.0,neutral or dissatisfied
53887,Male,Loyal Customer,41,Personal Travel,Eco,140,2,4,2,3,4,2,4,4,3,5,3,3,4,4,0,0.0,neutral or dissatisfied
97813,Male,Loyal Customer,42,Business travel,Business,480,4,4,4,4,2,5,5,4,4,4,4,3,4,5,0,0.0,satisfied
109472,Female,disloyal Customer,38,Business travel,Business,920,4,4,4,3,2,4,2,2,5,3,4,3,4,2,0,0.0,neutral or dissatisfied
33996,Male,Loyal Customer,59,Business travel,Eco,1598,2,2,5,5,2,2,2,2,1,1,3,1,5,2,58,39.0,satisfied
10410,Male,Loyal Customer,40,Business travel,Business,201,2,2,2,2,3,4,5,4,4,4,5,4,4,3,0,0.0,satisfied
101369,Female,Loyal Customer,29,Personal Travel,Eco,1986,2,3,2,4,2,2,2,4,2,3,3,2,3,2,176,170.0,neutral or dissatisfied
73483,Female,Loyal Customer,25,Personal Travel,Eco,1120,1,4,1,3,1,1,1,1,5,4,5,3,4,1,0,0.0,neutral or dissatisfied
65641,Female,Loyal Customer,62,Business travel,Eco Plus,175,2,3,3,3,1,4,3,2,2,2,2,1,2,2,0,0.0,neutral or dissatisfied
64086,Male,Loyal Customer,69,Personal Travel,Eco,919,3,4,3,4,3,3,3,3,5,2,5,4,4,3,0,8.0,neutral or dissatisfied
49502,Male,Loyal Customer,27,Business travel,Business,3989,5,5,5,5,5,5,5,5,5,2,4,2,5,5,0,0.0,satisfied
29219,Female,disloyal Customer,38,Business travel,Business,834,2,2,2,1,2,2,5,2,5,4,5,3,4,2,0,0.0,satisfied
4734,Female,Loyal Customer,36,Business travel,Business,888,1,1,1,1,5,5,4,5,5,5,5,4,5,5,7,27.0,satisfied
66408,Male,Loyal Customer,42,Business travel,Business,1733,1,1,3,1,4,4,1,5,5,5,5,5,5,2,0,0.0,satisfied
100836,Male,disloyal Customer,7,Business travel,Eco,711,4,4,4,3,2,4,3,2,2,4,3,1,3,2,0,0.0,neutral or dissatisfied
128298,Male,Loyal Customer,49,Business travel,Business,2850,5,5,1,5,2,5,4,4,4,4,4,4,4,4,4,7.0,satisfied
57574,Female,Loyal Customer,40,Business travel,Business,1597,2,2,3,2,2,3,4,2,2,2,2,2,2,2,0,0.0,neutral or dissatisfied
51886,Male,Loyal Customer,37,Business travel,Business,2945,2,2,2,2,5,4,3,5,5,5,5,5,5,2,0,13.0,satisfied
19482,Male,Loyal Customer,11,Personal Travel,Eco,177,2,1,2,1,5,2,5,5,2,1,1,1,1,5,0,0.0,neutral or dissatisfied
40154,Female,disloyal Customer,25,Business travel,Business,387,3,5,3,2,5,3,1,5,4,3,5,5,5,5,0,0.0,neutral or dissatisfied
6909,Male,Loyal Customer,67,Personal Travel,Eco,287,3,5,3,1,5,3,5,5,4,4,4,4,4,5,0,0.0,neutral or dissatisfied
38122,Male,Loyal Customer,44,Business travel,Business,2487,1,1,1,1,3,5,3,4,4,4,4,5,4,3,0,0.0,satisfied
13388,Female,Loyal Customer,60,Business travel,Eco,456,2,5,3,5,2,1,3,2,2,2,2,4,2,1,26,8.0,satisfied
95545,Male,Loyal Customer,42,Personal Travel,Eco Plus,277,3,1,3,2,4,3,4,4,1,5,3,2,2,4,2,14.0,neutral or dissatisfied
59101,Male,Loyal Customer,18,Personal Travel,Eco,1726,4,4,4,4,3,4,3,3,3,4,5,5,5,3,1,0.0,neutral or dissatisfied
22597,Male,Loyal Customer,41,Business travel,Business,2768,5,5,5,5,4,3,4,5,5,5,5,5,5,2,0,0.0,satisfied
120649,Female,Loyal Customer,56,Business travel,Business,2875,0,0,0,1,3,4,5,5,5,5,5,5,5,5,0,0.0,satisfied
52709,Male,disloyal Customer,18,Business travel,Eco,1162,2,2,2,4,3,2,3,3,1,3,4,4,5,3,0,5.0,neutral or dissatisfied
119814,Female,Loyal Customer,49,Business travel,Business,3842,2,2,3,2,4,4,5,2,2,2,2,4,2,3,0,0.0,satisfied
70681,Male,Loyal Customer,58,Personal Travel,Eco,447,1,4,1,4,2,1,1,2,4,5,1,4,2,2,4,0.0,neutral or dissatisfied
67032,Female,disloyal Customer,27,Business travel,Eco,964,2,2,2,4,4,2,5,4,2,3,4,2,3,4,3,0.0,neutral or dissatisfied
72335,Female,disloyal Customer,44,Business travel,Business,1121,5,5,5,4,5,5,5,5,4,2,5,4,4,5,21,5.0,satisfied
64593,Female,Loyal Customer,55,Business travel,Business,2453,2,2,2,2,5,5,4,4,4,4,4,3,4,3,0,0.0,satisfied
13116,Male,Loyal Customer,24,Business travel,Business,595,2,2,2,2,2,2,2,2,1,2,4,3,4,2,14,6.0,neutral or dissatisfied
62039,Male,disloyal Customer,25,Business travel,Eco,2586,3,3,3,4,4,3,4,4,2,1,3,3,4,4,0,0.0,neutral or dissatisfied
14497,Male,Loyal Customer,55,Business travel,Business,2464,3,3,3,3,1,2,2,4,4,4,4,4,4,1,19,13.0,satisfied
2584,Male,Loyal Customer,57,Personal Travel,Eco,181,1,4,1,1,5,1,5,5,5,1,1,5,5,5,5,17.0,neutral or dissatisfied
50466,Male,disloyal Customer,54,Business travel,Eco,373,1,1,1,3,3,1,5,3,4,4,4,2,3,3,0,0.0,neutral or dissatisfied
28052,Female,disloyal Customer,22,Business travel,Eco Plus,1739,2,0,2,1,5,2,1,5,4,1,4,4,4,5,6,0.0,neutral or dissatisfied
68541,Male,Loyal Customer,69,Business travel,Business,3929,2,2,2,2,3,5,1,3,3,2,3,1,3,1,8,14.0,satisfied
84670,Male,disloyal Customer,15,Business travel,Eco,864,3,3,3,2,4,3,4,4,4,3,5,5,5,4,15,7.0,neutral or dissatisfied
2358,Male,Loyal Customer,42,Business travel,Business,925,3,3,3,3,5,5,5,3,3,4,5,5,5,5,174,180.0,satisfied
10385,Male,Loyal Customer,45,Business travel,Business,3523,2,2,2,2,2,5,4,5,5,5,5,4,5,4,6,4.0,satisfied
69646,Male,disloyal Customer,27,Business travel,Business,569,3,3,3,4,3,3,5,3,4,4,5,5,4,3,0,14.0,neutral or dissatisfied
84575,Female,Loyal Customer,38,Personal Travel,Eco Plus,2556,3,1,3,4,3,3,3,3,1,4,4,2,3,3,0,0.0,neutral or dissatisfied
22751,Male,Loyal Customer,33,Business travel,Eco,302,5,1,1,1,5,5,5,5,1,4,5,5,2,5,0,0.0,satisfied
96921,Female,Loyal Customer,52,Personal Travel,Eco,816,3,3,3,2,2,3,2,2,2,3,1,1,2,1,18,2.0,neutral or dissatisfied
114078,Male,disloyal Customer,16,Business travel,Business,1892,5,0,5,1,1,5,5,1,4,2,3,4,4,1,6,0.0,satisfied
85884,Male,Loyal Customer,39,Personal Travel,Eco,2172,4,4,4,4,1,4,5,1,5,2,5,4,4,1,0,0.0,satisfied
52143,Male,Loyal Customer,47,Business travel,Business,2725,4,4,4,4,5,5,5,5,5,5,5,4,5,3,0,0.0,satisfied
22630,Male,Loyal Customer,51,Personal Travel,Eco,223,3,5,3,1,3,3,3,3,5,3,4,5,4,3,1,0.0,neutral or dissatisfied
20654,Male,Loyal Customer,40,Business travel,Eco,522,4,4,4,4,4,4,4,4,1,5,4,4,1,4,0,0.0,satisfied
94003,Male,Loyal Customer,57,Business travel,Business,2383,0,4,0,4,2,4,4,1,1,1,1,3,1,3,37,38.0,satisfied
126522,Female,disloyal Customer,27,Business travel,Eco,196,1,0,1,2,4,1,5,4,4,3,1,3,3,4,0,0.0,neutral or dissatisfied
46779,Male,Loyal Customer,60,Business travel,Business,848,1,1,1,1,4,4,4,4,4,4,5,4,3,4,207,223.0,satisfied
127408,Male,disloyal Customer,18,Business travel,Eco,868,1,2,2,4,2,2,2,2,2,1,4,2,3,2,14,8.0,neutral or dissatisfied
110300,Female,Loyal Customer,35,Business travel,Business,3566,4,4,4,4,4,4,4,4,4,4,4,3,4,5,0,0.0,satisfied
70466,Male,Loyal Customer,20,Business travel,Eco,867,2,1,2,1,2,2,4,2,2,5,4,1,4,2,0,0.0,neutral or dissatisfied
71085,Female,Loyal Customer,69,Personal Travel,Eco,802,3,4,3,4,5,2,2,5,5,3,5,1,5,3,21,17.0,neutral or dissatisfied
97272,Male,Loyal Customer,38,Personal Travel,Eco Plus,296,3,4,3,2,2,3,2,2,3,3,4,4,4,2,16,11.0,neutral or dissatisfied
116406,Male,Loyal Customer,34,Personal Travel,Eco,337,3,5,3,1,2,3,2,2,5,3,5,4,4,2,0,0.0,neutral or dissatisfied
14263,Male,Loyal Customer,72,Business travel,Eco,395,4,4,4,4,3,4,3,3,3,5,2,3,3,3,2,2.0,neutral or dissatisfied
95537,Male,Loyal Customer,44,Personal Travel,Eco Plus,192,3,5,3,1,1,3,1,1,5,5,5,5,4,1,8,3.0,neutral or dissatisfied
64234,Female,Loyal Customer,27,Business travel,Business,1660,3,1,4,1,3,3,3,3,1,3,3,3,3,3,0,4.0,neutral or dissatisfied
78042,Female,Loyal Customer,12,Personal Travel,Eco,332,3,4,3,4,2,3,2,2,3,4,4,3,5,2,0,0.0,neutral or dissatisfied
97811,Male,disloyal Customer,32,Business travel,Eco,480,3,4,3,3,3,3,3,3,2,3,4,4,3,3,0,0.0,neutral or dissatisfied
115915,Female,disloyal Customer,37,Business travel,Eco,447,2,0,2,3,1,2,1,1,2,1,2,1,5,1,1,0.0,neutral or dissatisfied
24572,Male,Loyal Customer,56,Personal Travel,Eco,874,4,0,4,4,3,4,4,3,4,4,4,3,4,3,0,21.0,neutral or dissatisfied
102091,Female,Loyal Customer,41,Business travel,Business,3933,3,3,3,3,3,3,3,5,2,5,5,3,3,3,190,182.0,satisfied
126518,Female,Loyal Customer,49,Business travel,Eco Plus,313,2,5,5,5,5,4,4,2,2,2,2,4,2,4,0,0.0,neutral or dissatisfied
43076,Male,Loyal Customer,69,Personal Travel,Eco,192,4,5,4,2,3,4,3,3,5,2,5,4,5,3,33,25.0,neutral or dissatisfied
95631,Female,Loyal Customer,18,Personal Travel,Eco,822,4,4,4,3,5,4,5,5,3,3,5,5,5,5,4,3.0,satisfied
108692,Male,Loyal Customer,46,Personal Travel,Eco,577,3,5,3,3,4,3,4,4,4,5,5,4,5,4,2,0.0,neutral or dissatisfied
114060,Female,Loyal Customer,25,Business travel,Business,2139,4,4,4,4,2,2,2,2,3,2,5,5,4,2,4,2.0,satisfied
14443,Male,disloyal Customer,25,Business travel,Eco,761,2,2,2,4,4,2,4,4,2,3,4,1,4,4,13,4.0,neutral or dissatisfied
59208,Male,Loyal Customer,31,Business travel,Business,1440,4,4,4,4,4,4,4,4,2,5,2,5,3,4,0,0.0,satisfied
125916,Male,Loyal Customer,47,Personal Travel,Eco,920,4,2,4,3,4,4,2,4,4,4,3,4,3,4,0,0.0,neutral or dissatisfied
75692,Female,Loyal Customer,42,Business travel,Business,868,4,4,4,4,2,4,4,3,3,3,3,4,3,3,0,0.0,satisfied
121037,Female,Loyal Customer,27,Personal Travel,Eco,992,3,5,3,2,4,3,4,4,4,4,5,3,4,4,28,43.0,neutral or dissatisfied
66231,Female,Loyal Customer,41,Business travel,Business,1836,4,4,4,4,4,5,5,3,3,3,3,5,3,4,0,0.0,satisfied
38888,Male,disloyal Customer,39,Business travel,Eco,621,4,0,4,2,2,4,2,2,3,3,5,1,2,2,0,18.0,neutral or dissatisfied
21848,Female,Loyal Customer,64,Personal Travel,Business,500,2,5,2,3,2,4,5,3,3,2,3,4,3,5,0,0.0,neutral or dissatisfied
116209,Male,Loyal Customer,64,Personal Travel,Eco,480,0,2,0,2,4,0,2,4,2,2,3,2,2,4,6,1.0,satisfied
97161,Female,Loyal Customer,12,Personal Travel,Eco,1390,4,4,4,4,4,4,4,4,4,5,3,4,3,4,0,0.0,satisfied
66693,Female,Loyal Customer,30,Business travel,Business,1538,2,4,4,4,2,2,2,2,1,2,2,3,3,2,90,78.0,neutral or dissatisfied
11990,Female,Loyal Customer,65,Personal Travel,Eco,643,2,4,2,3,1,3,3,3,3,2,3,1,3,1,0,1.0,neutral or dissatisfied
73547,Female,Loyal Customer,14,Personal Travel,Eco,594,4,3,4,4,5,4,5,5,1,2,4,2,4,5,1,5.0,neutral or dissatisfied
45959,Female,Loyal Customer,13,Personal Travel,Eco Plus,809,2,3,2,4,5,2,5,5,1,5,4,3,4,5,24,22.0,neutral or dissatisfied
121167,Female,Loyal Customer,37,Business travel,Business,3974,4,4,4,4,2,4,4,4,4,4,4,1,4,4,0,,neutral or dissatisfied
15712,Female,disloyal Customer,20,Business travel,Eco,479,4,5,4,4,2,4,2,2,4,5,3,5,2,2,0,0.0,satisfied
116446,Male,Loyal Customer,14,Personal Travel,Eco,446,2,4,2,2,1,2,1,1,3,3,4,5,5,1,9,8.0,neutral or dissatisfied
63957,Male,Loyal Customer,36,Personal Travel,Eco,1192,2,4,2,1,1,2,1,1,5,2,4,3,5,1,0,5.0,neutral or dissatisfied
54870,Female,disloyal Customer,26,Business travel,Eco,585,5,3,5,4,3,5,5,3,5,2,4,5,3,3,31,0.0,satisfied
39862,Male,Loyal Customer,56,Business travel,Business,1830,3,4,4,4,2,4,4,1,1,1,3,2,1,2,0,0.0,neutral or dissatisfied
75585,Female,Loyal Customer,51,Business travel,Eco,337,1,1,5,1,1,3,2,1,1,1,1,2,1,2,0,0.0,neutral or dissatisfied
111034,Male,Loyal Customer,47,Business travel,Business,197,0,4,0,3,4,4,4,5,5,5,2,3,5,3,5,0.0,satisfied
17009,Male,Loyal Customer,45,Business travel,Business,781,3,4,4,4,5,4,4,3,3,3,3,4,3,3,13,14.0,neutral or dissatisfied
13451,Female,Loyal Customer,25,Personal Travel,Eco,409,1,5,1,3,1,1,1,1,3,4,4,4,4,1,0,0.0,neutral or dissatisfied
40701,Male,Loyal Customer,42,Business travel,Business,558,3,3,3,3,3,4,2,2,2,2,2,1,2,3,0,0.0,satisfied
81691,Male,Loyal Customer,53,Personal Travel,Eco,907,1,5,1,3,3,1,3,3,5,4,5,5,4,3,2,0.0,neutral or dissatisfied
118308,Female,disloyal Customer,38,Business travel,Business,602,3,3,3,3,5,3,5,5,3,2,4,4,4,5,13,0.0,neutral or dissatisfied
19334,Male,Loyal Customer,22,Personal Travel,Eco,694,2,5,2,3,4,2,4,4,4,3,4,5,4,4,11,0.0,neutral or dissatisfied
93781,Male,Loyal Customer,62,Personal Travel,Eco,1865,3,5,3,4,5,3,5,5,2,4,5,4,2,5,0,0.0,neutral or dissatisfied
118376,Male,disloyal Customer,20,Business travel,Eco,304,0,0,0,3,1,0,1,1,3,3,4,3,5,1,0,0.0,satisfied
103846,Male,Loyal Customer,35,Business travel,Eco,1056,1,3,3,3,1,1,1,1,3,4,3,4,4,1,21,24.0,neutral or dissatisfied
69493,Male,Loyal Customer,23,Personal Travel,Eco Plus,1096,3,5,3,3,3,3,5,3,5,5,4,4,5,3,0,,neutral or dissatisfied
115164,Male,disloyal Customer,32,Business travel,Business,373,3,3,3,2,4,3,4,4,5,2,5,3,5,4,53,43.0,neutral or dissatisfied
97489,Male,Loyal Customer,59,Business travel,Eco,756,3,3,3,3,4,3,4,4,2,4,2,2,1,4,0,0.0,neutral or dissatisfied
113278,Female,disloyal Customer,23,Business travel,Eco,236,1,4,1,2,3,1,3,3,5,2,5,4,5,3,17,18.0,neutral or dissatisfied
80266,Female,Loyal Customer,29,Personal Travel,Eco,488,2,1,2,3,5,2,3,5,2,5,4,2,3,5,0,0.0,neutral or dissatisfied
126513,Male,Loyal Customer,46,Business travel,Business,3245,4,5,5,5,4,3,3,4,4,4,4,4,4,2,3,0.0,neutral or dissatisfied
105952,Male,disloyal Customer,19,Business travel,Business,1188,4,3,5,1,5,5,5,3,5,5,5,5,4,5,0,35.0,satisfied
36028,Female,disloyal Customer,21,Business travel,Eco,474,3,0,4,3,4,4,4,4,3,1,5,2,3,4,0,0.0,neutral or dissatisfied
2597,Male,Loyal Customer,27,Personal Travel,Eco,280,1,2,1,3,3,1,1,3,4,5,2,4,2,3,11,5.0,neutral or dissatisfied
80710,Female,Loyal Customer,34,Personal Travel,Eco,1640,1,5,1,3,2,1,4,2,4,2,4,4,5,2,57,49.0,neutral or dissatisfied
13826,Male,Loyal Customer,42,Business travel,Business,628,1,1,1,1,4,1,4,4,4,4,4,1,4,2,94,101.0,satisfied
34584,Male,Loyal Customer,27,Business travel,Business,1617,4,4,4,4,5,5,5,5,4,1,4,5,1,5,0,0.0,satisfied
80411,Female,Loyal Customer,34,Business travel,Business,2248,3,3,3,3,3,5,4,4,4,4,4,5,4,4,0,1.0,satisfied
33530,Male,Loyal Customer,41,Personal Travel,Eco,228,2,5,2,4,3,2,3,3,4,2,5,5,5,3,0,19.0,neutral or dissatisfied
64743,Male,disloyal Customer,22,Business travel,Business,190,0,4,0,2,4,0,4,4,5,5,4,5,5,4,0,0.0,satisfied
96213,Male,disloyal Customer,59,Business travel,Eco,460,3,3,3,4,2,3,2,2,3,1,4,4,4,2,54,52.0,neutral or dissatisfied
7579,Male,Loyal Customer,57,Business travel,Business,3697,1,1,1,1,2,4,4,5,5,5,5,4,5,4,0,0.0,satisfied
63285,Male,Loyal Customer,44,Business travel,Business,3377,4,4,4,4,4,5,4,5,5,5,5,5,5,4,0,0.0,satisfied
85597,Male,Loyal Customer,38,Business travel,Business,153,2,1,1,1,2,4,3,1,1,1,2,1,1,2,0,0.0,neutral or dissatisfied
102613,Female,Loyal Customer,51,Business travel,Business,1858,3,3,4,3,2,5,5,4,4,4,4,4,4,5,35,11.0,satisfied
82354,Female,Loyal Customer,54,Business travel,Business,453,3,5,5,5,3,4,4,3,3,3,3,4,3,1,91,80.0,neutral or dissatisfied
21465,Female,disloyal Customer,26,Business travel,Eco,377,4,2,4,3,1,4,1,1,1,1,2,4,3,1,0,0.0,neutral or dissatisfied
122075,Male,Loyal Customer,53,Personal Travel,Eco,130,3,2,3,3,5,3,1,5,4,4,4,1,4,5,2,0.0,neutral or dissatisfied
114263,Male,Loyal Customer,37,Business travel,Business,3971,2,2,2,2,1,3,4,2,2,2,2,3,2,2,0,0.0,neutral or dissatisfied
65558,Female,Loyal Customer,54,Business travel,Business,3519,4,4,4,4,4,5,5,5,5,5,5,4,5,5,10,8.0,satisfied
27678,Female,disloyal Customer,13,Business travel,Eco,1107,2,2,2,3,1,2,1,1,1,1,4,1,3,1,13,7.0,neutral or dissatisfied
35156,Female,Loyal Customer,38,Business travel,Eco,1056,5,5,2,5,5,5,5,5,4,5,1,3,2,5,0,0.0,satisfied
49230,Female,Loyal Customer,58,Business travel,Eco,109,5,2,2,2,5,5,5,4,4,5,4,4,4,2,0,0.0,satisfied
87923,Male,Loyal Customer,37,Business travel,Business,270,5,5,5,5,5,4,4,5,5,5,5,4,5,4,95,93.0,satisfied
40015,Male,Loyal Customer,41,Business travel,Business,575,2,2,2,2,5,3,3,4,4,4,4,1,4,5,0,0.0,satisfied
119182,Male,Loyal Customer,42,Business travel,Business,3941,3,3,3,3,5,5,4,3,3,4,3,5,3,3,0,0.0,satisfied
12115,Female,disloyal Customer,25,Business travel,Eco,1034,4,4,4,5,4,4,4,4,1,5,5,5,1,4,0,0.0,satisfied
60376,Male,Loyal Customer,26,Business travel,Business,1452,5,5,5,5,4,4,4,4,3,3,4,5,4,4,22,5.0,satisfied
86879,Female,Loyal Customer,36,Personal Travel,Eco Plus,692,1,5,1,3,1,3,3,4,4,4,5,3,4,3,163,142.0,neutral or dissatisfied
63501,Male,disloyal Customer,44,Business travel,Eco,1956,2,1,1,2,1,2,1,1,2,2,1,2,3,1,106,93.0,neutral or dissatisfied
81766,Male,disloyal Customer,25,Business travel,Eco,1310,3,3,3,4,5,3,5,5,4,4,5,5,4,5,17,19.0,neutral or dissatisfied
99361,Male,Loyal Customer,39,Business travel,Business,409,2,2,3,2,5,4,4,3,3,4,3,3,3,3,0,0.0,satisfied
13723,Male,disloyal Customer,26,Business travel,Eco,401,0,0,0,4,0,2,2,1,1,3,3,2,4,2,177,163.0,satisfied
43793,Male,Loyal Customer,51,Business travel,Eco,282,4,2,3,2,4,4,4,4,4,3,2,5,2,4,0,0.0,satisfied
60389,Male,disloyal Customer,24,Business travel,Eco,862,4,4,4,3,5,4,5,5,1,4,4,2,4,5,6,13.0,neutral or dissatisfied
117737,Male,Loyal Customer,31,Business travel,Business,2332,3,1,1,1,3,3,3,3,4,3,4,3,3,3,9,9.0,neutral or dissatisfied
82160,Female,Loyal Customer,56,Business travel,Business,3304,2,1,3,3,2,3,3,2,2,2,2,4,2,4,13,11.0,neutral or dissatisfied
124064,Male,Loyal Customer,51,Business travel,Business,653,3,3,3,3,2,2,3,5,5,5,5,1,5,4,0,0.0,satisfied
69269,Male,Loyal Customer,33,Personal Travel,Eco,733,4,1,3,4,3,3,3,3,1,3,4,2,3,3,0,0.0,neutral or dissatisfied
71160,Female,Loyal Customer,62,Business travel,Business,1769,2,2,2,2,5,3,3,2,2,2,2,3,2,1,20,16.0,neutral or dissatisfied
2121,Male,Loyal Customer,43,Business travel,Business,2844,4,4,4,4,4,5,4,2,2,2,2,5,2,5,21,28.0,satisfied
57150,Male,Loyal Customer,48,Business travel,Business,1824,2,2,2,2,5,4,4,5,5,5,5,3,5,3,0,0.0,satisfied
101562,Female,Loyal Customer,40,Business travel,Business,345,0,0,0,2,2,4,4,2,2,2,1,3,2,4,0,0.0,satisfied
46473,Male,Loyal Customer,44,Business travel,Business,3419,0,4,0,3,4,4,4,1,1,1,1,4,1,3,0,0.0,satisfied
58039,Female,Loyal Customer,21,Personal Travel,Business,612,2,5,2,2,1,2,1,1,4,5,4,4,5,1,14,4.0,neutral or dissatisfied
7362,Male,disloyal Customer,23,Business travel,Eco,783,1,1,1,3,3,1,3,3,5,2,4,4,4,3,30,25.0,neutral or dissatisfied
96019,Male,Loyal Customer,23,Business travel,Business,1090,5,5,5,5,2,2,2,2,3,2,4,3,5,2,5,5.0,satisfied
71667,Female,Loyal Customer,38,Personal Travel,Eco,1197,3,4,3,4,3,3,3,3,1,2,3,4,2,3,0,0.0,neutral or dissatisfied
70853,Male,Loyal Customer,39,Business travel,Business,1599,1,1,1,1,2,5,4,4,4,4,4,3,4,3,0,0.0,satisfied
25096,Male,Loyal Customer,36,Business travel,Business,369,3,3,3,3,5,1,2,4,4,4,4,5,4,2,0,0.0,satisfied
406,Male,disloyal Customer,36,Business travel,Business,134,2,1,1,1,4,1,4,4,4,2,5,4,4,4,0,0.0,neutral or dissatisfied
111009,Male,disloyal Customer,24,Business travel,Eco,319,4,4,4,4,4,4,4,4,2,5,3,3,4,4,52,62.0,neutral or dissatisfied
46908,Male,Loyal Customer,62,Business travel,Eco,833,3,1,4,1,3,3,3,3,4,4,3,2,3,3,0,2.0,neutral or dissatisfied
99201,Male,Loyal Customer,30,Business travel,Eco,583,2,3,3,3,2,1,2,2,2,1,3,4,4,2,0,0.0,neutral or dissatisfied
79875,Male,Loyal Customer,51,Business travel,Business,1701,2,2,2,2,5,5,4,5,5,5,5,3,5,5,2,0.0,satisfied
23376,Male,Loyal Customer,14,Personal Travel,Eco,1162,2,5,2,2,4,2,4,4,5,4,5,3,5,4,19,16.0,neutral or dissatisfied
104828,Male,Loyal Customer,26,Business travel,Business,472,1,5,3,5,1,1,1,1,1,2,4,1,4,1,0,0.0,neutral or dissatisfied
55228,Male,Loyal Customer,25,Business travel,Business,1009,3,3,3,3,3,4,3,3,4,5,3,3,3,3,1,1.0,neutral or dissatisfied
35816,Male,Loyal Customer,26,Business travel,Eco,937,5,1,1,1,5,5,4,5,3,3,2,1,5,5,0,0.0,satisfied
123879,Male,Loyal Customer,64,Business travel,Eco,144,5,3,3,3,5,5,5,5,2,2,2,3,2,5,0,1.0,satisfied
12400,Female,Loyal Customer,60,Business travel,Business,3261,2,2,2,2,2,3,4,2,2,2,2,2,2,3,89,87.0,neutral or dissatisfied
42161,Female,disloyal Customer,26,Business travel,Eco,834,5,5,5,4,1,5,5,1,2,1,2,3,2,1,0,0.0,satisfied
123857,Male,Loyal Customer,25,Business travel,Eco,603,3,3,3,3,3,3,3,3,4,4,4,1,3,3,0,0.0,neutral or dissatisfied
128447,Female,disloyal Customer,55,Business travel,Eco,370,3,4,3,2,5,3,5,5,3,4,2,1,3,5,4,3.0,neutral or dissatisfied
115382,Male,Loyal Customer,41,Business travel,Eco,337,4,3,3,3,4,4,4,4,3,5,3,3,4,4,2,0.0,neutral or dissatisfied
108590,Male,Loyal Customer,70,Business travel,Business,696,4,3,3,3,2,4,3,4,4,4,4,2,4,4,33,33.0,neutral or dissatisfied
53882,Male,Loyal Customer,40,Personal Travel,Eco,140,4,5,0,1,3,0,3,3,4,1,2,2,1,3,82,107.0,neutral or dissatisfied
75868,Female,Loyal Customer,40,Business travel,Business,1972,4,4,3,4,4,4,4,5,5,5,5,5,5,3,4,3.0,satisfied
119608,Female,Loyal Customer,20,Personal Travel,Eco,1979,2,4,2,3,3,2,3,3,3,2,4,3,1,3,4,0.0,neutral or dissatisfied
24510,Male,Loyal Customer,20,Personal Travel,Eco,481,1,1,1,4,1,1,1,1,2,3,4,4,4,1,0,0.0,neutral or dissatisfied
62538,Male,Loyal Customer,58,Business travel,Business,1846,1,1,1,1,2,3,4,2,2,2,2,3,2,3,7,0.0,satisfied
106003,Female,Loyal Customer,25,Business travel,Business,1999,2,3,2,3,2,2,2,2,4,3,2,1,3,2,0,0.0,neutral or dissatisfied
29887,Male,Loyal Customer,50,Business travel,Eco,261,4,3,3,3,4,4,4,4,5,5,1,3,2,4,0,0.0,satisfied
82085,Female,Loyal Customer,54,Business travel,Business,1276,3,5,5,5,3,3,3,3,3,3,3,4,3,1,16,31.0,neutral or dissatisfied
82419,Male,disloyal Customer,25,Business travel,Business,502,1,5,1,4,5,1,5,5,3,5,4,3,5,5,18,2.0,neutral or dissatisfied
77882,Female,Loyal Customer,44,Business travel,Eco,700,2,3,3,3,2,2,2,4,1,4,3,2,3,2,307,293.0,neutral or dissatisfied
7921,Female,Loyal Customer,10,Personal Travel,Eco,1020,3,0,3,2,2,3,2,2,3,5,4,3,5,2,0,0.0,neutral or dissatisfied
93924,Female,disloyal Customer,36,Business travel,Business,507,3,3,3,4,1,3,1,1,3,4,4,3,5,1,0,0.0,neutral or dissatisfied
90226,Female,Loyal Customer,55,Business travel,Business,2639,3,3,3,3,3,5,5,5,5,5,5,5,5,4,0,0.0,satisfied
88127,Male,Loyal Customer,40,Business travel,Business,2058,0,0,0,1,3,5,5,3,3,3,3,3,3,4,0,12.0,satisfied
70770,Female,disloyal Customer,27,Business travel,Business,328,3,3,3,3,5,3,5,5,5,3,4,3,4,5,31,19.0,neutral or dissatisfied
39088,Female,Loyal Customer,25,Business travel,Business,2297,2,4,4,4,2,2,2,2,2,1,3,3,4,2,0,0.0,neutral or dissatisfied
22922,Female,Loyal Customer,47,Business travel,Business,1724,5,5,5,5,3,5,5,4,4,4,4,3,4,5,0,0.0,satisfied
61189,Male,Loyal Customer,61,Business travel,Business,3347,1,1,1,1,3,5,5,5,5,5,5,4,5,5,12,15.0,satisfied
48546,Male,Loyal Customer,28,Personal Travel,Eco,909,4,3,4,3,2,4,2,2,4,4,3,1,3,2,66,62.0,satisfied
120544,Female,Loyal Customer,47,Business travel,Business,2176,1,1,1,1,3,3,4,5,5,5,5,4,5,5,0,0.0,satisfied
72520,Female,Loyal Customer,45,Business travel,Business,2461,1,1,1,1,5,5,4,4,4,4,4,5,4,3,0,0.0,satisfied
5371,Male,Loyal Customer,62,Business travel,Business,812,3,3,3,3,4,3,3,3,3,4,3,1,3,2,0,14.0,neutral or dissatisfied
74402,Female,Loyal Customer,56,Business travel,Business,1438,1,1,1,1,5,4,5,5,5,5,5,5,5,3,0,0.0,satisfied
41063,Female,disloyal Customer,38,Business travel,Business,224,1,1,1,4,4,1,4,4,5,3,4,4,4,4,0,0.0,neutral or dissatisfied
6857,Male,Loyal Customer,36,Business travel,Business,622,2,3,3,3,1,3,2,2,2,2,2,3,2,2,51,122.0,neutral or dissatisfied
87411,Male,Loyal Customer,33,Personal Travel,Eco,425,4,0,4,1,5,4,5,5,3,5,5,3,4,5,10,3.0,neutral or dissatisfied
57237,Male,Loyal Customer,38,Business travel,Business,628,3,3,3,3,2,4,4,4,4,5,4,5,4,3,0,16.0,satisfied
75959,Male,Loyal Customer,40,Business travel,Eco,228,4,3,5,3,4,4,4,4,3,4,3,3,4,4,0,0.0,neutral or dissatisfied
46840,Male,Loyal Customer,24,Business travel,Eco,948,4,5,5,5,4,4,5,4,5,5,4,5,3,4,0,0.0,satisfied
11205,Female,Loyal Customer,34,Personal Travel,Eco,134,1,0,1,2,1,1,1,1,4,2,5,4,5,1,21,25.0,neutral or dissatisfied
77800,Male,Loyal Customer,30,Personal Travel,Eco,731,2,2,2,4,1,2,1,1,2,2,4,1,3,1,5,0.0,neutral or dissatisfied
973,Female,Loyal Customer,42,Business travel,Business,2747,2,2,2,2,4,4,3,2,2,2,2,4,2,2,43,55.0,neutral or dissatisfied
24904,Male,Loyal Customer,41,Business travel,Eco,762,5,4,1,4,5,5,5,5,2,2,4,2,4,5,0,6.0,satisfied
4968,Female,Loyal Customer,59,Business travel,Business,931,2,2,5,2,2,5,5,3,3,3,3,5,3,4,0,17.0,satisfied
95556,Female,Loyal Customer,19,Personal Travel,Eco Plus,441,1,1,1,3,5,1,5,5,3,5,3,3,3,5,70,60.0,neutral or dissatisfied
89481,Female,Loyal Customer,49,Business travel,Business,1931,3,3,3,3,4,4,5,2,2,2,2,5,2,4,19,12.0,satisfied
75078,Male,Loyal Customer,48,Business travel,Business,2611,4,4,1,4,2,4,5,5,5,5,5,3,5,5,0,0.0,satisfied
52069,Male,Loyal Customer,45,Business travel,Business,351,2,3,2,2,5,4,5,4,4,4,4,3,4,1,0,3.0,satisfied
106068,Female,disloyal Customer,36,Business travel,Business,436,3,3,3,3,2,3,2,2,4,5,3,1,3,2,0,0.0,neutral or dissatisfied
67817,Female,disloyal Customer,36,Business travel,Eco,1031,2,2,2,3,3,2,3,3,2,2,4,3,4,3,7,4.0,neutral or dissatisfied
51168,Male,Loyal Customer,18,Personal Travel,Eco,109,4,4,0,2,3,0,3,3,4,1,1,3,2,3,34,24.0,neutral or dissatisfied
83195,Female,Loyal Customer,40,Business travel,Eco,1123,3,3,3,3,3,3,3,3,4,1,3,1,2,3,0,0.0,neutral or dissatisfied
81522,Female,disloyal Customer,25,Business travel,Business,1124,5,5,5,1,2,5,3,2,3,2,4,4,4,2,1,0.0,satisfied
16488,Male,Loyal Customer,36,Business travel,Eco,246,4,4,4,4,4,4,4,4,4,2,1,2,3,4,0,0.0,satisfied
67250,Female,Loyal Customer,62,Personal Travel,Eco,929,4,5,4,3,3,5,5,5,5,4,1,5,5,4,0,0.0,neutral or dissatisfied
42688,Male,Loyal Customer,40,Business travel,Business,3325,3,2,2,2,4,4,4,3,3,4,3,2,3,2,50,50.0,neutral or dissatisfied
74477,Male,disloyal Customer,19,Business travel,Business,1464,5,0,5,5,4,5,4,4,4,5,4,5,4,4,0,0.0,satisfied
26754,Female,Loyal Customer,44,Business travel,Business,859,2,4,4,4,1,2,3,2,2,2,2,1,2,1,15,23.0,neutral or dissatisfied
36308,Male,Loyal Customer,35,Business travel,Business,3246,5,5,4,5,5,1,4,4,4,4,4,4,4,4,7,12.0,satisfied
87829,Female,disloyal Customer,27,Business travel,Eco,214,3,5,3,3,4,3,4,4,1,1,5,1,5,4,0,0.0,neutral or dissatisfied
98143,Male,Loyal Customer,58,Business travel,Business,562,3,3,3,3,3,4,5,4,4,4,4,3,4,5,0,0.0,satisfied
84658,Male,Loyal Customer,48,Business travel,Business,2182,2,2,2,2,3,5,4,5,5,5,5,3,5,3,10,0.0,satisfied
84602,Female,disloyal Customer,22,Business travel,Business,707,5,0,5,3,1,5,1,1,3,4,5,5,4,1,0,0.0,satisfied
125670,Male,Loyal Customer,44,Business travel,Business,3898,4,5,5,5,1,3,4,4,4,4,4,1,4,3,0,0.0,neutral or dissatisfied
93992,Male,Loyal Customer,10,Personal Travel,Eco,1315,4,4,5,3,1,5,1,1,5,2,5,4,4,1,0,0.0,satisfied
14170,Male,disloyal Customer,15,Business travel,Eco,526,4,5,4,3,2,4,2,2,3,3,3,5,1,2,19,25.0,satisfied
83155,Male,Loyal Customer,48,Business travel,Business,3354,4,4,4,4,5,5,4,4,4,4,4,3,4,4,0,0.0,satisfied
94947,Female,Loyal Customer,49,Business travel,Business,3313,1,5,5,5,1,4,4,1,1,1,1,3,1,2,21,18.0,neutral or dissatisfied
118245,Male,Loyal Customer,18,Personal Travel,Business,1972,1,0,1,2,3,1,2,3,4,5,5,5,5,3,13,15.0,neutral or dissatisfied
56145,Male,Loyal Customer,30,Business travel,Business,1400,4,1,1,1,4,4,4,4,2,3,4,1,3,4,6,9.0,neutral or dissatisfied
76381,Male,disloyal Customer,35,Business travel,Eco,931,2,2,2,4,5,2,5,5,2,5,4,4,3,5,0,0.0,neutral or dissatisfied
122485,Female,Loyal Customer,38,Personal Travel,Eco,808,3,3,3,4,3,3,3,3,3,1,4,4,4,3,0,0.0,neutral or dissatisfied
110706,Female,Loyal Customer,27,Personal Travel,Eco Plus,829,2,5,2,5,3,2,3,3,5,3,5,3,4,3,1,0.0,neutral or dissatisfied
47117,Male,Loyal Customer,65,Personal Travel,Eco,784,3,4,2,4,5,2,5,5,5,2,4,4,4,5,0,0.0,neutral or dissatisfied
124419,Female,Loyal Customer,44,Business travel,Business,1992,5,5,5,5,3,4,4,4,4,4,4,5,4,4,2,3.0,satisfied
11401,Female,Loyal Customer,58,Business travel,Business,667,5,5,5,5,3,5,5,3,3,2,3,3,3,3,3,0.0,satisfied
61611,Male,Loyal Customer,43,Business travel,Business,1608,5,5,5,5,3,4,4,5,5,4,5,3,5,5,0,0.0,satisfied
48457,Male,Loyal Customer,31,Business travel,Business,916,4,4,4,4,4,4,4,4,4,5,5,1,5,4,0,3.0,satisfied
2424,Male,Loyal Customer,70,Personal Travel,Eco,767,2,4,2,4,5,2,5,5,5,5,5,3,4,5,68,98.0,neutral or dissatisfied
57234,Female,disloyal Customer,54,Business travel,Eco Plus,1514,1,1,1,3,4,1,3,4,3,1,2,2,2,4,0,0.0,neutral or dissatisfied
126045,Male,Loyal Customer,61,Business travel,Business,2738,2,2,2,2,5,5,4,4,4,4,4,4,4,4,0,0.0,satisfied
79526,Male,Loyal Customer,41,Business travel,Business,762,1,5,5,5,2,3,3,1,1,1,1,4,1,2,33,45.0,neutral or dissatisfied
9886,Female,Loyal Customer,51,Business travel,Business,1521,3,3,3,3,4,5,4,2,2,2,2,4,2,5,0,3.0,satisfied
72731,Female,Loyal Customer,55,Personal Travel,Eco Plus,964,4,4,4,3,3,5,5,2,2,4,2,5,2,5,4,0.0,satisfied
91306,Male,Loyal Customer,71,Business travel,Eco Plus,366,4,4,4,4,4,4,4,4,4,2,4,4,4,4,0,0.0,neutral or dissatisfied
44075,Female,Loyal Customer,24,Business travel,Business,3326,2,5,2,2,5,5,5,5,3,3,1,2,3,5,0,2.0,satisfied
103894,Female,Loyal Customer,30,Business travel,Eco Plus,1056,2,3,3,3,2,2,2,2,2,3,4,1,4,2,0,21.0,neutral or dissatisfied
95217,Male,Loyal Customer,45,Personal Travel,Eco,148,0,5,0,2,3,0,3,3,1,5,2,4,1,3,0,0.0,satisfied
32341,Female,disloyal Customer,27,Business travel,Eco,216,1,0,1,4,4,1,4,4,1,5,2,2,4,4,0,0.0,neutral or dissatisfied
82743,Female,Loyal Customer,50,Business travel,Eco,409,1,2,1,1,4,3,4,1,1,1,1,2,1,3,22,7.0,neutral or dissatisfied
62837,Male,disloyal Customer,12,Business travel,Eco,2486,1,1,1,4,1,1,1,1,2,3,3,1,3,1,1,4.0,neutral or dissatisfied
107037,Male,Loyal Customer,55,Business travel,Business,2300,3,3,3,3,4,5,4,5,5,5,5,3,5,5,0,3.0,satisfied
87735,Female,disloyal Customer,7,Business travel,Eco,999,4,4,4,4,4,4,4,3,5,3,3,4,2,4,15,46.0,neutral or dissatisfied
49728,Male,Loyal Customer,34,Business travel,Business,3036,3,3,3,3,2,5,4,5,5,5,3,4,5,3,0,0.0,satisfied
56558,Male,Loyal Customer,48,Business travel,Business,1023,1,1,1,1,4,4,4,5,5,5,5,5,5,5,61,49.0,satisfied
26350,Female,Loyal Customer,54,Business travel,Business,1696,2,2,2,2,5,5,4,5,5,5,5,3,5,5,0,0.0,satisfied
85011,Female,disloyal Customer,11,Business travel,Eco,885,2,2,2,3,4,2,4,4,5,2,4,3,4,4,0,0.0,neutral or dissatisfied
118401,Female,Loyal Customer,21,Personal Travel,Business,325,2,3,2,3,3,2,3,3,4,1,1,3,5,3,14,17.0,neutral or dissatisfied
94950,Female,Loyal Customer,75,Business travel,Eco,248,2,1,1,1,2,1,2,2,2,2,2,1,2,3,0,0.0,neutral or dissatisfied
95760,Female,Loyal Customer,40,Personal Travel,Eco,419,3,3,3,4,3,3,3,3,4,3,4,2,1,3,0,0.0,neutral or dissatisfied
71545,Male,disloyal Customer,50,Business travel,Business,1012,2,2,2,3,3,2,4,3,4,5,4,5,5,3,40,27.0,neutral or dissatisfied
24596,Male,Loyal Customer,31,Business travel,Eco,526,4,3,4,3,4,4,4,4,2,1,1,5,4,4,8,24.0,satisfied
9612,Female,Loyal Customer,41,Personal Travel,Eco,229,3,5,3,4,5,3,5,5,4,4,5,3,5,5,25,20.0,neutral or dissatisfied
128851,Male,Loyal Customer,14,Personal Travel,Eco,2475,3,2,2,4,1,2,1,1,4,4,4,3,3,1,29,,neutral or dissatisfied
92848,Male,Loyal Customer,47,Business travel,Eco Plus,1587,2,2,2,2,2,2,2,2,3,2,2,4,4,2,0,0.0,neutral or dissatisfied
82986,Female,disloyal Customer,19,Business travel,Eco,1084,1,1,1,3,5,1,5,5,4,2,4,4,4,5,71,55.0,neutral or dissatisfied
65034,Male,Loyal Customer,56,Personal Travel,Eco,224,3,4,3,3,3,3,3,3,5,4,4,4,5,3,0,0.0,neutral or dissatisfied
108287,Male,disloyal Customer,12,Business travel,Eco,1288,3,3,3,5,2,3,2,2,3,5,5,4,5,2,0,0.0,neutral or dissatisfied
23248,Male,Loyal Customer,27,Business travel,Business,2894,3,4,3,3,2,2,2,4,2,1,3,2,2,2,134,117.0,satisfied
6478,Female,disloyal Customer,24,Business travel,Eco,557,2,0,2,1,3,2,3,3,3,2,5,3,5,3,19,20.0,neutral or dissatisfied
4335,Male,Loyal Customer,53,Business travel,Business,473,3,3,3,3,4,5,5,4,4,4,4,5,4,5,0,7.0,satisfied
95438,Male,Loyal Customer,56,Business travel,Eco Plus,248,1,1,5,1,1,1,1,1,2,2,2,1,3,1,13,11.0,neutral or dissatisfied
49141,Female,Loyal Customer,77,Business travel,Business,3639,1,1,4,1,1,3,1,4,4,4,5,2,4,2,0,2.0,satisfied
59750,Male,disloyal Customer,21,Business travel,Business,927,4,4,4,2,3,4,3,3,5,3,4,3,5,3,0,0.0,satisfied
129183,Female,Loyal Customer,28,Business travel,Business,2288,4,4,4,4,4,4,4,4,5,5,3,3,5,4,0,0.0,satisfied
83291,Male,Loyal Customer,62,Personal Travel,Eco,1979,3,1,3,3,2,3,2,2,4,1,3,3,3,2,0,0.0,neutral or dissatisfied
19194,Female,disloyal Customer,28,Business travel,Eco,542,3,0,3,1,3,3,3,3,5,1,2,3,3,3,5,4.0,neutral or dissatisfied
62845,Male,Loyal Customer,12,Personal Travel,Eco Plus,2399,3,4,2,3,2,2,2,2,1,3,4,3,3,2,0,9.0,neutral or dissatisfied
59565,Female,Loyal Customer,27,Business travel,Business,787,3,3,3,3,5,5,5,5,3,5,5,4,5,5,0,4.0,satisfied
71647,Female,Loyal Customer,67,Personal Travel,Eco,1005,3,5,3,3,2,5,5,4,4,3,5,3,4,5,0,0.0,neutral or dissatisfied
78318,Male,disloyal Customer,30,Business travel,Business,1547,2,2,2,4,1,2,2,1,2,3,3,1,3,1,0,0.0,neutral or dissatisfied
53486,Female,Loyal Customer,57,Business travel,Eco,788,4,3,5,3,2,2,3,4,4,4,4,5,4,1,0,0.0,satisfied
8048,Female,Loyal Customer,32,Business travel,Business,3212,5,5,5,5,4,4,4,4,4,2,4,4,4,4,0,5.0,satisfied
128119,Male,disloyal Customer,27,Business travel,Eco,1488,4,4,4,3,2,4,1,2,3,5,2,3,4,2,0,0.0,neutral or dissatisfied
44161,Male,disloyal Customer,26,Business travel,Business,229,4,0,4,5,1,4,1,1,1,3,4,4,3,1,0,0.0,satisfied
96074,Female,Loyal Customer,21,Personal Travel,Eco,1069,2,5,2,1,1,2,1,1,5,1,2,2,5,1,0,0.0,neutral or dissatisfied
65048,Female,Loyal Customer,10,Personal Travel,Eco,247,4,1,4,3,2,4,2,2,4,4,2,2,2,2,5,0.0,neutral or dissatisfied
99178,Female,Loyal Customer,52,Business travel,Business,1620,1,1,1,1,5,4,4,2,2,2,2,4,2,4,18,5.0,satisfied
1012,Male,Loyal Customer,54,Business travel,Business,3098,3,3,3,3,1,1,1,5,5,5,5,5,5,2,0,0.0,satisfied
12116,Female,Loyal Customer,20,Business travel,Eco,1034,0,5,0,2,5,0,5,5,5,2,1,3,2,5,0,0.0,satisfied
18083,Male,Loyal Customer,70,Personal Travel,Eco,488,3,2,3,3,4,3,3,4,2,3,3,4,4,4,0,0.0,neutral or dissatisfied
88313,Female,Loyal Customer,39,Business travel,Eco,444,1,2,2,2,1,1,1,1,4,5,3,1,3,1,29,23.0,neutral or dissatisfied
8810,Female,Loyal Customer,40,Business travel,Business,3492,2,2,2,2,5,4,4,3,3,4,3,4,3,3,0,0.0,satisfied
127630,Female,Loyal Customer,36,Business travel,Eco,1773,2,3,3,3,2,2,2,2,1,5,3,1,3,2,0,0.0,neutral or dissatisfied
29764,Male,Loyal Customer,41,Business travel,Business,198,5,5,5,5,4,4,4,4,4,4,4,5,4,4,0,0.0,satisfied
40601,Male,Loyal Customer,67,Personal Travel,Eco,391,5,4,5,3,3,5,3,3,3,5,4,3,4,3,0,0.0,satisfied
33287,Female,Loyal Customer,16,Personal Travel,Eco Plus,102,2,1,2,2,3,2,3,3,4,4,2,3,3,3,0,0.0,neutral or dissatisfied
35652,Male,Loyal Customer,52,Business travel,Eco,2475,4,2,2,2,4,4,4,5,2,5,4,4,4,4,0,25.0,satisfied
47004,Male,Loyal Customer,45,Personal Travel,Eco Plus,916,4,4,4,4,2,4,2,2,4,2,5,3,5,2,6,5.0,neutral or dissatisfied
23165,Female,Loyal Customer,36,Personal Travel,Eco,300,5,2,5,2,2,5,2,2,4,5,2,2,2,2,0,0.0,satisfied
102728,Female,Loyal Customer,31,Personal Travel,Eco,255,3,5,3,1,3,1,1,5,3,3,1,1,4,1,164,156.0,neutral or dissatisfied
9042,Female,disloyal Customer,37,Business travel,Business,108,5,5,5,3,2,5,2,2,5,3,5,3,4,2,0,0.0,satisfied
48180,Male,Loyal Customer,37,Business travel,Business,2541,4,4,4,4,3,4,2,4,4,4,4,4,4,3,0,0.0,satisfied
14803,Male,Loyal Customer,54,Business travel,Business,95,4,4,4,4,2,2,4,4,4,4,5,4,4,4,2,0.0,satisfied
60730,Male,Loyal Customer,65,Personal Travel,Eco,1605,3,4,3,2,2,3,2,2,4,4,4,4,5,2,0,0.0,neutral or dissatisfied
24704,Female,Loyal Customer,45,Business travel,Eco,397,4,4,4,4,3,3,2,4,4,4,4,2,4,1,1,6.0,satisfied
81635,Male,Loyal Customer,8,Business travel,Business,907,4,5,5,5,4,4,4,4,2,1,3,3,3,4,0,0.0,neutral or dissatisfied
122489,Male,Loyal Customer,31,Personal Travel,Eco,808,2,5,1,3,2,1,2,2,4,5,2,3,5,2,4,1.0,neutral or dissatisfied
113625,Female,Loyal Customer,49,Personal Travel,Eco,258,1,3,1,5,3,5,1,1,1,1,1,1,1,2,39,37.0,neutral or dissatisfied
89713,Female,Loyal Customer,12,Personal Travel,Eco,1076,2,4,2,3,3,2,3,3,5,5,5,4,5,3,0,0.0,neutral or dissatisfied
105068,Female,disloyal Customer,23,Business travel,Eco,289,2,4,2,1,4,2,1,4,3,3,4,4,4,4,0,0.0,neutral or dissatisfied
48392,Male,Loyal Customer,48,Personal Travel,Eco,522,3,5,3,5,2,3,2,2,5,3,5,3,4,2,36,31.0,neutral or dissatisfied
91066,Male,Loyal Customer,49,Personal Travel,Eco,581,1,5,0,1,1,0,1,1,5,4,4,3,5,1,0,0.0,neutral or dissatisfied
19947,Female,Loyal Customer,65,Personal Travel,Eco,315,3,4,3,4,3,4,4,5,3,4,3,4,4,4,234,253.0,neutral or dissatisfied
71256,Female,disloyal Customer,21,Business travel,Eco,733,3,3,3,3,1,3,1,1,3,1,3,1,4,1,0,0.0,neutral or dissatisfied
16289,Female,Loyal Customer,50,Personal Travel,Eco,748,4,5,3,1,5,4,5,3,3,3,4,4,3,4,0,0.0,neutral or dissatisfied
17242,Female,Loyal Customer,34,Business travel,Business,2514,1,1,1,1,5,3,4,1,1,1,1,1,1,4,114,91.0,neutral or dissatisfied
69508,Male,Loyal Customer,13,Personal Travel,Eco,1746,3,3,3,4,3,3,3,3,4,5,4,3,3,3,1,0.0,neutral or dissatisfied
87068,Female,Loyal Customer,42,Business travel,Business,594,4,4,4,4,4,5,4,5,5,5,5,5,5,5,33,25.0,satisfied
75310,Male,Loyal Customer,49,Business travel,Business,2486,2,2,2,2,5,4,4,5,4,3,4,4,4,4,0,38.0,satisfied
125566,Female,Loyal Customer,9,Personal Travel,Eco,226,2,5,0,3,3,0,3,3,4,3,5,4,4,3,0,0.0,neutral or dissatisfied
89974,Male,Loyal Customer,28,Business travel,Business,3147,4,4,4,4,5,5,5,5,4,4,4,3,5,5,0,8.0,satisfied
124578,Male,Loyal Customer,55,Business travel,Business,1888,5,5,2,5,5,5,4,5,5,5,5,3,5,4,8,4.0,satisfied
124455,Female,disloyal Customer,35,Business travel,Business,980,1,1,1,3,3,1,4,3,3,5,4,5,5,3,0,6.0,neutral or dissatisfied
11466,Female,disloyal Customer,20,Business travel,Eco,316,2,5,2,3,1,2,1,1,3,3,5,3,5,1,0,2.0,neutral or dissatisfied
74356,Female,Loyal Customer,47,Business travel,Business,1171,2,2,2,2,3,5,5,2,2,2,2,4,2,5,0,,satisfied
29798,Female,Loyal Customer,35,Business travel,Eco,204,3,1,1,1,3,3,3,3,1,2,3,4,2,3,3,2.0,satisfied
335,Female,Loyal Customer,56,Business travel,Business,421,1,0,0,3,5,3,3,1,1,0,1,4,1,1,10,0.0,neutral or dissatisfied
106543,Female,Loyal Customer,30,Business travel,Business,719,1,5,1,1,5,5,5,5,3,4,5,4,4,5,0,10.0,satisfied
41727,Female,disloyal Customer,25,Business travel,Business,695,1,5,1,2,3,1,3,3,1,1,2,1,2,3,2,5.0,neutral or dissatisfied
9810,Male,Loyal Customer,61,Personal Travel,Eco,493,2,4,2,4,4,2,4,4,4,3,4,3,5,4,33,25.0,neutral or dissatisfied
105749,Female,disloyal Customer,31,Business travel,Eco,919,1,1,1,3,5,1,4,5,3,1,4,1,3,5,0,0.0,neutral or dissatisfied
101288,Male,Loyal Customer,63,Business travel,Eco,763,3,2,2,2,3,3,3,3,2,5,3,4,4,3,14,0.0,neutral or dissatisfied
18018,Female,Loyal Customer,43,Business travel,Eco Plus,332,3,1,4,1,3,3,3,1,4,3,3,3,4,3,142,157.0,satisfied
127456,Male,Loyal Customer,45,Business travel,Business,2075,3,3,3,3,3,4,4,4,4,4,4,3,4,4,0,0.0,satisfied
127449,Female,Loyal Customer,31,Business travel,Business,2075,2,2,2,2,4,4,4,4,4,4,5,4,5,4,32,18.0,satisfied
45744,Female,disloyal Customer,23,Business travel,Eco,391,1,2,1,3,2,1,2,2,2,3,2,2,2,2,0,0.0,neutral or dissatisfied
33481,Female,disloyal Customer,38,Business travel,Eco,922,2,2,2,4,2,2,2,2,2,3,4,4,4,2,0,0.0,neutral or dissatisfied
102826,Male,disloyal Customer,22,Business travel,Eco,342,0,3,0,2,2,3,2,2,5,3,4,3,4,2,9,0.0,satisfied
126203,Female,disloyal Customer,35,Business travel,Eco,507,4,2,4,3,3,4,3,3,4,5,4,3,3,3,0,0.0,neutral or dissatisfied
113001,Male,Loyal Customer,52,Business travel,Eco,1797,4,3,3,3,4,4,4,4,3,5,4,4,4,4,7,7.0,neutral or dissatisfied
14877,Male,Loyal Customer,64,Business travel,Business,240,1,4,5,4,5,3,3,1,1,1,1,4,1,3,0,3.0,neutral or dissatisfied
112779,Female,Loyal Customer,34,Personal Travel,Eco,590,2,4,2,3,3,2,3,3,4,3,5,3,5,3,29,9.0,neutral or dissatisfied
49922,Male,disloyal Customer,16,Business travel,Eco,190,1,2,1,3,5,1,4,5,2,3,4,2,3,5,0,0.0,neutral or dissatisfied
78694,Male,Loyal Customer,44,Business travel,Business,1879,2,2,2,2,3,4,5,4,4,4,4,3,4,4,0,13.0,satisfied
65167,Male,Loyal Customer,13,Personal Travel,Eco,551,3,2,3,4,2,3,2,2,2,2,4,2,3,2,0,0.0,neutral or dissatisfied
16361,Male,Loyal Customer,44,Business travel,Eco,319,4,5,4,4,4,4,4,4,1,5,3,1,4,4,6,0.0,neutral or dissatisfied
86776,Female,Loyal Customer,41,Business travel,Business,3249,3,3,3,3,4,5,5,3,3,3,3,4,3,4,0,0.0,satisfied
15962,Female,Loyal Customer,37,Personal Travel,Eco,566,2,3,2,3,4,2,5,4,4,3,3,4,4,4,0,6.0,neutral or dissatisfied
2141,Female,Loyal Customer,55,Personal Travel,Eco,404,4,2,4,2,3,2,2,3,3,4,3,4,3,2,0,0.0,neutral or dissatisfied
76401,Male,Loyal Customer,12,Business travel,Eco Plus,931,4,2,2,2,4,4,2,4,1,2,4,4,3,4,0,24.0,neutral or dissatisfied
25759,Female,Loyal Customer,65,Personal Travel,Eco,356,3,4,3,4,2,4,4,5,5,3,5,3,5,5,0,0.0,neutral or dissatisfied
22984,Male,Loyal Customer,21,Personal Travel,Eco,956,3,5,3,1,4,3,4,4,3,5,5,4,4,4,20,15.0,neutral or dissatisfied
15354,Male,Loyal Customer,51,Personal Travel,Business,399,3,4,4,2,2,2,3,5,5,4,4,5,5,3,0,0.0,neutral or dissatisfied
121402,Male,Loyal Customer,36,Business travel,Business,2594,2,2,2,2,5,5,5,4,4,4,4,4,4,5,0,6.0,satisfied
73680,Female,disloyal Customer,50,Business travel,Eco,192,3,3,3,4,4,3,4,4,2,1,4,1,4,4,1,11.0,neutral or dissatisfied
16073,Female,Loyal Customer,7,Personal Travel,Eco,501,2,3,2,4,1,2,1,1,2,2,4,1,4,1,8,5.0,neutral or dissatisfied
7875,Female,Loyal Customer,24,Business travel,Business,910,4,4,4,4,5,5,5,5,5,2,4,3,4,5,25,25.0,satisfied
50891,Male,Loyal Customer,60,Personal Travel,Eco,250,5,5,5,4,4,5,4,4,5,2,5,3,5,4,19,3.0,satisfied
118587,Female,disloyal Customer,24,Business travel,Business,304,4,4,4,2,3,4,3,3,3,3,5,4,5,3,0,0.0,satisfied
91114,Male,Loyal Customer,58,Personal Travel,Eco,250,3,4,3,4,1,3,1,1,3,4,5,3,5,1,31,33.0,neutral or dissatisfied
124538,Male,Loyal Customer,43,Business travel,Business,1663,2,2,2,2,4,5,5,5,5,5,5,3,5,3,0,0.0,satisfied
126098,Female,Loyal Customer,66,Business travel,Business,468,3,1,1,1,3,3,2,3,3,2,3,4,3,4,46,40.0,neutral or dissatisfied
51254,Female,disloyal Customer,24,Business travel,Eco Plus,158,2,0,2,2,2,2,2,2,3,3,4,4,5,2,0,35.0,neutral or dissatisfied
86897,Male,Loyal Customer,59,Business travel,Business,341,2,2,5,2,5,4,5,4,4,4,4,5,4,4,8,15.0,satisfied
63940,Male,Loyal Customer,14,Personal Travel,Eco,1172,2,5,2,4,1,2,1,1,5,2,3,3,5,1,0,1.0,neutral or dissatisfied
75835,Female,Loyal Customer,42,Business travel,Business,1437,3,3,3,3,5,5,4,5,5,5,5,5,5,4,0,1.0,satisfied
98844,Male,Loyal Customer,40,Business travel,Business,1482,4,4,4,4,4,4,4,4,4,4,4,4,4,4,0,0.0,satisfied
886,Male,Loyal Customer,47,Business travel,Business,2708,2,1,1,1,3,2,1,2,2,2,2,1,2,3,0,0.0,neutral or dissatisfied
120952,Female,Loyal Customer,31,Business travel,Business,993,1,1,1,1,4,5,4,4,3,2,4,5,4,4,0,0.0,satisfied
113134,Female,Loyal Customer,62,Personal Travel,Eco Plus,479,3,5,3,1,3,5,2,4,4,3,4,5,4,4,21,23.0,neutral or dissatisfied
72027,Female,Loyal Customer,49,Business travel,Business,3711,5,4,5,5,4,4,4,5,3,4,5,4,4,4,0,0.0,satisfied
106157,Female,Loyal Customer,67,Personal Travel,Eco,436,0,1,0,4,2,3,4,4,4,0,2,1,4,3,35,69.0,satisfied
54133,Male,Loyal Customer,28,Business travel,Business,1400,1,1,5,1,4,4,4,4,5,2,1,4,5,4,6,0.0,satisfied
16215,Female,Loyal Customer,67,Business travel,Eco Plus,199,4,2,5,5,3,4,4,4,4,4,4,3,4,3,0,35.0,neutral or dissatisfied
24135,Female,disloyal Customer,32,Business travel,Business,302,3,3,3,2,3,3,3,3,3,2,5,4,5,3,0,0.0,neutral or dissatisfied
76585,Male,Loyal Customer,50,Business travel,Eco,534,4,5,5,5,4,4,4,4,2,3,3,1,4,4,0,0.0,neutral or dissatisfied
48650,Female,Loyal Customer,51,Business travel,Business,3882,3,3,3,3,3,4,5,4,4,4,4,4,4,4,1,0.0,satisfied
16684,Female,Loyal Customer,56,Business travel,Eco Plus,605,2,5,5,5,1,3,4,2,2,2,2,1,2,4,11,35.0,neutral or dissatisfied
82273,Male,Loyal Customer,25,Business travel,Business,1481,4,4,4,4,5,5,5,5,5,3,4,4,4,5,7,0.0,satisfied
73977,Female,Loyal Customer,56,Personal Travel,Eco,2218,2,4,2,3,2,5,5,3,5,4,1,5,3,5,0,3.0,neutral or dissatisfied
125354,Male,disloyal Customer,22,Business travel,Eco,599,1,2,1,4,2,1,2,2,2,4,3,4,4,2,0,5.0,neutral or dissatisfied
123242,Male,Loyal Customer,42,Personal Travel,Eco,600,4,3,4,3,3,4,3,3,1,3,3,4,2,3,0,0.0,neutral or dissatisfied
55650,Female,Loyal Customer,27,Business travel,Business,315,2,2,2,2,4,4,4,4,5,2,5,4,5,4,116,130.0,satisfied
58008,Female,disloyal Customer,20,Business travel,Eco,1162,2,2,2,2,3,2,2,3,3,3,1,1,2,3,15,8.0,neutral or dissatisfied
2909,Female,Loyal Customer,19,Personal Travel,Eco,409,3,4,3,2,3,3,3,3,5,4,5,4,5,3,0,0.0,neutral or dissatisfied
867,Female,Loyal Customer,45,Business travel,Business,3665,1,5,5,5,5,3,3,3,3,3,1,2,3,1,0,0.0,neutral or dissatisfied
11035,Male,Loyal Customer,37,Business travel,Business,2477,3,2,2,2,5,4,3,3,3,3,3,2,3,3,7,31.0,neutral or dissatisfied
125087,Female,Loyal Customer,60,Business travel,Business,361,2,2,2,2,5,4,5,2,2,2,2,4,2,4,0,0.0,satisfied
25110,Male,Loyal Customer,37,Business travel,Business,1962,4,1,3,1,1,3,2,4,4,4,4,1,4,2,0,0.0,neutral or dissatisfied
25451,Male,Loyal Customer,55,Personal Travel,Eco,669,2,5,2,1,3,2,3,3,4,2,4,5,5,3,0,0.0,neutral or dissatisfied
31205,Female,Loyal Customer,50,Business travel,Business,628,1,1,1,1,4,1,1,3,3,4,3,4,3,1,0,8.0,satisfied
40933,Male,Loyal Customer,43,Business travel,Eco Plus,590,5,3,3,3,5,5,5,5,4,4,1,3,2,5,0,0.0,satisfied
71488,Female,Loyal Customer,48,Business travel,Business,3558,1,3,3,3,1,1,1,2,4,3,3,1,3,1,134,125.0,neutral or dissatisfied
52390,Male,Loyal Customer,57,Personal Travel,Eco,370,3,4,4,3,3,4,3,3,4,5,5,5,2,3,0,0.0,neutral or dissatisfied
106868,Female,Loyal Customer,35,Business travel,Business,2506,3,3,3,3,5,4,5,3,3,3,3,4,3,3,0,0.0,satisfied
6924,Male,Loyal Customer,51,Personal Travel,Eco,265,3,4,3,2,1,3,1,1,1,5,3,1,5,1,12,10.0,neutral or dissatisfied
96986,Female,Loyal Customer,42,Business travel,Business,3929,4,4,4,4,4,5,4,3,3,4,3,3,3,5,3,0.0,satisfied
70633,Female,Loyal Customer,51,Business travel,Business,3879,3,3,5,3,3,5,5,5,5,5,5,5,5,3,0,0.0,satisfied
107007,Male,Loyal Customer,47,Business travel,Business,2482,5,5,2,5,2,4,5,5,5,5,5,4,5,4,0,0.0,satisfied
34522,Female,Loyal Customer,51,Personal Travel,Eco,1521,3,2,3,4,4,4,4,2,2,3,2,1,2,4,0,0.0,neutral or dissatisfied
96747,Male,Loyal Customer,63,Personal Travel,Eco Plus,813,4,1,4,4,4,4,4,4,3,2,3,3,4,4,0,0.0,satisfied
107765,Male,Loyal Customer,67,Personal Travel,Eco,251,3,4,0,3,4,0,4,4,3,3,4,4,5,4,0,0.0,neutral or dissatisfied
68887,Female,Loyal Customer,47,Business travel,Eco,1061,4,5,5,5,2,3,3,4,4,4,4,3,4,3,4,11.0,neutral or dissatisfied
53781,Female,Loyal Customer,50,Business travel,Business,191,2,2,2,2,1,4,4,3,3,3,2,1,3,1,0,0.0,neutral or dissatisfied
59888,Female,Loyal Customer,45,Business travel,Business,3356,2,2,2,2,3,4,5,4,4,4,4,5,4,5,0,0.0,satisfied
128330,Male,Loyal Customer,41,Business travel,Business,3575,1,1,1,1,2,5,5,5,5,5,5,4,5,3,68,66.0,satisfied
73082,Female,Loyal Customer,34,Business travel,Business,1636,1,1,1,1,5,4,5,4,4,4,4,4,4,4,0,0.0,satisfied
43089,Female,Loyal Customer,15,Personal Travel,Eco,236,2,5,0,2,5,0,5,5,4,5,4,3,5,5,0,0.0,neutral or dissatisfied
80045,Male,Loyal Customer,68,Personal Travel,Eco,1005,4,5,3,3,4,3,4,4,5,3,4,5,5,4,0,3.0,neutral or dissatisfied
9753,Female,disloyal Customer,9,Business travel,Eco,970,5,5,5,3,1,5,1,1,5,4,4,5,5,1,0,0.0,satisfied
73029,Male,Loyal Customer,56,Personal Travel,Eco,1096,1,0,1,4,2,1,4,2,5,4,5,5,4,2,0,0.0,neutral or dissatisfied
17250,Male,Loyal Customer,28,Business travel,Business,1092,2,5,5,5,2,2,2,2,2,3,3,3,4,2,0,0.0,neutral or dissatisfied
112082,Female,Loyal Customer,66,Business travel,Eco,1091,4,2,2,2,2,5,4,4,4,4,4,5,4,1,0,0.0,satisfied
59317,Female,disloyal Customer,30,Business travel,Business,2449,3,3,3,4,1,3,1,1,5,2,4,5,4,1,0,0.0,neutral or dissatisfied
82537,Male,disloyal Customer,21,Business travel,Business,440,5,1,5,4,5,5,5,5,5,4,5,4,4,5,3,0.0,satisfied
39581,Female,disloyal Customer,37,Business travel,Eco,954,3,3,3,4,1,3,5,1,3,4,3,3,4,1,0,0.0,neutral or dissatisfied
86287,Female,Loyal Customer,25,Personal Travel,Eco,356,3,4,2,2,2,2,5,2,5,2,5,4,4,2,0,0.0,neutral or dissatisfied
4767,Male,disloyal Customer,42,Business travel,Business,438,4,4,4,4,3,4,3,3,3,4,5,5,4,3,0,0.0,satisfied
102763,Male,Loyal Customer,59,Business travel,Business,1618,4,4,4,4,4,3,5,5,5,5,5,5,5,3,10,4.0,satisfied
103580,Female,Loyal Customer,57,Business travel,Business,3590,5,5,5,5,4,5,5,4,4,4,4,4,4,3,68,67.0,satisfied
20578,Female,Loyal Customer,46,Personal Travel,Eco,565,2,4,2,1,4,4,5,5,5,2,5,5,5,4,25,52.0,neutral or dissatisfied
40351,Female,Loyal Customer,47,Business travel,Eco,1428,5,4,4,4,3,4,3,5,5,5,5,5,5,2,27,11.0,satisfied
123843,Male,disloyal Customer,25,Business travel,Eco,541,1,1,1,3,2,1,2,2,2,4,3,4,3,2,0,0.0,neutral or dissatisfied
31458,Female,Loyal Customer,32,Business travel,Business,846,5,5,5,5,3,3,3,3,3,2,1,3,3,3,0,10.0,satisfied
28569,Female,Loyal Customer,42,Business travel,Eco,2603,4,4,4,4,5,5,3,4,4,4,4,4,4,4,0,0.0,satisfied
44859,Male,Loyal Customer,24,Business travel,Business,585,3,3,3,3,5,5,5,5,3,4,5,1,3,5,0,0.0,satisfied
82980,Female,Loyal Customer,46,Business travel,Business,2419,5,5,5,5,3,4,5,4,4,4,4,5,4,5,2,48.0,satisfied
115777,Female,Loyal Customer,49,Business travel,Business,325,3,5,5,5,1,4,4,3,3,3,3,1,3,3,1,0.0,neutral or dissatisfied
29457,Female,Loyal Customer,41,Personal Travel,Eco,421,3,4,3,3,3,3,3,3,3,3,2,2,1,3,0,0.0,neutral or dissatisfied
20581,Male,Loyal Customer,28,Personal Travel,Eco,533,4,2,3,3,2,3,2,2,3,1,3,2,4,2,0,0.0,satisfied
124216,Female,Loyal Customer,19,Personal Travel,Eco,2176,4,1,4,2,4,4,4,4,3,3,3,1,3,4,0,0.0,neutral or dissatisfied
126768,Male,Loyal Customer,31,Business travel,Business,2370,1,1,3,1,5,4,5,5,5,4,3,3,4,5,0,15.0,satisfied
118705,Male,Loyal Customer,39,Personal Travel,Eco,325,3,1,3,2,3,3,3,3,3,2,2,3,2,3,8,6.0,neutral or dissatisfied
56192,Female,Loyal Customer,48,Personal Travel,Eco,1372,2,5,1,2,5,4,5,3,3,1,3,4,3,3,0,0.0,neutral or dissatisfied
95227,Male,Loyal Customer,30,Personal Travel,Eco,189,2,5,2,1,5,2,5,5,2,5,2,2,4,5,46,43.0,neutral or dissatisfied
50185,Male,Loyal Customer,53,Business travel,Business,86,4,5,5,5,2,3,3,1,1,1,4,1,1,2,0,0.0,neutral or dissatisfied
11707,Female,Loyal Customer,52,Business travel,Business,3338,3,3,5,3,5,5,4,3,3,4,3,4,3,3,0,0.0,satisfied
97393,Female,Loyal Customer,23,Business travel,Eco Plus,843,3,4,4,4,3,3,3,3,2,3,3,4,4,3,3,5.0,neutral or dissatisfied
310,Female,Loyal Customer,60,Business travel,Business,2180,1,1,1,1,5,4,4,3,3,3,3,5,3,4,0,12.0,satisfied
10441,Female,Loyal Customer,42,Business travel,Business,140,0,4,0,5,3,4,4,5,5,5,5,5,5,3,18,2.0,satisfied
39638,Male,Loyal Customer,67,Personal Travel,Eco Plus,620,1,4,1,1,1,1,1,1,4,5,5,5,5,1,0,0.0,neutral or dissatisfied
11716,Male,Loyal Customer,43,Business travel,Business,429,3,3,3,3,4,4,4,5,5,5,5,5,5,3,29,22.0,satisfied
102387,Male,Loyal Customer,35,Business travel,Business,3097,3,2,2,2,3,4,4,3,3,4,3,1,3,1,0,0.0,neutral or dissatisfied
90590,Female,Loyal Customer,38,Business travel,Business,1778,2,2,2,2,2,4,4,3,3,4,3,3,3,4,0,0.0,satisfied
40109,Female,Loyal Customer,70,Business travel,Business,3922,3,1,1,1,2,3,3,3,3,3,3,1,3,1,19,21.0,neutral or dissatisfied
93590,Male,Loyal Customer,46,Personal Travel,Eco,159,1,4,0,2,2,0,2,2,3,4,4,3,5,2,25,22.0,neutral or dissatisfied
120985,Male,Loyal Customer,48,Business travel,Business,920,3,3,3,3,3,5,4,4,4,4,4,4,4,5,0,0.0,satisfied
97172,Female,Loyal Customer,24,Personal Travel,Eco,1313,3,3,4,4,5,4,5,5,4,2,4,1,3,5,3,0.0,neutral or dissatisfied
46449,Male,Loyal Customer,41,Business travel,Business,3132,4,4,4,4,5,4,5,5,5,4,4,5,5,4,0,0.0,satisfied
88970,Female,disloyal Customer,28,Business travel,Eco,1312,2,2,2,4,3,2,5,3,2,2,4,4,4,3,1,0.0,neutral or dissatisfied
107230,Male,Loyal Customer,51,Business travel,Business,2065,5,5,5,5,2,5,5,5,5,5,5,5,5,5,23,0.0,satisfied
7114,Male,Loyal Customer,34,Personal Travel,Eco,177,3,3,3,3,2,3,2,2,1,2,2,3,2,2,0,0.0,neutral or dissatisfied
85855,Male,Loyal Customer,60,Personal Travel,Eco Plus,666,2,5,2,3,2,2,2,2,4,2,2,4,2,2,11,0.0,neutral or dissatisfied
118239,Male,Loyal Customer,66,Business travel,Eco,1187,1,1,1,1,1,1,1,1,3,3,4,2,4,1,0,0.0,neutral or dissatisfied
43950,Male,Loyal Customer,60,Business travel,Eco,257,3,2,2,2,3,3,3,3,3,3,1,3,2,3,0,0.0,satisfied
25281,Male,disloyal Customer,22,Business travel,Eco,321,2,4,2,3,3,2,3,3,5,4,1,2,3,3,18,8.0,neutral or dissatisfied
88675,Female,Loyal Customer,9,Personal Travel,Eco,594,2,1,2,2,2,2,2,2,1,5,3,3,2,2,0,6.0,neutral or dissatisfied
62614,Male,Loyal Customer,23,Personal Travel,Eco,1846,3,0,3,2,4,3,4,4,4,4,3,4,4,4,0,17.0,neutral or dissatisfied
86173,Male,disloyal Customer,64,Business travel,Business,377,5,5,5,3,2,5,2,2,4,5,4,5,4,2,0,0.0,satisfied
33632,Female,Loyal Customer,15,Personal Travel,Eco,413,2,5,2,2,3,2,5,3,3,4,5,4,5,3,0,25.0,neutral or dissatisfied
107859,Female,Loyal Customer,39,Business travel,Business,2681,3,4,4,4,2,4,3,3,3,3,3,4,3,3,0,0.0,neutral or dissatisfied
41120,Male,disloyal Customer,26,Business travel,Business,224,1,2,1,3,5,1,5,5,4,5,4,1,3,5,0,0.0,neutral or dissatisfied
117851,Female,Loyal Customer,31,Personal Travel,Eco,2133,4,1,4,2,2,4,2,2,2,5,1,4,1,2,76,84.0,neutral or dissatisfied
53380,Male,Loyal Customer,8,Personal Travel,Eco,1476,3,4,3,4,2,3,2,2,3,1,3,3,3,2,7,22.0,neutral or dissatisfied
13402,Female,Loyal Customer,22,Business travel,Eco Plus,456,0,4,4,4,0,1,2,0,4,1,3,2,3,0,0,0.0,neutral or dissatisfied
72200,Male,Loyal Customer,21,Personal Travel,Eco,594,2,4,2,2,2,2,5,2,5,2,3,1,2,2,0,0.0,neutral or dissatisfied
99804,Male,Loyal Customer,40,Personal Travel,Eco,632,4,5,4,4,3,4,3,3,5,5,5,5,4,3,0,0.0,satisfied
51761,Female,Loyal Customer,68,Personal Travel,Eco,261,2,5,2,3,2,2,4,2,2,2,2,5,2,4,0,0.0,neutral or dissatisfied
111808,Male,Loyal Customer,60,Personal Travel,Eco,349,1,4,4,2,1,4,1,1,5,3,2,5,4,1,32,30.0,neutral or dissatisfied
95387,Male,Loyal Customer,47,Personal Travel,Eco,239,3,4,3,2,5,3,5,5,3,2,4,5,5,5,12,7.0,neutral or dissatisfied
34683,Male,disloyal Customer,44,Business travel,Eco,209,2,4,2,2,5,2,5,5,1,5,3,3,2,5,8,30.0,neutral or dissatisfied
30692,Female,Loyal Customer,49,Business travel,Eco,680,1,3,3,3,3,3,3,1,1,1,1,2,1,3,0,0.0,neutral or dissatisfied
27639,Female,disloyal Customer,38,Business travel,Eco Plus,650,3,3,3,2,3,3,3,3,1,4,1,3,5,3,0,0.0,neutral or dissatisfied
51439,Male,Loyal Customer,46,Personal Travel,Eco Plus,308,1,2,1,4,2,1,2,2,1,4,3,1,3,2,0,12.0,neutral or dissatisfied
81211,Male,Loyal Customer,44,Business travel,Business,1426,3,3,3,3,5,5,5,4,4,4,4,4,4,4,15,12.0,satisfied
113891,Female,Loyal Customer,30,Business travel,Business,2329,4,4,4,4,3,3,3,3,5,3,4,3,5,3,6,29.0,satisfied
80536,Female,Loyal Customer,8,Personal Travel,Eco Plus,1678,3,5,3,4,2,3,2,2,1,1,2,1,2,2,0,0.0,neutral or dissatisfied
12108,Female,disloyal Customer,27,Business travel,Eco,1034,4,5,5,4,3,5,3,3,5,4,5,3,1,3,0,0.0,satisfied
88682,Female,Loyal Customer,58,Personal Travel,Eco,581,4,4,4,4,4,5,5,3,3,4,3,5,3,5,0,0.0,neutral or dissatisfied
109713,Female,Loyal Customer,28,Business travel,Business,587,5,5,5,5,4,4,4,4,3,3,4,3,4,4,127,123.0,satisfied
124698,Male,Loyal Customer,45,Business travel,Business,1971,5,5,5,5,2,4,4,4,4,4,4,4,4,3,0,0.0,satisfied
46903,Female,Loyal Customer,49,Business travel,Eco,844,2,2,2,2,2,2,2,2,2,2,2,1,2,1,20,25.0,neutral or dissatisfied
62418,Male,Loyal Customer,49,Business travel,Business,2457,2,2,2,2,4,3,5,5,5,5,5,3,5,4,2,0.0,satisfied
99500,Female,Loyal Customer,49,Personal Travel,Eco,283,3,5,3,4,4,4,5,4,4,3,1,3,4,4,0,0.0,neutral or dissatisfied
71267,Female,Loyal Customer,39,Personal Travel,Eco,733,5,2,5,3,2,5,2,2,1,2,3,2,4,2,0,0.0,satisfied
81686,Male,disloyal Customer,27,Business travel,Eco,907,2,2,2,3,1,2,1,1,1,1,4,4,4,1,49,42.0,neutral or dissatisfied
120313,Male,Loyal Customer,43,Business travel,Business,268,3,3,3,3,2,4,4,4,4,4,4,5,4,5,0,2.0,satisfied
86802,Male,disloyal Customer,20,Business travel,Eco,692,4,4,4,2,4,4,4,4,4,3,5,5,5,4,0,0.0,neutral or dissatisfied
34318,Female,Loyal Customer,48,Personal Travel,Eco Plus,280,2,2,2,4,4,3,4,5,5,2,5,3,5,3,0,0.0,neutral or dissatisfied
107057,Female,Loyal Customer,67,Business travel,Business,480,5,5,5,5,4,3,3,2,2,2,2,1,2,5,0,0.0,satisfied
30069,Female,Loyal Customer,67,Personal Travel,Eco,204,5,4,5,4,5,3,3,3,3,5,3,4,3,1,0,3.0,satisfied
48178,Male,disloyal Customer,28,Business travel,Eco,259,3,5,3,1,5,3,5,5,2,2,5,5,3,5,0,0.0,neutral or dissatisfied
123209,Male,Loyal Customer,22,Personal Travel,Eco,600,4,2,4,3,2,4,2,2,2,3,3,3,4,2,0,0.0,neutral or dissatisfied
88025,Male,disloyal Customer,44,Business travel,Business,404,3,3,3,3,2,3,1,2,3,2,5,3,4,2,0,0.0,neutral or dissatisfied
48082,Male,Loyal Customer,43,Business travel,Business,3530,2,2,2,2,1,3,3,3,3,4,3,4,3,4,0,0.0,satisfied
107845,Female,disloyal Customer,18,Business travel,Business,349,0,4,0,3,2,0,3,2,3,2,5,3,5,2,16,2.0,satisfied
22533,Female,Loyal Customer,46,Personal Travel,Eco Plus,143,3,4,3,2,4,2,2,4,4,3,4,3,4,2,16,11.0,neutral or dissatisfied
60213,Male,Loyal Customer,26,Business travel,Eco,1546,1,2,2,2,1,1,4,1,2,1,3,4,4,1,10,8.0,neutral or dissatisfied
95805,Female,Loyal Customer,43,Business travel,Business,3094,1,5,5,5,1,3,3,1,1,1,1,2,1,1,7,0.0,neutral or dissatisfied
16207,Female,Loyal Customer,29,Personal Travel,Eco,199,2,5,2,2,5,2,5,5,5,4,5,5,4,5,19,12.0,neutral or dissatisfied
99156,Male,Loyal Customer,38,Business travel,Business,986,2,2,2,2,2,4,4,2,2,2,2,3,2,5,0,0.0,satisfied
124263,Male,Loyal Customer,35,Personal Travel,Eco Plus,1916,2,1,2,2,1,2,1,1,2,2,2,2,3,1,4,3.0,neutral or dissatisfied
94833,Female,disloyal Customer,37,Business travel,Business,677,2,2,2,3,4,2,4,4,5,3,5,5,4,4,5,1.0,neutral or dissatisfied
77225,Male,disloyal Customer,23,Business travel,Business,1590,5,0,5,2,3,5,5,3,4,3,3,5,5,3,26,16.0,satisfied
61673,Male,disloyal Customer,26,Business travel,Business,1609,1,1,1,4,4,1,3,4,3,3,4,3,4,4,0,0.0,neutral or dissatisfied
111023,Female,disloyal Customer,54,Business travel,Eco,240,3,1,3,4,2,3,2,2,3,1,4,1,4,2,8,9.0,neutral or dissatisfied
114432,Female,disloyal Customer,34,Business travel,Business,390,1,2,2,5,2,2,2,2,3,3,5,4,4,2,0,0.0,neutral or dissatisfied
93293,Female,Loyal Customer,26,Personal Travel,Eco,806,0,5,0,2,3,0,5,3,5,3,4,5,3,3,4,2.0,satisfied
67426,Female,Loyal Customer,51,Business travel,Eco,641,3,2,2,2,3,4,3,3,3,3,3,1,3,1,0,11.0,neutral or dissatisfied
106739,Male,Loyal Customer,21,Business travel,Eco,829,1,3,5,3,1,1,2,1,1,5,3,1,3,1,49,60.0,neutral or dissatisfied
88380,Male,Loyal Customer,30,Business travel,Business,3239,3,4,4,4,3,4,3,3,4,1,3,4,4,3,0,0.0,neutral or dissatisfied
6604,Male,Loyal Customer,51,Personal Travel,Eco,473,2,4,2,1,3,2,3,3,3,4,1,1,5,3,3,4.0,neutral or dissatisfied
114358,Female,disloyal Customer,32,Business travel,Business,957,1,1,1,4,1,1,1,1,4,3,5,5,5,1,8,0.0,neutral or dissatisfied
105152,Female,Loyal Customer,42,Business travel,Eco,220,2,3,5,5,2,2,2,1,1,2,3,2,2,2,289,288.0,neutral or dissatisfied
117584,Male,disloyal Customer,9,Business travel,Eco,843,4,4,4,4,2,4,2,2,1,1,4,3,3,2,0,0.0,neutral or dissatisfied
58032,Female,Loyal Customer,59,Personal Travel,Eco Plus,1721,4,4,4,3,2,2,3,4,4,4,2,2,4,1,1,0.0,satisfied
27281,Female,Loyal Customer,49,Personal Travel,Business,1050,2,2,2,4,4,4,3,4,4,2,4,3,4,2,0,5.0,neutral or dissatisfied
66186,Male,Loyal Customer,65,Business travel,Eco,550,3,5,3,5,3,3,3,3,3,3,4,2,3,3,0,0.0,neutral or dissatisfied
66202,Female,Loyal Customer,35,Business travel,Business,3210,3,1,1,1,3,3,3,3,3,3,3,2,3,1,4,0.0,neutral or dissatisfied
12701,Male,Loyal Customer,36,Business travel,Business,2113,5,5,5,5,3,1,1,5,5,5,5,1,5,5,0,0.0,satisfied
6483,Female,Loyal Customer,26,Business travel,Eco,557,2,2,3,2,2,2,4,2,3,3,4,1,3,2,12,14.0,neutral or dissatisfied
97611,Female,Loyal Customer,39,Personal Travel,Eco,442,2,5,4,3,5,4,5,5,3,2,5,3,4,5,41,45.0,neutral or dissatisfied
82377,Male,Loyal Customer,42,Business travel,Eco,1953,2,3,3,3,2,2,2,2,4,4,1,2,3,2,71,79.0,neutral or dissatisfied
118173,Male,disloyal Customer,29,Business travel,Business,1444,4,4,4,3,4,4,4,4,3,4,5,4,5,4,0,0.0,neutral or dissatisfied
102868,Male,disloyal Customer,22,Business travel,Business,472,4,0,4,5,3,4,3,3,5,3,5,3,4,3,8,0.0,satisfied
108698,Female,Loyal Customer,8,Personal Travel,Eco,577,3,2,3,3,2,3,2,2,3,3,3,4,3,2,0,0.0,neutral or dissatisfied
59924,Female,disloyal Customer,50,Business travel,Eco,997,3,3,3,4,4,3,4,4,3,1,4,2,4,4,0,0.0,neutral or dissatisfied
120752,Male,Loyal Customer,40,Business travel,Business,678,5,5,5,5,2,4,5,5,5,5,5,3,5,3,8,0.0,satisfied
8520,Female,Loyal Customer,70,Personal Travel,Eco,862,1,4,1,4,2,4,4,2,2,1,2,4,2,2,0,0.0,neutral or dissatisfied
118278,Female,Loyal Customer,36,Business travel,Business,3166,2,2,2,2,2,4,4,3,3,4,3,3,3,4,41,33.0,satisfied
1261,Male,Loyal Customer,63,Personal Travel,Eco,113,2,1,2,4,1,2,4,1,1,5,4,4,4,1,0,0.0,neutral or dissatisfied
93176,Female,Loyal Customer,12,Personal Travel,Eco,1075,2,4,2,5,1,2,1,1,5,5,5,4,5,1,16,5.0,neutral or dissatisfied
28207,Female,Loyal Customer,38,Personal Travel,Eco,550,3,3,3,4,5,3,5,5,1,1,4,2,4,5,0,0.0,neutral or dissatisfied
80678,Female,Loyal Customer,58,Business travel,Business,2230,2,2,2,2,5,4,4,3,3,4,3,4,3,3,0,0.0,satisfied
23679,Male,disloyal Customer,49,Business travel,Eco,251,4,2,3,5,4,3,4,4,5,2,5,1,5,4,22,18.0,satisfied
112387,Male,Loyal Customer,41,Business travel,Business,3932,3,3,3,3,4,4,5,5,5,5,5,5,5,3,19,8.0,satisfied
22037,Male,Loyal Customer,50,Personal Travel,Eco Plus,551,1,3,1,3,1,1,1,1,2,1,2,4,4,1,60,48.0,neutral or dissatisfied
110482,Male,Loyal Customer,63,Personal Travel,Eco,787,4,4,5,5,3,5,3,3,4,3,5,5,4,3,19,12.0,neutral or dissatisfied
88949,Female,disloyal Customer,24,Business travel,Eco,1199,3,3,3,2,2,3,2,2,3,2,4,4,4,2,0,0.0,neutral or dissatisfied
70010,Female,disloyal Customer,17,Business travel,Eco,236,2,1,2,3,5,2,5,5,4,3,3,2,3,5,0,0.0,neutral or dissatisfied
127205,Male,Loyal Customer,60,Business travel,Eco Plus,370,3,5,5,5,3,3,3,3,1,1,2,1,1,3,0,0.0,neutral or dissatisfied
87319,Female,disloyal Customer,23,Business travel,Eco,577,1,4,1,4,2,1,5,2,3,2,4,1,3,2,17,18.0,neutral or dissatisfied
17100,Female,Loyal Customer,62,Personal Travel,Eco,416,4,3,4,3,4,4,4,5,5,4,5,4,5,2,0,0.0,neutral or dissatisfied
55726,Male,Loyal Customer,52,Business travel,Business,3509,3,3,3,3,5,4,3,3,3,3,3,2,3,2,0,0.0,neutral or dissatisfied
36147,Male,Loyal Customer,22,Personal Travel,Eco Plus,1562,4,4,4,3,1,4,5,1,3,2,3,4,5,1,0,0.0,neutral or dissatisfied
26689,Male,Loyal Customer,66,Personal Travel,Eco,545,2,5,2,2,3,2,3,3,5,4,5,1,3,3,46,56.0,neutral or dissatisfied
34127,Male,disloyal Customer,25,Business travel,Eco,1046,5,5,5,3,2,5,2,2,4,4,2,2,3,2,56,51.0,satisfied
116974,Female,Loyal Customer,36,Business travel,Business,3850,1,2,2,2,3,2,2,1,1,1,1,3,1,4,0,0.0,neutral or dissatisfied
64693,Male,Loyal Customer,29,Business travel,Business,551,2,2,3,2,4,4,4,4,5,3,5,5,4,4,0,0.0,satisfied
76994,Female,Loyal Customer,41,Business travel,Business,368,2,2,2,2,3,4,4,4,4,4,4,5,4,4,0,0.0,satisfied
26228,Female,Loyal Customer,15,Personal Travel,Eco,404,3,4,3,2,1,3,1,1,5,2,5,5,4,1,0,0.0,neutral or dissatisfied
46303,Male,Loyal Customer,48,Business travel,Eco,802,2,3,3,3,2,2,2,2,3,5,3,1,1,2,6,0.0,satisfied
71163,Male,Loyal Customer,63,Personal Travel,Eco,646,1,3,2,2,5,2,5,5,3,1,3,5,1,5,6,0.0,neutral or dissatisfied
37811,Male,Loyal Customer,38,Personal Travel,Eco Plus,950,1,4,2,3,2,2,2,2,4,3,4,2,3,2,67,51.0,neutral or dissatisfied
61608,Male,Loyal Customer,22,Business travel,Business,1346,3,3,3,3,4,4,4,4,4,2,4,4,5,4,2,0.0,satisfied
3629,Female,disloyal Customer,21,Business travel,Eco,431,4,5,4,5,3,4,3,3,3,4,4,4,5,3,0,0.0,neutral or dissatisfied
110337,Female,disloyal Customer,45,Business travel,Business,842,5,5,5,4,5,5,5,5,3,5,5,5,4,5,0,0.0,satisfied
88323,Male,disloyal Customer,21,Business travel,Eco,594,3,3,3,3,5,3,5,5,4,5,2,3,2,5,0,0.0,neutral or dissatisfied
70839,Male,Loyal Customer,43,Business travel,Business,1670,3,3,3,3,4,5,5,4,4,4,4,5,4,4,12,0.0,satisfied
129666,Male,Loyal Customer,47,Business travel,Business,1568,3,3,3,3,4,5,4,5,5,5,5,5,5,3,0,0.0,satisfied
94119,Male,Loyal Customer,11,Personal Travel,Business,239,1,5,1,4,1,1,1,1,4,3,5,3,5,1,0,0.0,neutral or dissatisfied
83567,Female,disloyal Customer,23,Business travel,Eco,936,5,5,5,1,5,0,5,5,4,4,4,4,5,5,0,0.0,satisfied
107797,Male,disloyal Customer,21,Business travel,Business,349,5,2,5,2,3,5,3,3,4,2,4,5,4,3,36,33.0,satisfied
90806,Male,disloyal Customer,21,Business travel,Eco,594,1,1,1,3,2,1,2,2,3,2,3,2,3,2,1,1.0,neutral or dissatisfied
104226,Female,Loyal Customer,29,Personal Travel,Eco,680,2,5,2,4,5,2,5,5,5,4,5,5,4,5,1,0.0,neutral or dissatisfied
14929,Female,Loyal Customer,45,Business travel,Business,2217,2,2,2,2,4,4,4,5,5,5,5,3,5,5,1,2.0,satisfied
9941,Female,Loyal Customer,38,Business travel,Business,357,1,3,3,3,2,2,3,1,1,1,1,2,1,4,6,35.0,neutral or dissatisfied
50369,Male,Loyal Customer,33,Business travel,Business,109,3,3,3,3,4,5,3,4,1,4,3,1,4,4,0,0.0,satisfied
19966,Female,Loyal Customer,21,Business travel,Business,2311,5,5,5,5,2,2,2,2,3,1,4,4,4,2,0,0.0,satisfied
39657,Male,disloyal Customer,38,Business travel,Eco,288,3,3,3,3,2,3,2,2,4,2,3,2,3,2,11,6.0,neutral or dissatisfied
51853,Female,disloyal Customer,28,Business travel,Eco,438,1,0,2,4,1,2,5,1,3,3,2,2,3,1,4,5.0,neutral or dissatisfied
41051,Female,Loyal Customer,51,Personal Travel,Eco,1086,2,4,1,3,3,4,5,5,5,1,5,5,5,3,0,2.0,neutral or dissatisfied
56354,Female,Loyal Customer,34,Personal Travel,Eco,200,2,1,2,4,3,2,3,3,1,4,3,1,4,3,2,0.0,neutral or dissatisfied
54307,Female,Loyal Customer,53,Business travel,Eco,1597,5,1,1,1,5,4,5,5,5,5,5,5,5,5,3,0.0,satisfied
68462,Female,disloyal Customer,14,Business travel,Eco,1303,4,4,4,5,1,4,1,1,5,3,4,3,4,1,32,0.0,neutral or dissatisfied
48057,Male,Loyal Customer,29,Personal Travel,Eco,677,4,5,4,3,2,4,3,2,3,2,4,4,5,2,3,5.0,neutral or dissatisfied
112458,Female,Loyal Customer,45,Business travel,Business,450,1,1,1,1,5,1,1,5,5,5,5,1,5,5,29,32.0,satisfied
97746,Female,Loyal Customer,38,Business travel,Business,787,2,2,2,2,4,4,3,2,2,2,2,2,2,4,51,53.0,neutral or dissatisfied
62144,Male,Loyal Customer,34,Business travel,Business,2565,3,3,1,3,3,3,5,3,3,3,3,4,3,4,0,0.0,satisfied
121943,Female,Loyal Customer,44,Personal Travel,Business,430,4,5,4,4,4,5,5,2,2,4,2,4,2,1,8,0.0,neutral or dissatisfied
18214,Male,Loyal Customer,49,Business travel,Business,3622,4,4,4,4,5,4,5,4,4,4,4,5,4,1,0,12.0,satisfied
15989,Female,Loyal Customer,32,Business travel,Business,3541,3,3,3,3,5,5,5,5,5,4,2,2,1,5,0,2.0,satisfied
77248,Female,Loyal Customer,48,Business travel,Business,1590,3,3,3,3,5,3,4,4,4,4,4,3,4,5,0,0.0,satisfied
53928,Female,disloyal Customer,35,Business travel,Eco Plus,224,1,2,2,4,1,2,1,1,1,5,3,3,4,1,6,14.0,neutral or dissatisfied
91422,Female,Loyal Customer,53,Business travel,Business,3016,5,5,5,5,5,4,5,5,5,5,5,4,5,4,0,0.0,satisfied
43359,Female,Loyal Customer,40,Personal Travel,Eco,387,3,4,3,4,2,3,2,2,5,4,4,3,4,2,0,0.0,neutral or dissatisfied
129703,Male,disloyal Customer,41,Business travel,Eco,337,1,1,0,2,4,0,4,4,4,5,3,2,3,4,0,0.0,neutral or dissatisfied
10526,Female,Loyal Customer,43,Business travel,Business,309,1,1,1,1,2,4,5,4,4,4,4,5,4,4,0,0.0,satisfied
57477,Male,Loyal Customer,64,Business travel,Business,280,1,3,3,3,5,1,2,1,1,1,1,2,1,2,0,0.0,neutral or dissatisfied
102862,Male,Loyal Customer,60,Business travel,Business,2908,1,1,1,1,5,4,5,3,3,3,3,3,3,4,0,1.0,satisfied
41353,Male,Loyal Customer,27,Business travel,Business,3535,4,4,4,4,4,4,4,4,3,3,4,5,4,4,52,61.0,satisfied
22728,Male,disloyal Customer,37,Business travel,Eco,302,4,4,4,5,3,4,1,3,5,5,1,3,2,3,9,6.0,neutral or dissatisfied
15585,Female,Loyal Customer,55,Business travel,Business,3301,1,3,3,3,5,2,2,1,1,1,1,2,1,2,68,52.0,neutral or dissatisfied
34511,Female,Loyal Customer,22,Business travel,Eco,1521,2,5,3,5,2,1,2,2,2,4,4,3,3,2,0,14.0,neutral or dissatisfied
106585,Male,Loyal Customer,17,Personal Travel,Eco,333,1,4,1,3,4,1,4,4,3,4,4,5,5,4,0,0.0,neutral or dissatisfied
1726,Female,Loyal Customer,63,Business travel,Eco,364,1,5,5,5,3,3,3,1,1,1,1,4,1,3,101,108.0,neutral or dissatisfied
62148,Female,Loyal Customer,54,Business travel,Eco,2454,1,3,3,3,3,3,4,1,1,1,1,1,1,2,61,36.0,neutral or dissatisfied
91524,Female,disloyal Customer,29,Business travel,Business,680,1,1,1,3,3,1,5,3,5,2,4,3,5,3,55,50.0,neutral or dissatisfied
79331,Male,Loyal Customer,50,Business travel,Business,2838,3,3,3,3,3,4,4,4,4,4,4,3,4,4,0,0.0,satisfied
84301,Female,Loyal Customer,50,Business travel,Business,235,0,0,0,2,3,4,5,1,1,1,1,3,1,4,1,9.0,satisfied
79754,Female,Loyal Customer,52,Business travel,Business,2633,2,2,2,2,4,5,4,3,3,4,3,4,3,5,0,0.0,satisfied
89721,Female,Loyal Customer,47,Personal Travel,Eco,1096,4,3,4,3,1,4,1,5,5,4,5,2,5,2,0,0.0,neutral or dissatisfied
72742,Male,Loyal Customer,28,Personal Travel,Eco Plus,918,4,5,4,4,4,4,4,4,4,3,5,3,4,4,0,0.0,neutral or dissatisfied
89486,Male,Loyal Customer,57,Business travel,Eco,1931,3,4,4,4,3,3,3,3,4,2,4,3,4,3,0,10.0,neutral or dissatisfied
36233,Male,Loyal Customer,47,Personal Travel,Eco,280,1,4,1,1,1,1,1,1,5,4,1,3,1,1,0,0.0,neutral or dissatisfied
64858,Male,Loyal Customer,57,Business travel,Business,354,2,1,1,1,4,3,3,2,2,2,2,2,2,2,11,6.0,neutral or dissatisfied
64427,Male,Loyal Customer,35,Business travel,Business,1754,3,3,3,3,5,4,4,3,3,3,3,5,3,4,0,0.0,satisfied
97844,Male,Loyal Customer,49,Personal Travel,Eco,395,2,5,2,4,4,2,4,4,4,2,5,4,5,4,11,18.0,neutral or dissatisfied
40028,Female,disloyal Customer,21,Business travel,Eco,125,4,0,4,1,5,4,5,5,5,5,4,3,1,5,0,0.0,satisfied
99827,Male,Loyal Customer,46,Business travel,Business,3872,5,5,5,5,5,4,5,4,4,4,4,5,4,3,0,0.0,satisfied
1633,Male,Loyal Customer,68,Personal Travel,Eco,999,2,5,2,3,1,2,1,1,4,4,5,3,4,1,6,0.0,neutral or dissatisfied
71136,Male,Loyal Customer,58,Business travel,Business,2328,4,4,4,4,3,5,5,4,4,4,4,4,4,5,9,1.0,satisfied
38625,Male,Loyal Customer,38,Personal Travel,Business,2611,3,1,3,3,4,4,3,2,2,3,5,3,2,3,7,0.0,neutral or dissatisfied
17039,Female,Loyal Customer,25,Personal Travel,Business,1134,3,4,2,3,2,2,2,2,5,2,4,5,5,2,77,57.0,neutral or dissatisfied
102638,Male,disloyal Customer,23,Business travel,Eco,255,2,0,2,2,1,2,1,1,3,2,4,4,5,1,12,7.0,neutral or dissatisfied
87752,Male,Loyal Customer,45,Business travel,Business,3180,5,5,5,5,2,4,4,4,4,4,5,5,4,5,22,11.0,satisfied
73265,Male,Loyal Customer,28,Personal Travel,Eco Plus,675,4,5,4,4,4,4,4,4,5,2,4,5,4,4,5,1.0,neutral or dissatisfied
71100,Male,Loyal Customer,63,Personal Travel,Eco Plus,802,2,2,2,3,4,2,4,4,2,3,2,4,3,4,12,0.0,neutral or dissatisfied
75797,Male,Loyal Customer,16,Personal Travel,Eco,813,1,3,1,4,3,1,3,3,4,3,2,4,4,3,0,0.0,neutral or dissatisfied
69179,Female,Loyal Customer,30,Personal Travel,Eco,187,1,2,1,4,2,1,2,2,1,3,3,3,3,2,0,0.0,neutral or dissatisfied
127019,Female,disloyal Customer,58,Business travel,Eco,304,1,2,1,2,1,1,1,1,4,3,2,1,3,1,0,0.0,neutral or dissatisfied
39058,Female,Loyal Customer,60,Business travel,Business,3854,5,5,1,5,5,4,4,4,4,4,4,3,4,4,0,0.0,satisfied
106630,Male,Loyal Customer,61,Business travel,Business,1676,4,4,4,4,5,4,5,5,5,5,5,3,5,3,0,0.0,satisfied
80353,Male,Loyal Customer,40,Business travel,Business,3748,2,2,2,2,2,4,5,5,5,5,5,5,5,4,0,0.0,satisfied
32349,Female,Loyal Customer,35,Business travel,Eco,121,4,1,1,1,4,4,4,4,5,1,3,3,5,4,0,0.0,satisfied
53449,Male,Loyal Customer,49,Business travel,Business,2419,4,4,5,4,5,5,5,4,5,5,5,5,4,5,0,0.0,satisfied
118592,Male,Loyal Customer,47,Business travel,Business,2678,2,2,1,2,5,4,5,4,4,4,4,5,4,4,0,0.0,satisfied
128983,Male,Loyal Customer,34,Personal Travel,Eco,414,1,1,1,3,4,1,4,4,1,1,4,1,3,4,0,0.0,neutral or dissatisfied
52175,Female,disloyal Customer,25,Business travel,Eco,598,1,4,1,5,2,1,2,2,5,3,3,2,2,2,0,0.0,neutral or dissatisfied
82069,Male,disloyal Customer,29,Business travel,Business,1276,0,1,1,3,3,1,3,3,5,2,5,3,5,3,3,4.0,satisfied
114,Female,Loyal Customer,51,Business travel,Business,562,2,3,3,3,1,4,4,2,2,3,2,4,2,3,0,15.0,neutral or dissatisfied
14523,Male,Loyal Customer,34,Business travel,Business,362,2,2,3,2,5,3,4,4,4,4,4,3,4,1,19,19.0,satisfied
89302,Male,Loyal Customer,66,Personal Travel,Eco,453,4,1,4,4,3,4,3,3,3,3,3,3,3,3,0,2.0,neutral or dissatisfied
110360,Female,disloyal Customer,22,Business travel,Eco,925,2,2,2,4,2,2,2,2,2,3,3,3,3,2,0,12.0,neutral or dissatisfied
106057,Female,Loyal Customer,51,Business travel,Business,503,4,4,5,4,2,5,5,3,3,3,3,5,3,3,73,65.0,satisfied
122078,Female,Loyal Customer,14,Personal Travel,Eco,130,2,0,2,3,2,2,2,2,4,5,4,4,5,2,0,0.0,neutral or dissatisfied
103492,Female,Loyal Customer,50,Personal Travel,Eco,382,3,4,3,1,3,5,4,1,1,3,1,4,1,3,34,14.0,neutral or dissatisfied
109082,Male,Loyal Customer,42,Personal Travel,Eco,1041,2,5,2,3,4,2,2,4,5,2,4,5,4,4,14,4.0,neutral or dissatisfied
8344,Male,Loyal Customer,36,Personal Travel,Eco Plus,661,3,2,3,3,5,3,4,5,3,3,4,3,4,5,0,0.0,neutral or dissatisfied
77346,Female,Loyal Customer,48,Business travel,Business,3794,2,2,2,2,4,5,5,4,4,4,4,5,4,3,1,11.0,satisfied
106677,Male,Loyal Customer,47,Business travel,Business,2030,1,1,1,1,5,5,4,4,4,4,4,5,4,4,0,10.0,satisfied
46559,Male,disloyal Customer,38,Business travel,Eco,141,2,0,2,2,5,2,4,5,4,3,2,5,2,5,0,0.0,neutral or dissatisfied
59436,Male,Loyal Customer,61,Personal Travel,Eco Plus,746,4,4,3,4,3,4,4,4,3,5,5,4,3,4,140,135.0,neutral or dissatisfied
99857,Female,Loyal Customer,7,Personal Travel,Eco,534,3,5,3,4,2,3,2,2,3,3,4,4,4,2,19,12.0,neutral or dissatisfied
81052,Female,Loyal Customer,42,Personal Travel,Eco,1399,3,5,3,1,2,3,5,3,3,3,5,3,3,4,0,23.0,neutral or dissatisfied
36829,Male,Loyal Customer,57,Business travel,Eco,369,4,4,3,4,4,4,4,4,3,2,2,3,3,4,0,0.0,satisfied
123626,Male,Loyal Customer,33,Business travel,Business,214,4,4,4,4,5,5,4,5,5,5,4,3,5,5,0,0.0,satisfied
122500,Female,disloyal Customer,30,Business travel,Business,930,1,1,1,4,1,1,1,1,3,4,4,5,5,1,22,20.0,neutral or dissatisfied
81054,Female,Loyal Customer,14,Personal Travel,Eco,1399,1,3,1,4,4,1,4,4,3,1,3,1,5,4,8,12.0,neutral or dissatisfied
37144,Female,disloyal Customer,64,Business travel,Eco,1046,4,4,4,4,4,2,2,1,2,4,4,2,1,2,132,131.0,neutral or dissatisfied
100297,Male,disloyal Customer,29,Business travel,Eco,971,3,3,3,3,1,3,1,1,4,2,3,4,4,1,4,0.0,neutral or dissatisfied
47895,Female,Loyal Customer,41,Business travel,Business,329,0,0,0,3,3,2,5,5,5,4,4,2,5,5,0,0.0,satisfied
13279,Female,Loyal Customer,50,Personal Travel,Eco,468,3,5,3,3,4,5,4,2,2,3,2,4,2,5,0,18.0,neutral or dissatisfied
112792,Female,Loyal Customer,49,Business travel,Business,3248,4,4,5,4,4,4,4,5,5,5,5,3,5,4,0,0.0,satisfied
88751,Male,Loyal Customer,10,Personal Travel,Eco,271,1,2,1,2,4,1,5,4,4,4,3,1,3,4,0,0.0,neutral or dissatisfied
122690,Male,disloyal Customer,43,Business travel,Business,361,3,3,3,3,3,3,1,3,2,3,3,5,3,3,0,0.0,neutral or dissatisfied
125403,Male,Loyal Customer,34,Personal Travel,Eco,1440,3,5,3,3,4,3,4,4,5,5,3,5,4,4,10,22.0,neutral or dissatisfied
48565,Male,Loyal Customer,59,Personal Travel,Eco,776,1,5,0,3,3,0,3,3,5,2,5,5,4,3,1,25.0,neutral or dissatisfied
110604,Female,disloyal Customer,22,Business travel,Business,551,5,2,5,3,4,5,4,4,4,2,5,5,5,4,0,0.0,satisfied
41099,Female,disloyal Customer,38,Business travel,Eco,667,4,5,4,4,5,4,5,5,5,5,2,1,4,5,2,3.0,neutral or dissatisfied
22928,Female,disloyal Customer,26,Business travel,Eco,528,1,3,1,3,3,1,3,3,2,3,3,3,3,3,0,0.0,neutral or dissatisfied
19159,Female,disloyal Customer,44,Business travel,Eco,304,3,2,3,4,1,3,1,1,2,2,4,2,3,1,0,5.0,neutral or dissatisfied
66953,Male,Loyal Customer,39,Business travel,Business,1121,5,5,5,5,4,4,4,3,3,3,3,3,3,4,2,6.0,satisfied
8772,Male,Loyal Customer,45,Business travel,Business,552,2,2,2,2,5,4,5,4,4,4,4,3,4,5,0,0.0,satisfied
20290,Female,Loyal Customer,12,Personal Travel,Eco,235,3,5,3,2,2,3,2,2,4,4,4,5,5,2,1,0.0,neutral or dissatisfied
97157,Female,Loyal Customer,56,Business travel,Business,729,1,1,1,1,1,4,2,4,4,4,4,5,4,1,1,0.0,satisfied
8053,Male,disloyal Customer,25,Business travel,Business,125,1,4,1,4,3,1,3,3,4,4,5,3,5,3,6,8.0,neutral or dissatisfied
74622,Male,Loyal Customer,62,Business travel,Business,835,3,3,3,3,5,4,2,5,5,5,5,3,5,4,0,0.0,satisfied
13253,Male,Loyal Customer,40,Business travel,Business,2164,2,3,3,3,2,2,2,4,3,4,3,2,3,2,328,337.0,neutral or dissatisfied
79893,Female,Loyal Customer,9,Business travel,Business,2240,2,2,2,2,5,5,5,5,4,5,5,3,4,5,0,0.0,satisfied
68975,Male,Loyal Customer,53,Personal Travel,Eco,700,4,5,4,1,4,4,2,4,4,4,4,1,5,4,0,0.0,neutral or dissatisfied
62315,Female,disloyal Customer,20,Business travel,Eco,414,2,1,2,4,2,2,5,2,3,4,3,2,4,2,1,1.0,neutral or dissatisfied
4782,Male,disloyal Customer,34,Business travel,Eco,438,2,2,2,3,2,2,2,2,3,2,3,1,4,2,0,36.0,neutral or dissatisfied
122716,Female,Loyal Customer,37,Business travel,Business,651,2,2,2,2,2,4,5,5,5,5,5,5,5,5,0,0.0,satisfied
25174,Male,disloyal Customer,24,Business travel,Business,577,4,0,3,4,4,3,4,4,3,5,4,3,5,4,11,0.0,satisfied
23166,Female,Loyal Customer,49,Personal Travel,Eco,300,2,5,5,3,1,3,1,5,5,5,5,4,5,4,8,0.0,neutral or dissatisfied
71952,Male,Loyal Customer,24,Business travel,Business,1440,4,4,4,4,5,5,5,5,3,4,5,3,5,5,17,23.0,satisfied
52983,Male,Loyal Customer,11,Personal Travel,Business,1208,2,1,2,2,4,2,4,4,2,4,1,4,2,4,17,22.0,neutral or dissatisfied
47214,Female,Loyal Customer,24,Personal Travel,Eco,954,3,4,3,1,5,3,2,5,5,3,4,5,4,5,0,19.0,neutral or dissatisfied
129474,Male,Loyal Customer,43,Business travel,Business,2704,1,1,1,1,3,4,5,4,4,4,4,3,4,4,10,0.0,satisfied
115747,Female,Loyal Customer,38,Business travel,Business,1638,4,4,4,4,3,5,4,5,5,5,5,5,5,3,0,1.0,satisfied
126179,Male,Loyal Customer,70,Business travel,Business,3080,1,3,3,3,3,4,3,1,1,2,1,2,1,2,0,0.0,neutral or dissatisfied
67581,Female,Loyal Customer,49,Business travel,Business,1431,4,1,4,4,3,5,4,5,5,5,5,3,5,3,0,0.0,satisfied
30805,Male,Loyal Customer,37,Business travel,Business,1199,3,3,2,3,2,4,5,3,3,2,3,4,3,1,0,14.0,satisfied
67760,Female,Loyal Customer,53,Business travel,Business,1438,3,5,5,5,5,3,3,3,3,3,3,3,3,1,0,30.0,neutral or dissatisfied
115554,Male,Loyal Customer,74,Business travel,Business,308,0,0,0,2,2,5,5,5,5,5,5,5,5,3,0,0.0,satisfied
98177,Female,Loyal Customer,53,Business travel,Business,1518,2,2,2,2,2,5,5,4,4,4,4,5,4,4,1,0.0,satisfied
104999,Female,Loyal Customer,42,Personal Travel,Eco,314,4,4,4,4,5,4,5,3,3,4,3,4,3,4,66,45.0,neutral or dissatisfied
98139,Male,disloyal Customer,39,Business travel,Business,472,5,5,5,2,2,5,2,2,4,4,4,3,5,2,1,0.0,satisfied
128320,Female,Loyal Customer,45,Business travel,Business,3743,1,1,1,1,3,5,5,5,5,5,5,3,5,4,0,0.0,satisfied
69555,Male,Loyal Customer,39,Business travel,Business,2446,2,2,2,2,4,4,4,5,3,5,4,4,3,4,0,3.0,satisfied
12095,Female,disloyal Customer,50,Business travel,Eco,1034,3,3,3,1,5,3,5,5,1,3,5,2,4,5,0,0.0,neutral or dissatisfied
93407,Male,Loyal Customer,50,Business travel,Business,671,1,4,5,5,2,4,3,1,1,2,1,4,1,4,60,73.0,neutral or dissatisfied
114499,Male,Loyal Customer,36,Business travel,Business,1600,3,4,4,4,2,4,4,3,3,3,3,2,3,4,18,11.0,neutral or dissatisfied
91194,Female,Loyal Customer,11,Personal Travel,Eco,406,3,4,3,4,2,3,2,2,5,3,4,3,5,2,0,0.0,neutral or dissatisfied
116606,Female,Loyal Customer,54,Business travel,Business,1518,3,3,3,3,3,4,4,5,5,5,5,3,5,3,6,3.0,satisfied
57807,Male,disloyal Customer,39,Business travel,Eco,835,4,4,4,3,1,4,2,1,1,1,3,3,3,1,0,4.0,satisfied
21576,Female,Loyal Customer,53,Personal Travel,Eco Plus,331,3,5,3,1,5,5,5,2,2,3,2,1,2,3,0,0.0,neutral or dissatisfied
10483,Female,Loyal Customer,54,Business travel,Business,3513,3,3,3,3,2,4,5,4,4,4,4,4,4,5,0,0.0,satisfied
23184,Female,Loyal Customer,64,Personal Travel,Eco,300,1,4,1,1,1,2,3,3,3,1,3,2,3,2,0,21.0,neutral or dissatisfied
111428,Male,Loyal Customer,50,Personal Travel,Eco,896,3,2,3,4,1,3,1,1,3,4,3,2,4,1,13,3.0,neutral or dissatisfied
93478,Female,Loyal Customer,46,Personal Travel,Eco Plus,671,3,3,2,4,5,4,4,3,3,2,3,4,3,3,18,11.0,neutral or dissatisfied
11097,Male,Loyal Customer,11,Personal Travel,Eco,429,2,5,2,1,2,2,2,2,1,1,3,4,3,2,7,7.0,neutral or dissatisfied
104387,Female,Loyal Customer,55,Business travel,Eco Plus,228,3,3,2,3,5,3,4,4,4,3,4,3,4,2,61,72.0,neutral or dissatisfied
1677,Female,Loyal Customer,53,Business travel,Business,2875,1,1,1,1,2,4,4,1,1,1,1,1,1,1,0,0.0,neutral or dissatisfied
57608,Male,disloyal Customer,32,Business travel,Business,200,4,4,4,3,3,4,3,3,4,2,5,4,4,3,6,0.0,neutral or dissatisfied
87845,Male,Loyal Customer,51,Personal Travel,Eco,214,3,2,3,4,4,3,4,4,4,4,4,3,3,4,0,0.0,neutral or dissatisfied
68738,Female,Loyal Customer,51,Business travel,Business,3855,3,3,3,3,4,5,4,4,4,4,4,3,4,3,0,0.0,satisfied
9840,Female,Loyal Customer,39,Business travel,Business,717,5,5,5,5,5,5,5,4,4,4,4,4,4,5,64,47.0,satisfied
114615,Female,Loyal Customer,43,Business travel,Business,2959,3,3,3,3,5,4,4,5,5,5,5,3,5,4,0,0.0,satisfied
10273,Female,Loyal Customer,50,Personal Travel,Business,201,4,4,4,4,2,4,3,1,1,4,1,4,1,4,0,0.0,satisfied
2950,Female,disloyal Customer,35,Business travel,Eco,737,3,4,4,3,5,4,5,5,3,3,3,1,4,5,0,0.0,neutral or dissatisfied
35035,Female,Loyal Customer,37,Personal Travel,Eco,718,3,1,3,4,5,3,5,5,1,1,4,2,4,5,0,0.0,neutral or dissatisfied
113571,Male,Loyal Customer,29,Business travel,Business,258,2,1,1,1,2,2,2,2,4,3,3,2,4,2,115,130.0,neutral or dissatisfied
83320,Male,Loyal Customer,20,Personal Travel,Eco,1671,1,2,1,3,4,1,2,4,4,1,4,3,3,4,0,0.0,neutral or dissatisfied
61857,Male,Loyal Customer,54,Personal Travel,Eco Plus,1635,2,4,1,4,2,1,2,2,4,4,5,3,4,2,20,4.0,neutral or dissatisfied
104274,Male,disloyal Customer,22,Business travel,Eco,718,3,3,3,2,3,3,3,3,4,3,4,3,5,3,0,0.0,neutral or dissatisfied
44291,Female,Loyal Customer,64,Personal Travel,Eco,1015,2,2,2,3,2,5,5,2,3,3,4,5,1,5,210,216.0,neutral or dissatisfied
73203,Male,Loyal Customer,53,Personal Travel,Eco,1258,4,5,4,3,5,4,4,5,4,3,4,3,5,5,33,54.0,satisfied
113187,Male,Loyal Customer,42,Business travel,Business,3385,1,1,3,1,2,4,4,5,5,5,5,4,5,4,0,0.0,satisfied
7377,Female,Loyal Customer,54,Business travel,Business,888,4,1,1,1,2,3,4,4,4,4,4,4,4,3,35,24.0,neutral or dissatisfied
85126,Female,Loyal Customer,48,Business travel,Business,813,5,5,5,5,2,4,4,4,4,4,4,5,4,4,0,0.0,satisfied
23496,Female,Loyal Customer,37,Personal Travel,Business,303,3,4,3,4,3,4,4,2,2,3,2,3,2,4,43,119.0,neutral or dissatisfied
119225,Female,Loyal Customer,28,Personal Travel,Eco,331,1,3,1,2,5,1,1,5,5,3,5,4,4,5,0,0.0,neutral or dissatisfied
63051,Male,Loyal Customer,42,Personal Travel,Eco,862,3,1,3,4,3,3,3,3,3,4,3,3,4,3,85,73.0,neutral or dissatisfied
107362,Female,Loyal Customer,11,Personal Travel,Eco,632,2,5,2,3,1,2,2,1,4,2,5,5,5,1,16,1.0,neutral or dissatisfied
96514,Male,Loyal Customer,47,Personal Travel,Eco,436,2,4,2,1,4,2,4,4,5,2,5,4,4,4,8,4.0,neutral or dissatisfied
40229,Male,disloyal Customer,36,Business travel,Eco,402,4,0,4,2,1,4,1,1,4,5,2,4,5,1,0,0.0,neutral or dissatisfied
73077,Male,Loyal Customer,37,Business travel,Eco,1085,3,2,2,2,3,3,3,3,3,2,3,4,3,3,0,0.0,neutral or dissatisfied
106676,Female,disloyal Customer,23,Business travel,Eco,451,4,0,4,2,4,4,1,4,3,4,5,3,5,4,5,5.0,neutral or dissatisfied
100783,Female,Loyal Customer,37,Personal Travel,Eco,1411,1,5,1,3,1,1,1,1,4,5,4,3,4,1,0,0.0,neutral or dissatisfied
970,Male,Loyal Customer,57,Business travel,Business,89,2,2,2,2,2,4,4,5,5,5,4,3,5,4,5,4.0,satisfied
3123,Female,Loyal Customer,69,Personal Travel,Eco,1013,3,3,3,1,2,5,2,5,5,3,5,1,5,5,0,14.0,neutral or dissatisfied
102802,Male,Loyal Customer,44,Business travel,Business,342,3,3,3,3,3,5,5,5,5,5,5,3,5,4,11,0.0,satisfied
27736,Male,disloyal Customer,24,Business travel,Eco,909,5,5,5,3,1,5,1,1,1,5,1,3,5,1,0,0.0,satisfied
98189,Male,Loyal Customer,45,Business travel,Business,1924,2,2,2,2,3,4,4,5,5,5,5,3,5,5,6,0.0,satisfied
98425,Male,disloyal Customer,57,Business travel,Eco,676,4,4,4,2,4,4,4,4,3,1,2,1,2,4,33,21.0,neutral or dissatisfied
51394,Male,Loyal Customer,66,Personal Travel,Eco Plus,56,2,1,0,4,5,0,5,5,4,5,3,3,4,5,0,13.0,neutral or dissatisfied
43132,Female,Loyal Customer,48,Business travel,Eco Plus,236,5,2,2,2,4,2,1,5,5,5,5,5,5,1,120,109.0,satisfied
42044,Female,Loyal Customer,59,Business travel,Business,2250,4,4,4,4,4,5,3,5,5,5,3,2,5,4,0,0.0,satisfied
76621,Male,Loyal Customer,42,Business travel,Business,2173,5,5,5,5,2,4,1,4,4,4,4,4,4,3,0,0.0,satisfied
52669,Male,Loyal Customer,24,Personal Travel,Eco,160,2,4,2,2,1,2,2,1,3,2,5,5,5,1,13,10.0,neutral or dissatisfied
102212,Male,Loyal Customer,47,Business travel,Business,236,2,2,2,2,3,4,4,5,5,5,5,4,5,3,3,0.0,satisfied
68916,Female,Loyal Customer,64,Personal Travel,Eco,936,4,2,4,3,1,3,3,5,5,4,5,2,5,4,3,8.0,neutral or dissatisfied
54248,Female,disloyal Customer,38,Business travel,Eco,1222,2,2,2,1,5,2,5,5,1,3,3,1,3,5,0,0.0,neutral or dissatisfied
38586,Male,Loyal Customer,33,Personal Travel,Eco Plus,2576,3,5,3,3,3,3,3,3,5,1,4,4,4,3,0,0.0,neutral or dissatisfied
57871,Female,Loyal Customer,60,Business travel,Business,305,5,5,5,5,5,4,4,5,5,5,5,3,5,5,22,23.0,satisfied
23850,Female,Loyal Customer,42,Business travel,Business,2024,5,5,5,5,1,2,3,5,5,5,5,5,5,5,0,0.0,satisfied
52637,Female,Loyal Customer,56,Personal Travel,Eco,160,1,4,1,3,2,4,4,3,3,1,2,4,3,3,11,3.0,neutral or dissatisfied
111518,Female,Loyal Customer,20,Personal Travel,Eco,391,3,5,3,4,1,3,1,1,5,4,5,5,5,1,13,15.0,neutral or dissatisfied
20317,Female,Loyal Customer,48,Business travel,Eco,837,2,2,2,2,1,3,3,2,2,2,2,4,2,3,0,8.0,neutral or dissatisfied
71482,Male,Loyal Customer,44,Business travel,Business,1182,5,5,5,5,5,5,4,4,4,4,4,4,4,5,0,0.0,satisfied
56376,Female,Loyal Customer,39,Business travel,Business,3753,3,3,4,3,2,5,5,5,5,5,5,3,5,3,0,0.0,satisfied
45158,Female,Loyal Customer,55,Business travel,Eco,174,5,2,2,2,1,4,3,5,5,5,5,2,5,2,12,20.0,satisfied
50514,Female,Loyal Customer,12,Personal Travel,Eco,158,0,5,0,3,2,0,2,2,3,3,4,3,5,2,0,0.0,satisfied
41377,Female,Loyal Customer,28,Business travel,Business,1942,2,2,2,2,5,5,5,5,3,5,1,5,4,5,148,163.0,satisfied
40062,Male,disloyal Customer,22,Business travel,Eco,866,3,3,3,3,5,3,5,5,4,3,3,2,3,5,5,22.0,neutral or dissatisfied
122687,Female,Loyal Customer,39,Business travel,Business,2598,3,1,3,1,2,3,4,3,3,3,3,3,3,1,0,6.0,neutral or dissatisfied
10041,Female,Loyal Customer,52,Personal Travel,Business,326,5,5,5,4,3,4,4,4,4,5,4,1,4,1,0,0.0,satisfied
92702,Male,Loyal Customer,48,Business travel,Eco Plus,507,2,2,2,2,2,2,2,2,3,4,4,1,4,2,0,0.0,neutral or dissatisfied
34012,Female,Loyal Customer,20,Personal Travel,Eco,1617,0,1,0,3,2,0,2,2,2,3,3,4,3,2,0,0.0,satisfied
58031,Male,Loyal Customer,36,Personal Travel,Eco Plus,1721,1,4,1,2,5,1,5,5,3,4,5,4,4,5,1,1.0,neutral or dissatisfied
114790,Male,disloyal Customer,44,Business travel,Business,417,3,3,3,4,1,3,1,1,4,4,5,3,5,1,35,48.0,neutral or dissatisfied
83693,Male,disloyal Customer,55,Personal Travel,Eco,577,0,5,0,3,3,5,3,3,3,4,5,3,4,3,0,0.0,satisfied
50643,Female,Loyal Customer,54,Personal Travel,Eco,363,3,1,3,4,5,3,3,5,5,3,1,4,5,4,0,0.0,neutral or dissatisfied
20499,Male,Loyal Customer,18,Personal Travel,Eco,130,2,1,2,2,2,2,2,1,5,3,2,2,3,2,84,183.0,neutral or dissatisfied
105234,Female,Loyal Customer,55,Business travel,Business,2571,3,1,1,1,5,3,3,3,3,3,3,4,3,2,0,0.0,neutral or dissatisfied
78630,Female,Loyal Customer,60,Personal Travel,Eco,1426,3,2,3,3,3,4,4,5,5,3,5,3,5,4,0,0.0,neutral or dissatisfied
12464,Female,Loyal Customer,35,Personal Travel,Eco,201,2,2,2,3,1,2,1,1,2,5,3,1,4,1,14,6.0,neutral or dissatisfied
52166,Female,Loyal Customer,32,Business travel,Business,3465,2,2,2,2,4,4,4,4,2,2,4,5,5,4,0,2.0,satisfied
9523,Female,Loyal Customer,38,Business travel,Business,3995,3,3,3,3,3,3,4,3,3,3,3,4,3,2,31,19.0,neutral or dissatisfied
124954,Female,Loyal Customer,12,Personal Travel,Business,184,0,4,0,4,4,0,4,4,1,1,3,1,1,4,0,0.0,satisfied
29281,Female,Loyal Customer,48,Business travel,Eco,550,2,3,3,3,4,2,3,2,2,2,2,4,2,3,0,0.0,neutral or dissatisfied
4050,Female,Loyal Customer,20,Personal Travel,Eco,419,2,1,2,3,5,2,5,5,2,3,3,3,2,5,0,0.0,neutral or dissatisfied
41014,Male,Loyal Customer,29,Personal Travel,Business,1195,0,4,1,2,2,1,1,2,4,2,3,3,5,2,15,3.0,satisfied
96844,Male,Loyal Customer,9,Business travel,Eco,816,3,5,4,5,3,3,4,3,4,1,4,2,4,3,54,52.0,neutral or dissatisfied
36895,Male,Loyal Customer,20,Business travel,Business,1368,3,2,2,2,3,3,3,3,2,1,3,2,3,3,95,74.0,neutral or dissatisfied
80929,Male,Loyal Customer,37,Business travel,Eco,341,4,2,2,2,4,4,4,4,3,3,5,3,1,4,0,0.0,satisfied
25408,Male,Loyal Customer,30,Business travel,Business,1504,1,3,3,3,1,1,1,1,2,5,3,2,4,1,1,0.0,neutral or dissatisfied
98317,Female,Loyal Customer,47,Business travel,Business,1547,1,1,1,1,4,4,5,4,4,4,4,4,4,4,21,20.0,satisfied
99657,Male,Loyal Customer,48,Business travel,Business,3567,5,5,5,5,2,1,4,4,4,4,4,4,4,1,23,3.0,satisfied
61620,Male,Loyal Customer,43,Business travel,Business,1504,3,3,5,3,4,4,4,5,5,5,5,5,5,3,0,0.0,satisfied
66254,Female,Loyal Customer,52,Personal Travel,Eco,460,4,4,4,3,1,3,3,2,2,4,2,4,2,4,0,0.0,neutral or dissatisfied
50402,Female,Loyal Customer,42,Business travel,Business,447,1,2,2,2,2,3,3,1,1,1,1,3,1,3,18,8.0,neutral or dissatisfied
54597,Male,Loyal Customer,36,Business travel,Business,956,2,5,5,5,4,3,4,2,2,2,2,1,2,1,103,89.0,neutral or dissatisfied
97722,Female,Loyal Customer,25,Personal Travel,Business,587,3,5,3,1,4,3,4,4,4,5,4,3,5,4,46,35.0,neutral or dissatisfied
25328,Male,Loyal Customer,23,Business travel,Business,2597,4,4,4,4,5,4,5,5,5,4,5,2,5,5,0,0.0,satisfied
61733,Male,Loyal Customer,58,Business travel,Eco,135,2,1,1,1,3,2,3,3,2,3,3,3,4,3,0,0.0,neutral or dissatisfied
62668,Male,Loyal Customer,45,Business travel,Business,1846,5,5,5,5,3,4,4,3,3,3,3,3,3,5,0,0.0,satisfied
71108,Female,Loyal Customer,44,Business travel,Business,2072,1,1,1,1,4,3,4,4,4,4,4,5,4,3,3,0.0,satisfied
84506,Male,Loyal Customer,49,Business travel,Business,2556,3,3,1,3,3,4,4,4,4,4,4,5,4,5,0,0.0,satisfied
109048,Female,Loyal Customer,41,Business travel,Business,2713,3,5,5,5,1,3,3,3,3,3,3,1,3,2,56,44.0,neutral or dissatisfied
106251,Male,Loyal Customer,35,Business travel,Business,3899,2,2,2,2,5,5,4,3,3,4,3,4,3,3,55,44.0,satisfied
14575,Male,Loyal Customer,48,Business travel,Business,986,3,2,2,2,2,4,4,3,3,3,3,2,3,1,3,18.0,neutral or dissatisfied
53546,Male,Loyal Customer,45,Business travel,Eco Plus,2419,5,3,5,5,5,5,5,3,3,4,5,5,2,5,23,16.0,satisfied
61247,Female,disloyal Customer,27,Business travel,Eco,453,3,0,3,1,4,3,4,4,3,4,3,4,5,4,7,4.0,neutral or dissatisfied
30485,Male,Loyal Customer,50,Personal Travel,Business,627,1,3,1,4,4,4,4,2,2,1,2,3,2,4,0,0.0,neutral or dissatisfied
81733,Female,Loyal Customer,41,Business travel,Business,1416,5,5,5,5,3,4,4,4,4,4,4,5,4,4,0,0.0,satisfied
55231,Male,Loyal Customer,46,Business travel,Eco,1009,3,5,5,5,3,3,3,3,2,2,3,3,4,3,0,0.0,neutral or dissatisfied
94044,Male,disloyal Customer,27,Business travel,Business,189,5,5,5,5,2,5,2,2,4,2,5,3,5,2,27,28.0,satisfied
4094,Female,Loyal Customer,30,Business travel,Business,1531,2,2,2,2,5,5,5,5,4,3,5,3,5,5,33,25.0,satisfied
41677,Female,Loyal Customer,40,Personal Travel,Eco,936,2,4,2,2,2,2,2,2,5,5,4,3,4,2,39,42.0,neutral or dissatisfied
78539,Male,Loyal Customer,31,Personal Travel,Eco,666,1,0,2,3,5,2,5,5,3,3,4,4,5,5,0,0.0,neutral or dissatisfied
75640,Male,Loyal Customer,47,Personal Travel,Business,304,3,5,3,1,2,5,4,3,3,3,3,3,3,5,0,0.0,neutral or dissatisfied
56958,Male,disloyal Customer,16,Business travel,Eco,709,3,3,3,3,3,3,3,2,5,3,3,3,3,3,10,6.0,neutral or dissatisfied
11521,Male,Loyal Customer,35,Personal Travel,Eco Plus,312,3,4,3,3,1,3,1,1,5,3,5,4,4,1,0,0.0,neutral or dissatisfied
88947,Female,Loyal Customer,33,Business travel,Business,1199,1,1,5,1,5,4,5,4,4,4,4,5,4,4,2,25.0,satisfied
55230,Female,Loyal Customer,47,Business travel,Business,3799,5,5,5,5,4,4,5,4,4,4,4,4,4,3,0,0.0,satisfied
38210,Female,disloyal Customer,20,Business travel,Eco,1237,4,4,4,1,2,4,2,2,2,4,2,2,4,2,45,33.0,satisfied
115423,Female,Loyal Customer,23,Business travel,Business,3571,4,3,5,3,4,4,4,4,3,4,3,4,4,4,0,0.0,neutral or dissatisfied
80539,Male,Loyal Customer,53,Business travel,Business,1747,3,3,3,3,4,4,4,3,3,2,3,5,3,4,0,0.0,satisfied
127751,Female,Loyal Customer,62,Personal Travel,Eco,601,2,5,2,4,2,4,2,4,4,2,4,1,4,1,17,6.0,neutral or dissatisfied
94928,Female,disloyal Customer,36,Business travel,Eco,248,3,0,3,2,1,3,5,1,5,3,5,2,4,1,6,0.0,neutral or dissatisfied
91182,Female,Loyal Customer,15,Personal Travel,Eco,271,3,0,3,4,5,3,5,5,5,4,5,3,5,5,0,0.0,neutral or dissatisfied
103734,Female,Loyal Customer,70,Personal Travel,Eco,466,2,5,2,4,3,5,5,5,5,2,3,3,5,3,23,9.0,neutral or dissatisfied
115259,Male,disloyal Customer,20,Business travel,Eco,337,3,0,3,3,2,3,2,2,5,5,5,5,5,2,25,18.0,neutral or dissatisfied
37202,Male,Loyal Customer,22,Personal Travel,Eco Plus,1189,3,4,4,4,1,4,1,1,5,2,5,5,5,1,39,41.0,neutral or dissatisfied
3690,Male,Loyal Customer,22,Business travel,Business,3010,1,1,1,1,4,4,4,4,5,3,5,4,5,4,0,3.0,satisfied
76660,Female,Loyal Customer,7,Personal Travel,Eco,547,3,2,3,4,4,3,4,4,3,5,3,2,4,4,28,28.0,neutral or dissatisfied
37840,Male,Loyal Customer,40,Business travel,Business,3025,4,4,4,4,2,2,1,4,4,4,4,3,4,2,0,0.0,satisfied
70329,Female,Loyal Customer,32,Business travel,Business,986,3,3,3,3,2,2,2,2,3,3,5,5,4,2,0,0.0,satisfied
16915,Male,Loyal Customer,40,Business travel,Eco Plus,746,1,0,0,4,3,0,3,3,3,5,3,4,3,3,13,12.0,neutral or dissatisfied
15545,Female,Loyal Customer,58,Business travel,Business,1973,1,1,5,1,3,5,5,5,5,5,5,5,5,5,0,0.0,satisfied
82662,Female,Loyal Customer,64,Personal Travel,Eco,120,3,5,3,2,1,1,4,1,1,3,1,1,1,3,0,0.0,neutral or dissatisfied
70861,Female,Loyal Customer,48,Business travel,Business,761,3,3,3,3,5,4,5,4,4,4,4,4,4,4,0,0.0,satisfied
23414,Male,Loyal Customer,25,Business travel,Business,541,2,5,5,5,2,2,2,2,2,2,3,2,4,2,0,0.0,neutral or dissatisfied
112510,Female,Loyal Customer,9,Personal Travel,Eco,948,1,1,2,3,1,2,1,1,2,1,4,3,3,1,1,0.0,neutral or dissatisfied
12154,Female,Loyal Customer,36,Business travel,Business,1214,5,5,5,5,2,4,5,4,4,4,4,3,4,5,0,0.0,satisfied
86738,Female,Loyal Customer,32,Personal Travel,Business,821,4,4,4,4,5,4,5,5,2,5,4,2,3,5,0,0.0,satisfied
5777,Female,Loyal Customer,48,Business travel,Business,273,1,1,1,1,5,4,5,5,5,5,5,5,5,4,0,52.0,satisfied
64818,Male,Loyal Customer,30,Business travel,Eco,247,1,3,3,3,1,1,1,1,3,5,4,4,4,1,0,0.0,neutral or dissatisfied
73095,Male,Loyal Customer,9,Personal Travel,Eco Plus,1085,4,4,4,5,5,4,1,5,5,4,4,4,5,5,0,0.0,neutral or dissatisfied
99437,Male,Loyal Customer,47,Business travel,Business,1844,4,4,4,4,5,4,4,4,4,4,4,3,4,3,0,0.0,satisfied
107646,Female,Loyal Customer,44,Business travel,Business,405,1,3,3,3,1,2,1,1,1,1,1,2,1,4,3,1.0,neutral or dissatisfied
20200,Female,Loyal Customer,9,Personal Travel,Eco Plus,349,4,5,3,5,5,3,5,5,4,5,5,3,4,5,0,0.0,neutral or dissatisfied
118629,Male,Loyal Customer,56,Business travel,Business,2946,4,1,1,1,2,1,2,4,4,4,4,1,4,1,76,66.0,neutral or dissatisfied
3409,Female,Loyal Customer,23,Personal Travel,Eco,315,2,4,2,3,5,2,5,5,1,5,3,4,1,5,26,26.0,neutral or dissatisfied
109642,Male,Loyal Customer,40,Business travel,Business,829,2,2,2,2,5,5,5,4,4,4,4,4,4,5,0,0.0,satisfied
13431,Female,Loyal Customer,40,Business travel,Business,491,3,3,3,3,1,3,4,3,3,3,3,3,3,2,67,67.0,neutral or dissatisfied
51143,Male,Loyal Customer,37,Personal Travel,Eco,86,4,4,4,3,3,4,3,3,4,5,5,4,5,3,9,2.0,neutral or dissatisfied
15167,Female,Loyal Customer,24,Business travel,Eco,430,4,5,5,5,4,4,4,4,5,4,1,1,3,4,42,32.0,satisfied
44387,Male,Loyal Customer,54,Business travel,Eco,342,3,3,3,3,4,3,4,4,3,4,4,4,4,4,0,0.0,neutral or dissatisfied
72778,Female,disloyal Customer,25,Business travel,Business,1045,3,0,3,1,1,3,1,1,4,3,4,3,5,1,34,40.0,neutral or dissatisfied
61176,Male,Loyal Customer,47,Business travel,Business,3607,3,3,3,3,4,5,5,5,5,5,5,3,5,5,5,0.0,satisfied
67729,Female,disloyal Customer,28,Business travel,Business,1235,5,5,5,2,2,0,2,2,3,4,4,3,5,2,0,0.0,satisfied
90160,Male,Loyal Customer,24,Personal Travel,Eco,957,2,5,2,3,2,2,2,2,4,3,5,3,4,2,0,1.0,neutral or dissatisfied
80064,Female,Loyal Customer,50,Personal Travel,Eco,950,1,4,1,4,2,4,4,1,1,1,1,1,1,2,70,52.0,neutral or dissatisfied
15796,Female,disloyal Customer,36,Business travel,Eco,143,3,4,3,1,4,3,4,4,3,3,5,1,3,4,40,30.0,neutral or dissatisfied
120965,Female,Loyal Customer,49,Business travel,Business,1537,5,5,5,5,2,4,4,4,4,4,4,5,4,4,7,23.0,satisfied
77050,Male,Loyal Customer,19,Business travel,Eco,1156,3,4,4,4,3,3,2,3,1,4,4,3,4,3,0,0.0,neutral or dissatisfied
74944,Female,Loyal Customer,39,Business travel,Business,2475,5,5,5,5,5,5,5,3,3,4,3,4,3,3,0,0.0,satisfied
40543,Male,Loyal Customer,55,Business travel,Eco,216,5,2,2,2,4,5,4,4,3,1,1,2,1,4,0,0.0,satisfied
110876,Male,disloyal Customer,42,Business travel,Business,406,5,5,5,4,4,5,4,4,3,2,4,3,5,4,0,0.0,satisfied
32037,Male,disloyal Customer,40,Business travel,Eco,101,3,0,3,2,1,3,1,1,5,2,1,3,5,1,0,0.0,neutral or dissatisfied
97958,Female,Loyal Customer,23,Business travel,Eco,616,0,5,0,2,4,0,3,4,4,2,2,3,3,4,0,0.0,satisfied
100406,Male,Loyal Customer,44,Business travel,Business,2991,1,1,1,1,4,4,4,4,4,5,4,4,4,4,109,138.0,satisfied
96425,Female,Loyal Customer,41,Business travel,Business,1831,3,3,2,3,4,4,4,3,3,3,3,3,3,3,8,5.0,neutral or dissatisfied
22790,Male,Loyal Customer,50,Business travel,Business,3449,1,1,1,1,2,4,2,4,4,4,4,1,4,5,0,0.0,satisfied
105971,Male,Loyal Customer,36,Business travel,Eco,829,2,5,4,5,2,2,2,5,4,5,3,2,3,2,9,22.0,satisfied
53397,Male,Loyal Customer,46,Business travel,Business,2419,1,1,1,1,4,4,4,5,4,4,5,4,5,4,7,32.0,satisfied
120712,Male,Loyal Customer,55,Personal Travel,Eco Plus,280,1,4,1,1,3,1,3,3,2,3,3,2,3,3,1,34.0,neutral or dissatisfied
24991,Female,disloyal Customer,30,Business travel,Eco,692,3,3,3,3,1,3,1,1,2,3,3,4,2,1,0,0.0,neutral or dissatisfied
25046,Female,Loyal Customer,47,Business travel,Business,3439,1,1,1,1,2,1,4,3,3,3,3,1,3,3,33,102.0,satisfied
111500,Male,Loyal Customer,42,Business travel,Business,2895,4,4,4,4,4,4,4,4,4,5,4,4,4,5,32,25.0,satisfied
119052,Male,Loyal Customer,38,Business travel,Business,779,1,1,1,1,4,2,4,5,5,4,5,4,5,3,0,0.0,satisfied
31295,Male,Loyal Customer,57,Personal Travel,Eco Plus,533,3,5,3,4,1,3,1,1,5,4,5,4,4,1,0,5.0,neutral or dissatisfied
5507,Female,Loyal Customer,46,Business travel,Business,948,1,1,1,1,2,4,4,5,5,5,5,3,5,3,0,0.0,satisfied
53640,Female,Loyal Customer,58,Personal Travel,Eco,1874,2,1,1,4,1,4,3,5,5,1,5,2,5,2,0,12.0,neutral or dissatisfied
88440,Female,Loyal Customer,49,Business travel,Eco,404,3,4,4,4,3,3,3,3,3,3,3,1,3,4,19,18.0,neutral or dissatisfied
121001,Male,Loyal Customer,22,Personal Travel,Eco,861,4,4,4,4,3,4,3,3,4,3,5,5,4,3,27,37.0,satisfied
97945,Female,Loyal Customer,53,Business travel,Business,1886,2,4,4,4,5,3,4,2,2,2,2,4,2,1,54,43.0,neutral or dissatisfied
89210,Male,Loyal Customer,10,Personal Travel,Eco,1892,3,1,3,3,1,3,5,1,4,5,4,3,3,1,0,0.0,neutral or dissatisfied
86097,Female,Loyal Customer,44,Business travel,Business,2791,4,4,5,4,3,4,5,4,4,5,4,5,4,4,0,0.0,satisfied
14689,Male,Loyal Customer,34,Business travel,Business,3848,1,1,1,1,1,5,4,5,5,5,5,2,5,4,0,92.0,satisfied
1331,Female,Loyal Customer,37,Business travel,Business,1638,1,1,1,1,3,4,4,5,5,5,5,5,5,3,124,111.0,satisfied
43694,Male,Loyal Customer,27,Business travel,Business,3229,0,0,0,2,2,2,2,2,3,2,3,3,3,2,0,0.0,satisfied
84230,Female,Loyal Customer,55,Personal Travel,Eco,432,3,2,4,4,2,3,3,5,5,4,5,1,5,3,1,2.0,neutral or dissatisfied
93488,Male,Loyal Customer,45,Business travel,Business,2616,3,3,3,3,5,5,5,4,4,4,4,4,4,3,6,6.0,satisfied
104009,Female,Loyal Customer,33,Personal Travel,Eco,1334,5,5,5,2,5,5,3,5,3,3,5,5,4,5,5,4.0,satisfied
27081,Female,Loyal Customer,34,Business travel,Business,2496,5,5,5,5,5,4,4,1,1,2,1,3,1,1,0,0.0,satisfied
97290,Male,Loyal Customer,42,Business travel,Business,3011,4,4,4,4,4,4,5,5,5,4,5,4,5,4,24,16.0,satisfied
101898,Female,Loyal Customer,50,Business travel,Business,2173,2,2,2,2,5,1,3,2,2,2,2,2,2,2,17,12.0,neutral or dissatisfied
3563,Female,disloyal Customer,24,Business travel,Eco,227,4,4,4,1,1,4,1,1,5,5,5,3,4,1,0,0.0,neutral or dissatisfied
44208,Female,Loyal Customer,54,Personal Travel,Eco,157,2,3,2,2,5,1,3,5,5,2,5,4,5,4,0,0.0,neutral or dissatisfied
40332,Female,Loyal Customer,80,Business travel,Eco Plus,436,2,1,1,1,4,3,3,2,2,2,2,4,2,4,0,0.0,neutral or dissatisfied
26264,Male,Loyal Customer,43,Business travel,Business,3302,2,2,2,2,4,2,4,3,3,4,3,2,3,3,4,5.0,satisfied
28628,Male,Loyal Customer,50,Business travel,Eco,2676,3,2,2,2,3,3,3,3,4,1,1,1,3,3,1,0.0,neutral or dissatisfied
50960,Female,Loyal Customer,42,Personal Travel,Eco,110,2,5,2,3,5,3,5,3,3,2,3,5,3,2,0,,neutral or dissatisfied
1494,Female,Loyal Customer,49,Business travel,Business,1766,4,1,2,2,1,4,4,4,4,3,4,4,4,3,51,61.0,neutral or dissatisfied
119749,Male,Loyal Customer,12,Personal Travel,Eco,1303,3,5,3,1,3,3,3,3,5,4,3,3,5,3,0,0.0,neutral or dissatisfied
55041,Male,disloyal Customer,21,Business travel,Eco,772,2,2,2,2,2,2,2,2,3,3,4,3,5,2,11,7.0,neutral or dissatisfied
92819,Female,Loyal Customer,60,Business travel,Business,1587,2,5,5,5,1,3,4,2,2,2,2,3,2,3,7,0.0,neutral or dissatisfied
62433,Male,Loyal Customer,38,Personal Travel,Eco,1911,3,5,3,3,3,3,2,3,3,2,4,3,5,3,24,21.0,neutral or dissatisfied
24664,Male,Loyal Customer,14,Personal Travel,Eco,873,1,0,1,4,4,1,4,4,1,3,3,1,1,4,0,0.0,neutral or dissatisfied
28447,Male,disloyal Customer,25,Business travel,Eco,1264,3,3,3,1,3,4,4,2,4,4,5,4,1,4,0,4.0,neutral or dissatisfied
23410,Female,Loyal Customer,24,Business travel,Business,541,3,3,3,3,5,5,5,5,3,4,4,5,2,5,0,0.0,satisfied
45393,Male,Loyal Customer,26,Personal Travel,Eco,344,4,3,4,2,3,4,3,3,2,5,2,1,1,3,0,0.0,satisfied
115160,Female,disloyal Customer,25,Business travel,Business,447,2,0,2,2,1,2,1,1,5,2,4,3,4,1,27,16.0,neutral or dissatisfied
58162,Male,Loyal Customer,30,Business travel,Business,802,2,2,2,2,3,4,3,3,5,4,4,5,4,3,0,1.0,satisfied
44059,Female,Loyal Customer,59,Business travel,Business,501,1,1,4,1,3,2,4,5,5,5,5,4,5,1,91,107.0,satisfied
128794,Female,Loyal Customer,52,Personal Travel,Business,2475,1,0,1,4,1,1,1,2,4,2,4,1,4,1,0,6.0,neutral or dissatisfied
58100,Female,Loyal Customer,42,Personal Travel,Eco,589,4,5,3,4,3,4,5,4,4,3,4,3,4,5,0,0.0,neutral or dissatisfied
19122,Male,Loyal Customer,55,Business travel,Eco,323,2,1,1,1,1,2,1,1,1,3,4,2,3,1,0,0.0,neutral or dissatisfied
70741,Male,Loyal Customer,61,Personal Travel,Eco,675,2,5,2,1,1,2,1,1,3,4,5,3,5,1,0,0.0,neutral or dissatisfied
51153,Male,Loyal Customer,30,Personal Travel,Eco,308,3,4,3,1,5,3,5,5,5,2,4,3,5,5,0,0.0,neutral or dissatisfied
12375,Female,disloyal Customer,20,Business travel,Eco,190,1,0,2,3,4,2,2,4,4,4,3,3,3,4,0,8.0,neutral or dissatisfied
39564,Female,Loyal Customer,26,Business travel,Eco,965,0,5,0,1,4,0,4,4,4,4,1,3,2,4,1,0.0,satisfied
71593,Male,Loyal Customer,33,Business travel,Eco,1182,1,5,5,5,1,1,1,1,2,2,4,3,4,1,23,19.0,neutral or dissatisfied
40348,Male,Loyal Customer,50,Business travel,Business,1428,3,5,3,3,1,5,5,5,5,5,5,2,5,2,0,0.0,satisfied
15358,Male,disloyal Customer,33,Business travel,Eco,399,3,0,3,3,2,3,5,2,4,4,1,3,4,2,0,0.0,neutral or dissatisfied
60280,Female,Loyal Customer,57,Personal Travel,Eco,2446,4,5,3,2,5,5,4,5,5,3,5,5,5,5,0,0.0,neutral or dissatisfied
103284,Male,Loyal Customer,27,Personal Travel,Eco,718,3,2,3,3,2,3,2,2,4,4,3,1,3,2,0,0.0,neutral or dissatisfied
86224,Female,Loyal Customer,25,Business travel,Business,3431,2,5,5,5,2,2,2,2,3,2,3,3,3,2,0,12.0,neutral or dissatisfied
58993,Female,Loyal Customer,42,Business travel,Business,1744,3,3,3,3,3,3,5,5,5,5,5,3,5,3,0,0.0,satisfied
33594,Female,Loyal Customer,25,Business travel,Eco,399,0,5,0,5,2,0,2,2,5,2,2,2,1,2,0,0.0,satisfied
25475,Female,Loyal Customer,28,Business travel,Business,3129,3,3,3,3,3,3,3,3,3,1,3,2,3,3,0,0.0,neutral or dissatisfied
118950,Male,disloyal Customer,33,Business travel,Eco,682,1,1,1,3,1,3,4,3,3,3,3,4,4,4,206,243.0,neutral or dissatisfied
106341,Female,Loyal Customer,48,Business travel,Business,1729,2,3,2,2,5,4,5,5,5,5,5,5,5,4,4,34.0,satisfied
16082,Male,Loyal Customer,11,Business travel,Eco Plus,744,0,4,0,3,2,0,2,2,1,3,5,2,4,2,0,0.0,satisfied
34418,Male,Loyal Customer,29,Personal Travel,Eco,612,4,4,4,3,1,4,1,1,1,3,4,1,2,1,0,0.0,neutral or dissatisfied
4765,Female,Loyal Customer,38,Business travel,Business,3394,0,0,0,2,2,4,5,5,5,5,5,4,5,3,13,28.0,satisfied
13228,Male,Loyal Customer,34,Business travel,Business,1562,1,3,1,1,5,4,2,5,5,5,5,3,5,3,0,0.0,satisfied
82618,Female,Loyal Customer,13,Personal Travel,Eco,528,1,4,1,1,5,1,5,5,5,4,4,3,5,5,0,0.0,neutral or dissatisfied
74931,Female,Loyal Customer,49,Business travel,Business,2475,3,3,3,3,3,4,4,5,5,5,5,5,5,3,0,0.0,satisfied
107001,Female,Loyal Customer,14,Personal Travel,Eco,937,2,4,2,5,4,2,5,4,5,4,4,3,5,4,2,2.0,neutral or dissatisfied
77655,Male,disloyal Customer,8,Business travel,Business,731,3,4,3,4,4,3,4,4,5,3,4,4,4,4,0,0.0,neutral or dissatisfied
19805,Male,Loyal Customer,44,Business travel,Business,528,3,3,3,3,4,2,1,4,4,4,4,3,4,1,0,0.0,satisfied
21890,Male,disloyal Customer,22,Business travel,Eco,503,1,4,1,3,5,1,2,5,2,4,3,2,3,5,0,0.0,neutral or dissatisfied
4296,Male,Loyal Customer,11,Personal Travel,Eco,502,3,5,3,1,1,3,1,1,3,2,5,3,4,1,0,3.0,neutral or dissatisfied
104410,Male,Loyal Customer,30,Business travel,Business,1024,3,3,3,3,5,5,5,5,3,2,4,3,4,5,2,3.0,satisfied
110466,Female,Loyal Customer,63,Personal Travel,Eco,663,2,2,2,4,5,3,4,2,2,2,2,2,2,3,31,28.0,neutral or dissatisfied
54717,Male,Loyal Customer,8,Personal Travel,Eco,787,4,3,4,4,2,4,2,2,4,4,1,3,1,2,0,0.0,satisfied
32789,Male,Loyal Customer,40,Business travel,Eco,201,4,4,4,4,4,4,4,4,3,3,2,1,2,4,0,0.0,satisfied
22870,Male,Loyal Customer,14,Personal Travel,Eco,147,1,5,1,4,4,1,4,4,3,5,4,4,4,4,0,0.0,neutral or dissatisfied
57120,Female,Loyal Customer,19,Business travel,Eco,1222,4,4,4,4,4,4,3,4,3,4,3,1,1,4,5,0.0,satisfied
36535,Female,disloyal Customer,19,Business travel,Eco,1121,1,1,1,1,5,1,5,5,1,3,4,2,1,5,0,0.0,neutral or dissatisfied
11228,Female,Loyal Customer,8,Personal Travel,Eco,216,5,0,5,4,5,5,5,5,3,2,4,2,4,5,0,0.0,satisfied
56746,Female,disloyal Customer,25,Business travel,Business,997,3,0,3,4,3,3,3,3,3,3,5,4,5,3,6,2.0,neutral or dissatisfied
55710,Male,Loyal Customer,58,Personal Travel,Eco,895,2,5,2,1,2,2,2,2,5,2,4,1,4,2,25,31.0,neutral or dissatisfied
37582,Male,disloyal Customer,30,Business travel,Eco,944,1,1,1,4,3,1,5,3,1,5,1,5,5,3,6,0.0,neutral or dissatisfied
71973,Female,disloyal Customer,25,Business travel,Business,1437,4,0,4,2,2,4,2,2,5,2,5,3,4,2,14,0.0,satisfied
9962,Male,Loyal Customer,35,Business travel,Business,2310,1,1,1,1,2,5,5,5,5,5,5,5,5,3,0,0.0,satisfied
26029,Female,Loyal Customer,24,Personal Travel,Eco,321,1,4,1,3,4,1,4,4,4,4,4,1,4,4,1,0.0,neutral or dissatisfied
109769,Female,disloyal Customer,42,Business travel,Business,1053,4,5,5,3,4,4,4,4,4,5,5,5,5,4,0,15.0,neutral or dissatisfied
8775,Male,Loyal Customer,54,Business travel,Business,1943,3,3,3,3,5,4,5,4,4,4,4,5,4,5,0,0.0,satisfied
100167,Female,Loyal Customer,34,Personal Travel,Eco,725,4,4,4,2,5,4,2,5,2,4,1,4,1,5,0,9.0,satisfied
92548,Female,Loyal Customer,65,Personal Travel,Eco,1919,3,5,3,4,1,5,3,5,5,3,5,4,5,1,1,30.0,neutral or dissatisfied
119522,Male,Loyal Customer,50,Business travel,Business,414,3,2,3,3,4,2,1,5,5,5,5,3,5,2,0,0.0,satisfied
68646,Female,disloyal Customer,26,Business travel,Business,175,1,0,0,4,4,0,4,4,3,5,5,4,5,4,0,0.0,neutral or dissatisfied
74886,Male,disloyal Customer,35,Business travel,Business,2475,1,1,1,3,4,1,4,4,2,5,2,3,4,4,78,66.0,neutral or dissatisfied
54455,Male,Loyal Customer,40,Business travel,Business,1815,4,4,4,4,5,5,5,4,4,4,4,5,4,5,101,90.0,satisfied
21524,Male,Loyal Customer,38,Personal Travel,Eco,164,3,4,0,5,3,0,3,3,5,4,4,5,5,3,41,35.0,neutral or dissatisfied
22086,Female,disloyal Customer,34,Business travel,Eco,782,4,5,5,3,4,5,4,4,4,3,2,2,1,4,25,13.0,neutral or dissatisfied
29187,Female,Loyal Customer,32,Personal Travel,Eco Plus,1050,2,4,2,3,2,2,2,2,4,4,5,5,5,2,0,0.0,neutral or dissatisfied
4761,Male,disloyal Customer,27,Business travel,Business,403,5,4,4,3,5,4,5,5,5,4,5,5,5,5,0,0.0,satisfied
21213,Female,Loyal Customer,41,Business travel,Eco,192,4,1,2,1,4,4,4,4,2,2,3,3,3,4,0,0.0,neutral or dissatisfied
65223,Female,Loyal Customer,57,Business travel,Eco Plus,224,3,4,4,4,5,4,3,3,3,3,3,3,3,3,81,85.0,neutral or dissatisfied
20109,Male,Loyal Customer,41,Business travel,Business,1721,1,1,1,1,3,3,4,1,1,1,1,4,1,1,0,0.0,neutral or dissatisfied
114350,Female,disloyal Customer,11,Personal Travel,Eco,853,2,4,2,4,5,2,5,5,5,4,4,1,4,5,0,0.0,neutral or dissatisfied
48982,Female,Loyal Customer,51,Business travel,Eco,156,4,5,5,5,1,3,1,4,4,4,4,3,4,5,11,13.0,satisfied
43917,Male,Loyal Customer,33,Personal Travel,Eco,174,5,5,5,2,5,5,5,5,4,3,4,4,5,5,0,0.0,satisfied
65832,Male,Loyal Customer,39,Business travel,Business,1389,4,4,4,4,2,5,5,4,4,4,4,5,4,3,65,44.0,satisfied
113898,Female,disloyal Customer,13,Business travel,Eco,2329,1,1,1,4,1,1,1,1,3,3,2,1,4,1,25,8.0,neutral or dissatisfied
36020,Male,disloyal Customer,39,Business travel,Eco,399,2,0,2,1,2,3,3,2,2,5,2,3,1,3,383,401.0,neutral or dissatisfied
73909,Female,Loyal Customer,49,Business travel,Business,2585,1,1,1,1,4,4,4,3,2,5,5,4,3,4,36,48.0,satisfied
127030,Male,Loyal Customer,40,Business travel,Business,338,4,4,4,4,3,4,5,4,4,4,4,3,4,4,0,0.0,satisfied
23524,Female,Loyal Customer,47,Business travel,Eco Plus,349,4,5,5,5,4,5,5,1,2,4,5,5,2,5,140,123.0,satisfied
68658,Male,Loyal Customer,56,Business travel,Eco,237,4,2,2,2,4,4,4,4,3,2,3,1,3,4,0,26.0,neutral or dissatisfied
19488,Female,Loyal Customer,41,Business travel,Eco Plus,177,4,5,5,5,1,1,5,4,4,4,4,4,4,4,0,8.0,satisfied
51204,Female,Loyal Customer,58,Business travel,Eco Plus,193,3,2,2,2,5,3,3,3,3,3,3,5,3,5,0,0.0,satisfied
104291,Male,disloyal Customer,21,Business travel,Eco,440,2,4,2,4,5,2,4,5,4,3,4,4,3,5,67,58.0,neutral or dissatisfied
3783,Male,Loyal Customer,53,Business travel,Business,599,2,2,2,2,4,4,3,2,2,2,2,3,2,1,43,26.0,neutral or dissatisfied
61028,Female,Loyal Customer,13,Business travel,Eco Plus,3365,4,2,2,2,4,2,4,1,1,3,3,4,2,4,69,102.0,neutral or dissatisfied
65588,Female,disloyal Customer,21,Business travel,Eco,175,1,3,0,4,5,0,5,5,3,2,4,1,3,5,0,0.0,neutral or dissatisfied
81868,Female,Loyal Customer,42,Business travel,Business,1050,2,2,2,2,3,4,5,3,3,4,3,5,3,3,18,15.0,satisfied
20017,Female,Loyal Customer,49,Business travel,Eco Plus,589,5,2,5,2,5,3,1,4,4,5,4,3,4,3,0,0.0,satisfied
116155,Female,Loyal Customer,9,Personal Travel,Eco,342,4,1,4,4,3,4,3,3,3,5,3,4,4,3,0,0.0,neutral or dissatisfied
52631,Female,Loyal Customer,38,Business travel,Eco,110,3,4,4,4,3,3,3,3,3,2,2,1,2,3,67,60.0,neutral or dissatisfied
42201,Male,disloyal Customer,23,Business travel,Eco,817,3,3,3,5,1,3,1,1,4,3,2,2,1,1,0,0.0,neutral or dissatisfied
90742,Female,Loyal Customer,36,Business travel,Business,1552,3,1,1,1,5,4,3,3,3,3,3,2,3,1,0,0.0,neutral or dissatisfied
84358,Male,Loyal Customer,49,Business travel,Business,606,1,2,2,2,3,4,4,1,1,1,1,1,1,1,0,0.0,neutral or dissatisfied
8043,Female,disloyal Customer,35,Business travel,Business,530,4,4,4,4,1,4,1,1,3,5,5,5,4,1,0,0.0,neutral or dissatisfied
12740,Male,Loyal Customer,19,Personal Travel,Eco,689,1,4,2,3,5,2,5,5,3,2,5,3,4,5,27,15.0,neutral or dissatisfied
83935,Male,Loyal Customer,60,Business travel,Business,321,2,2,4,2,4,5,4,5,5,5,5,3,5,5,0,0.0,satisfied
9828,Male,Loyal Customer,54,Business travel,Business,1523,2,2,2,2,5,4,5,5,5,5,5,3,5,3,20,21.0,satisfied
117653,Female,Loyal Customer,28,Personal Travel,Eco Plus,347,3,4,3,3,1,3,3,1,3,3,2,1,5,1,0,0.0,neutral or dissatisfied
7800,Female,disloyal Customer,26,Business travel,Business,710,4,0,4,3,5,4,5,5,4,4,5,4,5,5,0,0.0,neutral or dissatisfied
43505,Female,Loyal Customer,14,Personal Travel,Eco,679,4,3,4,3,5,4,5,5,1,2,2,1,5,5,3,9.0,neutral or dissatisfied
5606,Male,Loyal Customer,42,Business travel,Business,3682,5,5,5,5,5,5,5,4,4,4,4,5,4,4,116,128.0,satisfied
13927,Male,Loyal Customer,66,Business travel,Eco,317,4,2,2,2,4,4,4,4,1,3,2,3,1,4,0,0.0,satisfied
67085,Male,Loyal Customer,39,Business travel,Business,1102,3,3,3,3,4,4,5,4,4,4,4,3,4,3,4,7.0,satisfied
53991,Male,Loyal Customer,46,Business travel,Business,1825,2,4,4,4,5,2,4,2,2,2,2,2,2,3,7,0.0,neutral or dissatisfied
82393,Male,Loyal Customer,51,Business travel,Business,2212,1,1,1,1,2,4,4,5,5,5,5,5,5,3,12,60.0,satisfied
49207,Male,disloyal Customer,22,Business travel,Eco,109,1,0,1,3,1,1,1,1,5,1,2,2,4,1,0,0.0,neutral or dissatisfied
98924,Female,Loyal Customer,44,Business travel,Business,2565,1,1,1,1,5,4,4,5,5,5,5,3,5,3,0,0.0,satisfied
3262,Female,Loyal Customer,47,Business travel,Business,419,2,2,2,2,5,4,4,5,5,5,5,5,5,5,9,0.0,satisfied
100839,Female,disloyal Customer,29,Business travel,Eco,711,2,2,2,4,4,2,4,4,4,5,3,3,3,4,19,10.0,neutral or dissatisfied
78309,Female,Loyal Customer,52,Business travel,Business,1598,2,2,2,2,4,3,5,4,4,5,4,3,4,3,0,0.0,satisfied
4304,Male,Loyal Customer,34,Business travel,Eco Plus,502,2,1,1,1,2,2,2,2,1,2,3,1,4,2,0,0.0,neutral or dissatisfied
38192,Female,Loyal Customer,40,Personal Travel,Eco,1211,5,4,5,3,3,5,3,3,2,5,3,2,3,3,0,0.0,satisfied
12806,Female,Loyal Customer,25,Business travel,Eco,817,4,3,3,3,4,4,4,4,1,2,4,1,4,4,0,0.0,satisfied
58422,Male,Loyal Customer,54,Business travel,Business,3402,2,3,3,3,4,3,2,2,2,2,2,4,2,4,9,24.0,neutral or dissatisfied
8059,Male,Loyal Customer,41,Business travel,Business,1911,4,4,4,4,4,4,4,4,4,4,4,3,4,5,0,0.0,satisfied
117553,Male,Loyal Customer,49,Business travel,Business,3154,3,3,2,3,3,4,5,4,4,4,4,5,4,5,0,0.0,satisfied
113337,Female,Loyal Customer,39,Business travel,Business,226,0,0,0,3,5,5,5,2,2,2,5,5,2,5,26,18.0,satisfied
90102,Female,Loyal Customer,22,Business travel,Eco,1145,4,1,1,1,4,4,3,4,3,2,3,4,4,4,75,69.0,neutral or dissatisfied
50423,Male,disloyal Customer,22,Business travel,Eco,190,4,0,4,5,4,4,3,4,2,1,1,4,5,4,0,0.0,neutral or dissatisfied
40400,Male,Loyal Customer,54,Business travel,Business,175,4,4,4,4,1,3,3,3,3,3,4,4,3,1,0,0.0,neutral or dissatisfied
22113,Female,disloyal Customer,25,Business travel,Eco,694,3,4,4,3,3,4,3,3,4,1,5,4,3,3,21,13.0,neutral or dissatisfied
55316,Female,Loyal Customer,53,Business travel,Eco,1325,1,3,3,3,5,2,2,1,1,1,1,4,1,2,11,5.0,neutral or dissatisfied
67262,Female,Loyal Customer,9,Personal Travel,Eco,1119,0,3,0,2,4,0,4,4,2,1,3,1,3,4,0,0.0,satisfied
5241,Female,disloyal Customer,38,Business travel,Eco,293,3,2,3,4,3,3,3,3,1,1,4,4,3,3,0,6.0,neutral or dissatisfied
86288,Female,Loyal Customer,34,Personal Travel,Eco,356,1,4,1,3,3,1,3,3,2,1,4,3,1,3,9,0.0,neutral or dissatisfied
101923,Male,Loyal Customer,35,Business travel,Business,2297,1,1,1,1,2,3,4,4,4,4,4,3,4,4,8,0.0,satisfied
36192,Male,Loyal Customer,47,Personal Travel,Business,496,4,5,2,1,2,5,5,3,3,2,3,5,3,5,0,0.0,neutral or dissatisfied
20547,Male,Loyal Customer,30,Business travel,Business,773,3,3,3,3,4,4,4,4,4,4,1,4,3,4,0,0.0,satisfied
109216,Male,Loyal Customer,34,Business travel,Business,391,2,2,2,2,4,5,5,4,4,4,4,3,4,4,78,75.0,satisfied
69231,Male,Loyal Customer,48,Business travel,Business,3584,2,5,2,2,3,4,4,5,5,5,5,5,5,3,0,0.0,satisfied
49095,Male,Loyal Customer,47,Business travel,Eco,421,4,2,2,2,4,4,4,4,1,3,2,5,4,4,0,0.0,satisfied
61367,Male,Loyal Customer,56,Personal Travel,Business,679,0,1,0,3,2,4,4,4,4,0,4,4,4,3,0,0.0,satisfied
106379,Female,Loyal Customer,50,Business travel,Business,3568,2,2,2,2,4,5,5,4,4,4,4,5,4,3,4,0.0,satisfied
1063,Male,Loyal Customer,67,Personal Travel,Eco,140,0,2,0,3,5,0,5,5,4,1,3,3,4,5,9,0.0,satisfied
97771,Male,Loyal Customer,35,Business travel,Business,3214,1,1,1,1,5,5,5,5,5,5,5,5,5,4,9,0.0,satisfied
19028,Male,Loyal Customer,34,Personal Travel,Eco,871,1,4,1,4,1,1,1,1,1,1,3,2,4,1,118,131.0,neutral or dissatisfied
118808,Male,Loyal Customer,8,Personal Travel,Eco,338,4,5,4,3,2,4,2,2,4,3,5,5,4,2,6,14.0,neutral or dissatisfied
22376,Female,Loyal Customer,50,Business travel,Business,83,3,4,4,4,5,3,4,2,2,2,3,4,2,2,11,7.0,neutral or dissatisfied
2514,Female,Loyal Customer,50,Business travel,Business,2180,4,4,3,4,4,5,4,4,4,4,4,3,4,5,8,10.0,satisfied
88824,Female,disloyal Customer,37,Business travel,Eco Plus,270,4,4,4,2,5,4,5,5,4,5,1,3,2,5,0,0.0,neutral or dissatisfied
18761,Female,Loyal Customer,31,Personal Travel,Eco,926,2,5,2,1,1,2,1,1,4,2,4,5,5,1,26,0.0,neutral or dissatisfied
85255,Female,Loyal Customer,60,Personal Travel,Eco,689,5,2,5,3,4,4,4,1,1,2,1,4,1,2,0,0.0,satisfied
62357,Female,Loyal Customer,65,Business travel,Eco Plus,235,1,1,1,1,2,4,3,1,1,1,1,4,1,1,51,43.0,neutral or dissatisfied
20028,Female,Loyal Customer,50,Business travel,Business,1835,4,4,4,4,2,2,5,4,4,4,4,3,4,3,35,35.0,satisfied
54394,Male,disloyal Customer,36,Business travel,Eco,305,3,1,3,3,3,3,3,3,3,2,4,3,4,3,1,0.0,neutral or dissatisfied
36881,Male,Loyal Customer,57,Business travel,Eco,1182,3,4,4,4,3,3,3,1,5,3,4,3,2,3,452,440.0,neutral or dissatisfied
90676,Male,Loyal Customer,38,Business travel,Eco,406,3,2,2,2,3,3,3,3,2,2,4,1,4,3,0,9.0,neutral or dissatisfied
59091,Male,Loyal Customer,9,Personal Travel,Eco,1846,2,4,2,5,3,2,5,3,3,3,4,4,4,3,12,16.0,neutral or dissatisfied
15429,Male,disloyal Customer,59,Business travel,Eco,164,4,0,3,5,4,3,4,4,5,2,1,2,5,4,0,0.0,neutral or dissatisfied
99706,Male,Loyal Customer,31,Personal Travel,Eco,2026,2,4,2,3,1,2,1,1,5,3,4,3,4,1,10,0.0,neutral or dissatisfied
84772,Male,Loyal Customer,44,Business travel,Business,3028,2,2,2,2,4,4,5,4,4,4,4,3,4,5,6,5.0,satisfied
49312,Male,disloyal Customer,21,Business travel,Business,363,4,0,5,3,5,5,5,5,4,2,3,5,1,5,0,4.0,satisfied
81986,Female,Loyal Customer,41,Business travel,Business,1535,3,3,3,3,2,4,4,3,3,3,3,1,3,3,62,38.0,neutral or dissatisfied
80665,Female,disloyal Customer,25,Business travel,Eco,821,3,3,3,2,2,3,2,2,2,5,3,4,3,2,0,5.0,neutral or dissatisfied
112651,Male,Loyal Customer,20,Business travel,Eco Plus,1845,1,4,4,4,1,1,1,1,2,4,3,3,2,1,0,0.0,neutral or dissatisfied
77125,Male,Loyal Customer,37,Business travel,Business,1481,3,3,3,3,3,4,4,3,3,3,3,3,3,3,7,0.0,satisfied
5968,Male,Loyal Customer,43,Business travel,Business,2913,2,3,3,3,5,3,4,2,2,2,2,2,2,2,0,27.0,neutral or dissatisfied
33074,Female,Loyal Customer,29,Personal Travel,Eco,163,4,3,4,3,4,4,4,4,4,1,4,1,4,4,0,0.0,neutral or dissatisfied
36186,Male,Loyal Customer,55,Business travel,Business,3374,2,4,4,4,1,4,4,2,2,2,2,3,2,3,0,0.0,neutral or dissatisfied
67203,Female,Loyal Customer,31,Personal Travel,Eco,929,3,1,3,3,3,3,4,3,2,1,3,4,3,3,10,5.0,neutral or dissatisfied
107921,Female,Loyal Customer,34,Business travel,Business,611,4,4,4,4,2,4,5,4,4,4,4,4,4,3,14,9.0,satisfied
11635,Male,Loyal Customer,22,Business travel,Business,3056,3,3,3,3,4,4,4,4,3,3,4,4,4,4,19,7.0,satisfied
52691,Female,Loyal Customer,55,Business travel,Eco Plus,160,2,3,3,3,4,3,3,3,3,2,3,2,3,1,0,0.0,neutral or dissatisfied
103967,Female,Loyal Customer,47,Personal Travel,Eco,770,2,5,1,3,2,4,4,3,3,1,3,4,3,4,0,0.0,neutral or dissatisfied
48948,Female,Loyal Customer,41,Business travel,Eco,308,5,5,5,5,5,5,5,5,1,1,5,1,1,5,13,23.0,satisfied
86842,Male,Loyal Customer,14,Personal Travel,Eco,692,3,4,3,2,5,3,5,5,3,5,4,3,5,5,21,3.0,neutral or dissatisfied
126879,Female,Loyal Customer,17,Personal Travel,Eco,2296,3,5,3,3,3,3,3,3,1,2,4,5,5,3,0,0.0,neutral or dissatisfied
3225,Female,Loyal Customer,58,Personal Travel,Eco,1187,1,3,0,4,1,2,3,1,1,0,1,3,1,1,24,39.0,neutral or dissatisfied
19143,Female,Loyal Customer,36,Personal Travel,Eco Plus,287,3,4,2,3,5,2,5,5,4,3,4,3,5,5,2,0.0,neutral or dissatisfied
88386,Male,Loyal Customer,73,Business travel,Business,2736,1,5,5,5,2,3,2,1,1,1,1,4,1,3,0,0.0,neutral or dissatisfied
58191,Female,Loyal Customer,30,Business travel,Business,2710,1,1,1,1,1,2,1,1,3,3,2,3,2,1,0,3.0,neutral or dissatisfied
124701,Male,Loyal Customer,56,Business travel,Business,3817,1,1,1,1,4,2,2,5,5,5,5,3,5,1,0,41.0,satisfied
52406,Female,Loyal Customer,32,Personal Travel,Eco,493,1,1,3,2,2,3,2,2,4,3,2,4,2,2,0,0.0,neutral or dissatisfied
38298,Male,Loyal Customer,56,Business travel,Business,2583,1,4,4,4,1,1,1,2,2,3,3,1,2,1,56,56.0,neutral or dissatisfied
89975,Female,Loyal Customer,52,Business travel,Business,3076,5,5,5,5,3,4,5,4,4,4,4,4,4,5,38,32.0,satisfied
48764,Female,Loyal Customer,48,Business travel,Business,2981,1,3,3,3,1,2,3,1,1,1,1,2,1,3,0,0.0,neutral or dissatisfied
31351,Male,Loyal Customer,50,Business travel,Business,3129,4,4,4,4,4,5,4,4,4,4,4,3,4,5,80,83.0,satisfied
16923,Male,Loyal Customer,38,Business travel,Eco,820,4,5,5,5,4,4,4,4,5,1,4,2,3,4,27,23.0,satisfied
117201,Female,Loyal Customer,59,Personal Travel,Eco,369,1,3,1,3,3,4,3,3,3,1,3,4,3,1,19,11.0,neutral or dissatisfied
58578,Male,Loyal Customer,66,Personal Travel,Eco,403,4,5,4,3,4,4,4,4,4,3,5,4,5,4,1,0.0,satisfied
15842,Female,Loyal Customer,9,Business travel,Business,2104,5,5,5,5,5,5,5,5,5,4,5,1,2,5,5,0.0,satisfied
106584,Female,disloyal Customer,26,Business travel,Business,333,4,2,3,4,5,3,5,5,3,3,4,4,4,5,0,0.0,satisfied
9700,Male,Loyal Customer,58,Personal Travel,Eco,277,2,1,2,4,3,2,5,3,2,4,3,3,4,3,0,0.0,neutral or dissatisfied
102692,Female,Loyal Customer,77,Business travel,Eco,255,2,2,1,2,2,3,3,2,2,2,2,1,2,4,0,0.0,neutral or dissatisfied
114452,Male,Loyal Customer,34,Business travel,Business,2675,4,4,4,4,3,4,5,3,3,3,3,4,3,3,0,0.0,satisfied
39094,Female,Loyal Customer,43,Personal Travel,Eco,984,5,4,5,3,5,1,1,5,3,4,5,1,3,1,118,135.0,satisfied
85846,Male,Loyal Customer,43,Personal Travel,Eco,666,2,5,2,1,2,2,2,2,4,5,3,2,2,2,0,0.0,neutral or dissatisfied
14857,Male,disloyal Customer,38,Business travel,Eco,315,5,0,5,1,3,5,3,3,5,1,3,2,3,3,3,16.0,satisfied
45284,Male,disloyal Customer,45,Business travel,Eco,290,1,5,1,3,4,1,4,4,4,2,3,5,3,4,0,0.0,neutral or dissatisfied
86292,Male,Loyal Customer,49,Personal Travel,Eco,226,2,4,2,3,3,2,3,3,4,5,4,4,5,3,6,16.0,neutral or dissatisfied
51767,Female,Loyal Customer,69,Personal Travel,Eco,425,2,0,5,4,5,4,2,1,1,5,1,1,1,1,0,0.0,neutral or dissatisfied
38495,Male,disloyal Customer,20,Business travel,Eco,1103,3,3,3,4,5,3,5,5,1,5,4,2,1,5,2,0.0,neutral or dissatisfied
126356,Female,Loyal Customer,8,Personal Travel,Eco,600,1,5,1,1,5,1,5,5,4,5,5,4,4,5,2,0.0,neutral or dissatisfied
41275,Female,Loyal Customer,52,Business travel,Eco,812,5,1,1,1,3,2,2,4,4,5,4,4,4,4,0,5.0,satisfied
24056,Female,Loyal Customer,50,Personal Travel,Eco,562,4,5,4,3,5,4,5,3,3,4,3,4,3,5,0,0.0,neutral or dissatisfied
122856,Female,disloyal Customer,25,Business travel,Eco,226,3,1,3,3,1,3,1,1,3,5,2,3,2,1,0,0.0,neutral or dissatisfied
86674,Female,Loyal Customer,42,Personal Travel,Eco Plus,746,4,4,4,4,2,3,4,1,1,4,1,2,1,3,0,0.0,neutral or dissatisfied
115717,Male,Loyal Customer,18,Business travel,Business,446,2,5,5,5,2,2,2,2,4,2,3,3,4,2,23,27.0,neutral or dissatisfied
77188,Female,Loyal Customer,66,Personal Travel,Eco,290,2,4,2,5,5,4,4,1,1,2,1,4,1,3,0,0.0,neutral or dissatisfied
22179,Female,Loyal Customer,26,Business travel,Business,1613,3,3,3,3,4,4,4,4,5,3,4,4,1,4,0,0.0,satisfied
62338,Female,disloyal Customer,20,Business travel,Business,414,0,5,0,1,5,0,5,5,5,3,5,5,4,5,0,0.0,satisfied
57221,Female,Loyal Customer,41,Personal Travel,Eco,1514,4,3,4,4,1,4,1,1,1,2,4,4,3,1,0,36.0,neutral or dissatisfied
15787,Female,disloyal Customer,55,Business travel,Eco Plus,198,1,1,1,5,2,1,2,2,5,1,1,2,4,2,35,33.0,neutral or dissatisfied
124569,Male,disloyal Customer,34,Business travel,Business,453,3,3,3,1,3,3,5,3,4,3,4,5,4,3,0,0.0,neutral or dissatisfied
5719,Female,Loyal Customer,58,Personal Travel,Eco,299,1,4,1,3,4,5,4,3,3,1,3,3,3,5,32,40.0,neutral or dissatisfied
87737,Male,Loyal Customer,35,Personal Travel,Eco,4502,1,1,1,3,1,3,3,1,2,2,2,3,2,3,0,32.0,neutral or dissatisfied
4068,Male,Loyal Customer,18,Personal Travel,Eco,419,2,5,5,4,5,5,5,5,5,1,4,1,5,5,0,0.0,neutral or dissatisfied
29070,Male,Loyal Customer,55,Personal Travel,Eco,978,1,4,1,4,5,1,5,5,4,5,4,3,4,5,0,0.0,neutral or dissatisfied
107749,Female,Loyal Customer,21,Personal Travel,Eco,251,2,5,2,3,3,2,3,3,1,2,5,2,1,3,1,0.0,neutral or dissatisfied
105517,Male,Loyal Customer,33,Business travel,Business,611,5,5,5,5,4,4,4,4,5,4,4,3,5,4,0,0.0,satisfied
50457,Female,Loyal Customer,38,Business travel,Business,2376,3,3,3,3,5,4,4,5,5,5,5,2,5,4,0,0.0,satisfied
12346,Male,Loyal Customer,18,Business travel,Business,201,1,1,1,1,1,1,1,1,3,1,3,2,4,1,50,53.0,neutral or dissatisfied
30352,Female,Loyal Customer,22,Business travel,Eco,862,4,3,3,3,4,4,3,4,5,5,5,2,4,4,4,37.0,satisfied
10594,Female,Loyal Customer,39,Business travel,Business,166,2,2,2,2,4,4,4,4,4,4,4,3,4,4,0,0.0,satisfied
35859,Female,Loyal Customer,61,Personal Travel,Eco,937,1,4,0,4,2,3,4,4,4,0,4,2,4,2,0,0.0,neutral or dissatisfied
106233,Female,Loyal Customer,24,Personal Travel,Eco,471,3,2,3,4,2,3,5,2,3,1,3,3,4,2,6,0.0,neutral or dissatisfied
5978,Male,Loyal Customer,51,Business travel,Business,691,5,5,5,5,5,4,4,5,5,5,5,5,5,4,0,,satisfied
53626,Male,disloyal Customer,55,Business travel,Eco,374,4,4,4,2,2,4,2,2,5,1,3,2,5,2,0,10.0,neutral or dissatisfied
81923,Male,disloyal Customer,54,Business travel,Business,1535,4,4,4,4,3,4,3,3,3,5,3,4,4,3,1,0.0,neutral or dissatisfied
106659,Female,Loyal Customer,53,Business travel,Business,1590,3,5,5,5,5,2,4,3,3,3,3,2,3,3,5,0.0,neutral or dissatisfied
95407,Female,Loyal Customer,44,Personal Travel,Eco,323,0,1,0,4,3,4,3,5,5,0,5,4,5,3,0,0.0,satisfied
14647,Female,disloyal Customer,22,Business travel,Business,112,5,0,5,2,1,5,1,1,3,4,5,4,5,1,1,0.0,satisfied
64439,Female,Loyal Customer,46,Business travel,Business,2372,5,5,5,5,5,5,4,4,4,4,4,3,4,3,3,14.0,satisfied
65221,Male,Loyal Customer,52,Business travel,Business,2150,5,5,5,5,5,5,5,5,5,5,5,5,5,3,46,42.0,satisfied
1722,Female,Loyal Customer,73,Business travel,Business,364,2,2,2,2,4,3,3,2,2,2,2,3,2,2,0,0.0,neutral or dissatisfied
35293,Male,Loyal Customer,21,Business travel,Business,3530,3,5,5,5,3,3,3,1,2,2,3,3,3,3,163,196.0,neutral or dissatisfied
6338,Male,Loyal Customer,59,Business travel,Business,315,4,4,4,4,4,4,4,4,4,4,4,4,4,4,62,68.0,satisfied
99036,Male,Loyal Customer,26,Personal Travel,Eco,1009,3,5,3,5,5,3,5,5,4,4,2,2,3,5,0,0.0,neutral or dissatisfied
76461,Male,Loyal Customer,42,Personal Travel,Business,516,3,3,3,4,3,4,4,2,2,3,2,4,2,3,0,0.0,neutral or dissatisfied
114648,Male,Loyal Customer,45,Business travel,Business,3588,3,3,4,3,4,4,4,4,3,4,4,4,5,4,152,136.0,satisfied
117286,Male,Loyal Customer,54,Business travel,Business,3054,0,0,0,3,2,5,4,5,5,5,5,3,5,4,62,46.0,satisfied
39112,Male,disloyal Customer,32,Business travel,Eco,252,3,3,3,3,4,3,4,4,1,4,3,1,4,4,0,0.0,neutral or dissatisfied
125962,Female,Loyal Customer,59,Personal Travel,Eco Plus,920,3,4,3,3,2,4,5,3,3,3,3,3,3,3,0,0.0,neutral or dissatisfied
109807,Male,Loyal Customer,59,Business travel,Business,3652,3,3,3,3,4,5,4,3,3,3,3,5,3,3,15,0.0,satisfied
123546,Male,disloyal Customer,27,Business travel,Business,756,4,4,4,1,4,4,4,4,3,2,4,5,5,4,0,0.0,satisfied
121105,Female,Loyal Customer,46,Business travel,Business,2402,2,3,3,3,2,2,2,2,2,4,4,2,1,2,21,53.0,neutral or dissatisfied
29985,Male,disloyal Customer,24,Business travel,Eco,261,1,4,1,3,4,1,4,4,3,1,4,4,4,4,0,0.0,neutral or dissatisfied
120521,Male,disloyal Customer,25,Business travel,Business,96,5,0,5,4,5,5,4,5,3,4,5,5,4,5,0,0.0,satisfied
65747,Female,Loyal Customer,25,Personal Travel,Eco,1061,3,4,3,3,5,3,5,5,5,5,4,5,5,5,0,0.0,neutral or dissatisfied
66208,Female,disloyal Customer,24,Business travel,Business,550,1,3,1,3,1,1,1,1,4,5,4,1,3,1,20,33.0,neutral or dissatisfied
92788,Male,Loyal Customer,7,Personal Travel,Eco Plus,1671,2,5,2,2,4,2,4,4,2,3,5,2,1,4,0,0.0,neutral or dissatisfied
103275,Female,Loyal Customer,12,Business travel,Eco Plus,888,0,5,5,5,0,1,4,0,3,4,3,4,4,0,11,2.0,neutral or dissatisfied
100791,Male,Loyal Customer,30,Business travel,Business,3236,5,5,5,5,4,4,4,4,3,2,4,5,4,4,4,0.0,satisfied
124002,Male,disloyal Customer,27,Business travel,Eco,184,2,3,2,2,1,2,1,1,3,5,3,2,2,1,0,0.0,neutral or dissatisfied
110884,Female,disloyal Customer,33,Business travel,Eco,581,4,1,4,3,1,4,4,1,1,3,4,4,4,1,25,29.0,neutral or dissatisfied
94223,Male,disloyal Customer,21,Business travel,Eco,496,3,4,3,4,2,3,2,2,4,4,4,3,5,2,0,0.0,neutral or dissatisfied
125147,Male,Loyal Customer,12,Business travel,Business,1999,2,5,5,5,2,2,2,2,1,2,4,4,3,2,0,0.0,neutral or dissatisfied
69447,Female,Loyal Customer,60,Personal Travel,Eco,1035,3,4,3,3,5,4,5,5,5,3,5,3,5,3,0,11.0,neutral or dissatisfied
91682,Female,Loyal Customer,44,Business travel,Business,1678,1,3,3,3,2,3,4,1,1,1,1,3,1,4,0,0.0,neutral or dissatisfied
30243,Female,Loyal Customer,17,Personal Travel,Eco,896,2,2,2,4,2,2,2,2,1,3,3,4,3,2,21,20.0,neutral or dissatisfied
115006,Male,Loyal Customer,55,Business travel,Business,3737,2,2,2,2,3,5,4,4,4,4,4,4,4,4,13,3.0,satisfied
54636,Female,Loyal Customer,24,Business travel,Business,964,4,4,4,4,5,5,5,5,5,4,2,5,5,5,0,0.0,satisfied
126093,Male,Loyal Customer,29,Business travel,Business,507,4,4,4,4,2,2,2,2,4,2,5,3,4,2,39,50.0,satisfied
55881,Female,Loyal Customer,28,Business travel,Business,733,1,1,1,1,4,4,4,4,4,2,5,4,4,4,0,0.0,satisfied
71581,Male,Loyal Customer,58,Business travel,Business,2212,3,2,2,2,2,1,2,3,3,3,3,3,3,4,14,33.0,neutral or dissatisfied
29894,Female,Loyal Customer,31,Business travel,Business,2670,2,2,2,2,5,5,5,5,2,4,5,1,3,5,32,27.0,satisfied
38780,Female,Loyal Customer,37,Business travel,Eco,353,4,4,3,3,4,4,4,4,2,1,4,4,5,4,0,0.0,satisfied
36605,Male,disloyal Customer,24,Business travel,Eco,1197,2,2,2,4,4,2,4,4,2,2,3,4,3,4,5,0.0,neutral or dissatisfied
21498,Female,Loyal Customer,13,Personal Travel,Eco,306,2,5,2,1,5,2,5,5,5,2,5,4,5,5,0,6.0,neutral or dissatisfied
101274,Female,Loyal Customer,24,Business travel,Business,3198,3,3,2,3,5,5,5,5,4,5,4,5,5,5,13,0.0,satisfied
37320,Female,Loyal Customer,27,Business travel,Business,3869,1,1,1,1,4,4,4,2,5,2,1,4,1,4,122,177.0,satisfied
9450,Male,Loyal Customer,51,Personal Travel,Eco,368,1,4,1,3,4,1,1,4,3,2,4,4,3,4,0,0.0,neutral or dissatisfied
19871,Female,Loyal Customer,39,Business travel,Business,2090,1,1,1,1,5,4,4,5,5,5,5,4,5,3,0,4.0,satisfied
11090,Female,Loyal Customer,40,Personal Travel,Eco,74,2,5,2,2,5,2,5,5,5,4,4,3,5,5,46,52.0,neutral or dissatisfied
2111,Female,Loyal Customer,11,Personal Travel,Eco Plus,785,2,4,2,1,3,2,3,3,4,2,4,5,5,3,0,14.0,neutral or dissatisfied
94518,Female,Loyal Customer,39,Business travel,Business,2336,5,5,5,5,3,4,4,5,5,5,5,5,5,4,0,0.0,satisfied
15117,Male,disloyal Customer,37,Business travel,Eco,1042,1,1,1,5,5,1,5,5,5,4,1,4,2,5,0,0.0,neutral or dissatisfied
96778,Female,Loyal Customer,30,Business travel,Business,816,1,1,1,1,4,5,4,4,3,4,4,5,5,4,0,0.0,satisfied
110826,Female,Loyal Customer,70,Personal Travel,Eco,849,2,4,2,2,4,5,4,4,4,2,1,4,4,3,0,0.0,neutral or dissatisfied
57482,Female,Loyal Customer,23,Business travel,Business,1589,2,2,1,2,5,5,5,5,5,4,4,5,5,5,10,32.0,satisfied
76762,Male,Loyal Customer,47,Business travel,Business,546,1,1,1,1,5,4,5,4,4,4,4,3,4,4,0,0.0,satisfied
113090,Female,Loyal Customer,20,Business travel,Business,479,3,4,4,4,3,3,3,3,3,4,3,2,3,3,49,42.0,neutral or dissatisfied
57464,Male,Loyal Customer,38,Personal Travel,Eco,334,4,4,4,1,4,4,4,4,5,5,4,5,4,4,7,6.0,neutral or dissatisfied
106977,Female,disloyal Customer,36,Business travel,Eco,537,2,3,2,3,5,2,5,5,2,1,3,2,4,5,21,21.0,neutral or dissatisfied
126100,Male,Loyal Customer,58,Business travel,Business,328,4,4,4,4,4,5,4,4,4,4,4,3,4,3,0,0.0,satisfied
22951,Male,Loyal Customer,32,Business travel,Business,817,5,5,5,5,5,5,5,5,4,4,1,4,4,5,0,0.0,satisfied
65589,Female,Loyal Customer,49,Business travel,Eco,175,2,5,5,5,1,4,4,2,2,2,2,2,2,1,0,2.0,neutral or dissatisfied
52717,Female,Loyal Customer,46,Personal Travel,Eco Plus,1162,3,3,3,3,5,4,4,1,1,3,1,3,1,1,24,17.0,neutral or dissatisfied
7658,Female,disloyal Customer,26,Business travel,Business,604,0,0,0,3,5,0,1,5,3,5,4,5,4,5,0,0.0,satisfied
100779,Female,Loyal Customer,51,Personal Travel,Eco,1411,4,3,4,3,2,3,3,4,4,4,5,4,4,3,0,0.0,satisfied
83872,Female,Loyal Customer,55,Business travel,Business,1670,5,5,5,5,2,5,4,4,4,4,4,3,4,4,0,0.0,satisfied
117645,Female,Loyal Customer,54,Business travel,Business,872,4,4,4,4,5,5,4,4,4,4,4,4,4,4,0,0.0,satisfied
10604,Female,Loyal Customer,41,Business travel,Eco,158,1,5,5,5,1,1,1,1,2,4,3,2,3,1,0,0.0,neutral or dissatisfied
46276,Female,Loyal Customer,63,Personal Travel,Eco,594,2,5,2,3,1,4,1,3,3,2,3,5,3,2,0,3.0,neutral or dissatisfied
46663,Male,Loyal Customer,33,Business travel,Business,3320,1,1,1,1,5,5,3,5,3,5,2,3,2,5,0,0.0,satisfied
24955,Male,Loyal Customer,67,Personal Travel,Eco,1747,2,5,2,4,4,2,3,4,4,3,4,5,4,4,54,34.0,neutral or dissatisfied
48163,Female,disloyal Customer,26,Business travel,Eco,391,4,0,4,5,5,4,5,5,3,1,4,3,3,5,0,0.0,satisfied
44362,Male,Loyal Customer,54,Business travel,Business,2581,0,5,0,4,4,4,3,1,1,2,2,2,1,2,0,0.0,satisfied
62987,Female,Loyal Customer,36,Business travel,Business,967,2,2,1,2,4,4,4,5,5,5,5,3,5,4,7,0.0,satisfied
125307,Female,Loyal Customer,52,Personal Travel,Eco,678,1,5,1,3,2,5,1,3,3,1,3,2,3,3,0,0.0,neutral or dissatisfied
96677,Male,Loyal Customer,59,Business travel,Eco Plus,972,1,2,2,2,1,1,1,1,1,5,4,1,3,1,2,0.0,neutral or dissatisfied
101144,Male,Loyal Customer,55,Business travel,Eco,1235,2,4,4,4,2,2,2,2,4,2,3,4,3,2,0,0.0,neutral or dissatisfied
55388,Male,Loyal Customer,42,Personal Travel,Eco,413,2,4,2,4,2,2,2,2,3,5,4,5,5,2,0,40.0,neutral or dissatisfied
23654,Male,Loyal Customer,42,Business travel,Business,73,1,1,1,1,1,2,4,4,4,4,5,3,4,3,50,43.0,satisfied
96652,Male,Loyal Customer,32,Personal Travel,Eco,937,3,5,3,4,2,3,2,2,4,3,5,5,5,2,10,1.0,neutral or dissatisfied
103306,Female,disloyal Customer,20,Business travel,Eco,1139,4,4,4,1,3,4,3,3,5,3,5,4,5,3,0,0.0,satisfied
60261,Female,disloyal Customer,28,Business travel,Business,1546,2,2,2,3,2,2,2,2,5,4,4,3,4,2,0,1.0,neutral or dissatisfied
42762,Male,Loyal Customer,24,Business travel,Eco,493,2,1,5,1,2,2,1,2,3,3,3,2,4,2,19,15.0,neutral or dissatisfied
69773,Female,disloyal Customer,35,Business travel,Business,2454,1,1,1,1,1,1,2,4,4,3,4,2,3,2,14,0.0,neutral or dissatisfied
100893,Male,disloyal Customer,28,Business travel,Business,377,1,1,1,5,4,1,4,4,4,3,5,3,4,4,1,11.0,neutral or dissatisfied
39305,Male,Loyal Customer,42,Personal Travel,Eco,67,1,5,1,4,2,1,1,2,3,5,4,4,5,2,0,0.0,neutral or dissatisfied
71817,Male,Loyal Customer,46,Business travel,Business,1846,4,4,4,4,5,5,4,5,5,4,5,5,5,4,0,0.0,satisfied
40178,Female,Loyal Customer,48,Business travel,Business,1724,4,4,4,4,4,3,1,4,4,4,4,4,4,4,0,0.0,satisfied
124883,Female,Loyal Customer,19,Business travel,Business,3979,4,5,4,4,4,4,4,4,3,5,4,3,4,4,0,0.0,satisfied
54001,Female,Loyal Customer,44,Business travel,Eco Plus,325,4,4,4,4,5,1,2,4,4,4,4,4,4,3,22,0.0,satisfied
91663,Male,Loyal Customer,30,Business travel,Eco Plus,1312,3,4,4,4,3,3,3,3,1,1,4,1,3,3,0,0.0,neutral or dissatisfied
103820,Female,Loyal Customer,42,Business travel,Business,1242,1,1,1,1,5,5,5,4,4,4,4,5,4,4,37,42.0,satisfied
43932,Female,Loyal Customer,36,Business travel,Eco Plus,255,4,2,2,2,4,4,4,4,2,4,1,2,2,4,0,0.0,satisfied
116882,Female,Loyal Customer,53,Business travel,Business,647,4,4,4,4,4,5,5,3,3,3,3,3,3,4,21,8.0,satisfied
37328,Male,Loyal Customer,31,Business travel,Business,3920,5,5,5,5,5,5,5,5,3,3,4,1,3,5,2,0.0,satisfied
98164,Female,Loyal Customer,12,Personal Travel,Eco,562,3,4,3,1,2,3,2,2,2,4,1,1,2,2,0,0.0,neutral or dissatisfied
36884,Female,Loyal Customer,63,Personal Travel,Eco,1182,5,4,5,4,5,4,4,2,2,5,2,3,2,5,0,0.0,satisfied
13293,Female,Loyal Customer,38,Business travel,Eco Plus,657,2,1,1,1,2,2,2,2,1,5,4,4,4,2,0,0.0,neutral or dissatisfied
79014,Female,disloyal Customer,20,Business travel,Eco,226,3,5,3,4,3,3,3,3,4,2,4,3,4,3,2,0.0,neutral or dissatisfied
23109,Male,Loyal Customer,47,Business travel,Eco,223,3,2,4,2,2,3,2,2,2,5,3,5,3,2,0,0.0,satisfied
107014,Male,Loyal Customer,40,Personal Travel,Eco Plus,937,1,5,1,3,2,1,2,2,2,5,4,3,2,2,12,5.0,neutral or dissatisfied
103410,Female,disloyal Customer,56,Business travel,Eco,237,2,0,2,1,3,2,3,3,1,5,5,3,3,3,2,5.0,neutral or dissatisfied
74557,Male,Loyal Customer,35,Business travel,Eco,1171,4,3,3,3,4,4,4,4,4,4,2,3,2,4,0,0.0,neutral or dissatisfied
72660,Male,Loyal Customer,57,Personal Travel,Eco,1119,2,1,2,4,2,2,2,2,3,3,3,2,3,2,17,5.0,neutral or dissatisfied
18883,Female,Loyal Customer,36,Business travel,Business,2411,1,4,2,4,5,3,3,1,1,1,1,1,1,1,0,0.0,neutral or dissatisfied
55694,Female,Loyal Customer,57,Business travel,Business,2924,1,1,1,1,3,5,4,5,5,4,5,4,5,4,0,0.0,satisfied
87543,Female,disloyal Customer,27,Business travel,Eco,782,3,3,3,3,5,3,4,5,2,5,4,1,3,5,0,0.0,neutral or dissatisfied
4082,Male,disloyal Customer,38,Business travel,Business,544,5,5,5,1,2,5,2,2,5,3,4,5,5,2,0,0.0,satisfied
74207,Male,Loyal Customer,41,Business travel,Eco Plus,641,2,3,3,3,2,2,2,2,4,4,4,1,3,2,32,22.0,neutral or dissatisfied
34192,Male,Loyal Customer,62,Personal Travel,Eco,1189,2,4,2,3,2,2,2,2,4,2,3,4,4,2,0,0.0,neutral or dissatisfied
35456,Female,Loyal Customer,14,Personal Travel,Eco,1097,1,2,1,4,4,1,2,4,4,1,3,3,4,4,47,62.0,neutral or dissatisfied
52634,Female,Loyal Customer,35,Business travel,Eco,160,5,2,2,2,5,5,5,5,2,1,5,4,4,5,0,0.0,satisfied
84920,Male,Loyal Customer,57,Personal Travel,Eco,481,2,5,3,3,4,3,4,4,1,1,5,4,1,4,0,0.0,neutral or dissatisfied
129086,Male,Loyal Customer,30,Business travel,Business,2342,2,1,1,1,2,2,2,2,1,2,4,4,3,2,0,0.0,neutral or dissatisfied
31411,Male,disloyal Customer,22,Business travel,Eco,1387,1,1,1,2,1,1,1,1,4,2,3,4,4,1,18,0.0,neutral or dissatisfied
82422,Female,Loyal Customer,28,Business travel,Business,502,4,4,4,4,4,4,4,4,5,5,5,5,5,4,0,1.0,satisfied
81402,Male,Loyal Customer,35,Business travel,Business,3401,4,4,1,4,5,4,5,4,4,4,4,4,4,5,0,0.0,satisfied
37523,Female,Loyal Customer,35,Business travel,Eco,1076,2,5,5,5,2,2,2,2,3,3,2,1,3,2,0,0.0,neutral or dissatisfied
7756,Female,Loyal Customer,16,Personal Travel,Eco,1013,0,2,0,3,3,0,3,3,1,3,3,4,2,3,0,0.0,satisfied
116746,Male,Loyal Customer,13,Personal Travel,Eco Plus,373,2,2,2,4,3,2,5,3,4,1,3,1,3,3,0,0.0,neutral or dissatisfied
93318,Female,Loyal Customer,41,Business travel,Business,287,3,3,3,3,2,5,4,4,4,4,4,5,4,3,21,13.0,satisfied
26670,Female,Loyal Customer,66,Personal Travel,Eco,581,5,4,5,1,4,4,4,5,5,5,5,4,5,4,0,0.0,satisfied
58308,Male,Loyal Customer,26,Business travel,Business,1739,3,3,3,3,4,4,4,4,4,4,5,3,4,4,8,15.0,satisfied
57765,Male,disloyal Customer,39,Business travel,Business,2704,2,2,2,4,2,5,5,4,5,4,5,5,3,5,0,0.0,neutral or dissatisfied
90565,Female,disloyal Customer,22,Business travel,Business,404,5,0,5,5,2,5,3,2,4,3,4,4,4,2,0,6.0,satisfied
108372,Male,Loyal Customer,14,Personal Travel,Eco,1855,4,5,3,4,3,3,3,3,1,2,1,3,2,3,80,64.0,neutral or dissatisfied
91554,Female,Loyal Customer,55,Personal Travel,Eco,680,2,4,2,2,5,2,1,2,2,2,2,2,2,4,0,0.0,neutral or dissatisfied
39309,Male,Loyal Customer,28,Personal Travel,Eco,268,2,0,2,4,4,2,4,4,4,3,4,4,5,4,0,0.0,neutral or dissatisfied
26738,Female,Loyal Customer,21,Personal Travel,Eco Plus,404,2,4,2,1,5,2,3,5,5,3,5,3,4,5,24,16.0,neutral or dissatisfied
89954,Male,Loyal Customer,38,Personal Travel,Eco,1416,3,5,3,1,3,3,3,3,4,5,5,3,4,3,0,3.0,neutral or dissatisfied
106292,Female,Loyal Customer,27,Personal Travel,Eco Plus,689,4,5,4,3,5,4,4,5,1,4,2,4,5,5,0,5.0,neutral or dissatisfied
30908,Male,Loyal Customer,34,Business travel,Business,826,3,3,3,3,5,3,4,2,2,2,2,1,2,5,65,74.0,satisfied
121315,Male,Loyal Customer,28,Personal Travel,Eco,1009,3,4,3,2,2,3,2,2,3,1,2,5,1,2,0,0.0,neutral or dissatisfied
71684,Male,Loyal Customer,51,Personal Travel,Eco,1120,1,5,1,3,3,1,3,3,5,5,4,5,5,3,1,0.0,neutral or dissatisfied
4885,Female,Loyal Customer,11,Personal Travel,Eco,500,0,5,0,2,5,0,5,5,5,2,4,3,5,5,0,0.0,satisfied
118237,Female,disloyal Customer,48,Business travel,Eco,1319,2,2,2,3,5,2,5,5,1,2,4,4,4,5,80,57.0,neutral or dissatisfied
119167,Male,Loyal Customer,44,Business travel,Business,257,5,5,5,5,4,5,4,5,5,5,5,5,5,5,0,0.0,satisfied
92198,Male,Loyal Customer,36,Business travel,Eco,1979,3,1,1,1,3,3,3,3,1,1,3,3,4,3,22,0.0,neutral or dissatisfied
110520,Male,Loyal Customer,22,Business travel,Business,551,2,2,2,2,5,5,5,5,4,2,4,4,5,5,6,0.0,satisfied
125706,Male,Loyal Customer,36,Personal Travel,Eco,857,3,5,3,1,4,3,4,4,3,4,4,5,5,4,23,11.0,neutral or dissatisfied
120814,Male,Loyal Customer,44,Business travel,Eco,266,2,4,4,4,2,2,2,2,1,1,1,1,5,2,0,0.0,satisfied
53593,Male,Loyal Customer,10,Personal Travel,Eco,599,4,3,4,3,5,4,1,5,4,4,4,3,4,5,0,0.0,neutral or dissatisfied
88110,Female,Loyal Customer,49,Business travel,Business,271,0,0,0,4,5,5,4,1,1,1,1,5,1,5,44,42.0,satisfied
5406,Male,Loyal Customer,53,Personal Travel,Eco,812,2,5,2,3,2,2,3,2,4,4,2,5,2,2,10,0.0,neutral or dissatisfied
79188,Female,Loyal Customer,40,Business travel,Business,1990,4,4,4,4,3,4,5,4,4,4,4,3,4,3,0,0.0,satisfied
61828,Female,Loyal Customer,17,Personal Travel,Eco,1379,1,1,1,3,1,1,1,1,3,2,3,4,3,1,11,0.0,neutral or dissatisfied
125714,Male,Loyal Customer,55,Personal Travel,Eco,759,5,5,5,5,2,5,2,2,5,2,4,4,5,2,0,0.0,satisfied
85192,Male,disloyal Customer,21,Business travel,Eco,696,1,1,1,4,4,1,4,4,5,5,4,3,5,4,0,0.0,neutral or dissatisfied
60423,Male,Loyal Customer,40,Business travel,Business,794,3,3,3,3,2,4,4,3,3,4,3,3,3,3,0,0.0,satisfied
37873,Female,Loyal Customer,50,Business travel,Eco,1065,2,4,4,4,4,2,2,3,3,2,3,3,3,2,3,0.0,neutral or dissatisfied
79777,Female,disloyal Customer,25,Business travel,Business,550,4,5,4,4,3,4,3,3,5,3,4,5,5,3,18,0.0,satisfied
19076,Male,Loyal Customer,40,Personal Travel,Eco,569,1,5,1,3,4,1,1,4,3,2,1,5,2,4,0,0.0,neutral or dissatisfied
25410,Female,Loyal Customer,41,Personal Travel,Eco,990,2,5,2,4,2,2,2,2,3,4,4,4,4,2,0,0.0,neutral or dissatisfied
52763,Male,Loyal Customer,46,Business travel,Eco,1874,5,4,4,4,5,5,5,5,5,2,4,1,4,5,0,0.0,satisfied
52689,Male,disloyal Customer,21,Business travel,Eco,119,5,0,5,1,4,5,4,4,5,3,2,4,4,4,0,0.0,satisfied
128806,Male,Loyal Customer,42,Business travel,Business,2586,4,4,4,4,2,2,2,5,4,3,5,2,4,2,0,0.0,satisfied
68063,Female,Loyal Customer,25,Business travel,Business,813,4,4,3,4,4,4,4,4,4,3,4,5,4,4,4,0.0,satisfied
23708,Male,Loyal Customer,11,Personal Travel,Eco,251,1,4,0,3,3,0,3,3,3,4,5,3,5,3,24,17.0,neutral or dissatisfied
30085,Male,Loyal Customer,34,Personal Travel,Eco,1192,2,5,2,4,5,2,5,5,4,5,4,4,5,5,0,0.0,neutral or dissatisfied
84668,Female,Loyal Customer,49,Business travel,Business,2182,3,5,3,3,4,4,5,4,4,4,4,5,4,4,7,0.0,satisfied
77510,Female,Loyal Customer,55,Business travel,Business,1587,1,1,1,1,3,4,4,5,5,5,5,4,5,4,0,0.0,satisfied
109603,Male,Loyal Customer,34,Business travel,Business,861,5,5,5,5,4,4,4,4,4,4,4,3,4,4,0,0.0,satisfied
33286,Female,Loyal Customer,62,Personal Travel,Eco Plus,102,2,5,2,3,1,3,4,3,3,2,5,5,3,5,0,0.0,neutral or dissatisfied
24832,Male,Loyal Customer,58,Business travel,Business,2212,1,1,1,1,3,2,2,4,4,4,4,5,4,2,0,0.0,satisfied
93174,Male,Loyal Customer,63,Personal Travel,Eco,1066,3,4,3,1,4,3,4,4,5,3,4,4,4,4,20,30.0,neutral or dissatisfied
21667,Male,Loyal Customer,49,Business travel,Business,746,3,3,3,3,2,3,2,4,4,4,4,3,4,1,76,72.0,satisfied
26253,Male,Loyal Customer,50,Business travel,Eco Plus,404,4,4,4,4,4,4,4,4,4,1,4,4,3,4,0,0.0,satisfied
68003,Female,Loyal Customer,42,Business travel,Business,304,1,1,1,1,3,4,5,4,4,4,4,4,4,5,0,0.0,satisfied
95991,Female,Loyal Customer,40,Business travel,Business,795,2,2,5,2,5,4,5,2,2,2,2,3,2,5,63,83.0,satisfied
15121,Male,Loyal Customer,40,Business travel,Business,1042,4,2,2,2,4,4,4,4,4,4,4,1,4,2,0,0.0,neutral or dissatisfied
44148,Female,Loyal Customer,33,Personal Travel,Eco,198,1,1,1,3,2,1,2,2,1,3,4,3,4,2,0,1.0,neutral or dissatisfied
89285,Male,Loyal Customer,21,Business travel,Business,3586,5,5,5,5,5,5,5,5,3,4,5,4,4,5,0,0.0,satisfied
29800,Female,disloyal Customer,25,Business travel,Eco,627,1,0,1,3,4,1,4,4,2,2,4,4,4,4,0,5.0,neutral or dissatisfied
8087,Male,Loyal Customer,50,Business travel,Business,3638,5,5,5,5,3,5,4,4,4,4,4,5,4,4,39,40.0,satisfied
50913,Female,Loyal Customer,64,Personal Travel,Eco,262,2,1,0,3,1,4,3,2,2,0,4,3,2,1,0,0.0,neutral or dissatisfied
97755,Male,Loyal Customer,60,Personal Travel,Eco,787,2,4,2,3,2,2,2,4,2,4,4,2,3,2,116,145.0,neutral or dissatisfied
56062,Male,Loyal Customer,24,Personal Travel,Eco,2475,2,2,2,3,2,2,2,1,2,4,4,2,2,2,9,0.0,neutral or dissatisfied
101486,Male,Loyal Customer,40,Business travel,Business,1899,0,0,0,4,5,4,4,5,5,5,5,4,5,5,2,0.0,satisfied
64794,Male,disloyal Customer,24,Business travel,Eco,190,2,4,2,2,5,2,5,5,5,4,5,5,4,5,40,34.0,neutral or dissatisfied
73998,Female,Loyal Customer,57,Business travel,Business,1972,1,5,5,5,1,4,3,1,1,1,1,2,1,4,10,0.0,neutral or dissatisfied
74323,Male,Loyal Customer,29,Business travel,Business,3692,2,2,2,2,5,5,5,4,4,5,4,5,5,5,235,228.0,satisfied
48083,Male,Loyal Customer,53,Business travel,Eco,236,5,3,3,3,5,5,5,5,1,5,2,3,2,5,8,11.0,satisfied
93094,Male,disloyal Customer,37,Business travel,Business,641,2,2,2,3,4,2,4,4,3,1,3,1,3,4,0,0.0,neutral or dissatisfied
128577,Female,Loyal Customer,54,Business travel,Business,2552,2,2,2,2,5,4,4,3,2,5,5,4,3,4,0,0.0,satisfied
6863,Female,disloyal Customer,45,Business travel,Business,622,4,4,4,3,3,4,3,3,4,5,4,5,4,3,2,0.0,satisfied
104155,Male,Loyal Customer,59,Business travel,Business,2909,1,1,1,1,2,4,5,4,4,4,4,3,4,4,0,0.0,satisfied
43838,Male,Loyal Customer,50,Business travel,Business,114,3,3,3,3,4,2,2,5,5,5,3,4,5,4,0,4.0,satisfied
59373,Female,Loyal Customer,30,Business travel,Business,2399,4,4,4,4,4,4,4,4,1,3,3,4,3,4,0,0.0,neutral or dissatisfied
60913,Female,Loyal Customer,44,Business travel,Business,888,3,3,2,3,2,5,4,2,2,2,2,3,2,5,18,14.0,satisfied
31776,Male,Loyal Customer,11,Personal Travel,Eco,602,1,5,1,1,5,1,5,5,3,5,4,3,5,5,0,3.0,neutral or dissatisfied
66854,Male,Loyal Customer,62,Personal Travel,Eco,731,3,2,3,3,3,3,3,3,1,1,3,1,3,3,14,10.0,neutral or dissatisfied
47263,Female,Loyal Customer,37,Personal Travel,Business,588,2,5,2,5,2,3,3,4,3,5,5,3,5,3,154,140.0,neutral or dissatisfied
23024,Male,disloyal Customer,23,Business travel,Eco,1025,5,5,5,2,1,5,1,1,2,5,1,2,1,1,0,0.0,satisfied
7590,Male,Loyal Customer,53,Personal Travel,Eco,594,3,3,3,3,3,3,1,3,1,5,3,1,5,3,0,0.0,neutral or dissatisfied
122521,Male,Loyal Customer,41,Business travel,Business,3520,5,5,4,5,3,5,4,3,3,3,3,4,3,5,86,84.0,satisfied
108935,Female,Loyal Customer,25,Personal Travel,Eco,1066,2,4,2,1,5,2,5,5,3,4,5,4,5,5,0,0.0,neutral or dissatisfied
43744,Male,disloyal Customer,26,Business travel,Business,546,4,4,4,5,2,4,2,2,4,3,4,3,5,2,2,50.0,satisfied
42225,Male,Loyal Customer,48,Business travel,Business,817,4,4,4,4,4,4,4,5,3,4,2,4,4,4,136,139.0,satisfied
537,Male,disloyal Customer,23,Business travel,Eco,134,4,4,4,4,4,4,4,4,5,3,4,5,4,4,0,0.0,satisfied
108875,Female,Loyal Customer,41,Business travel,Eco,1587,1,3,3,3,1,1,1,1,3,2,2,1,4,1,0,0.0,neutral or dissatisfied
59219,Male,Loyal Customer,63,Personal Travel,Eco,1440,3,4,3,1,2,3,2,2,3,2,5,4,4,2,0,0.0,neutral or dissatisfied
120594,Male,Loyal Customer,41,Personal Travel,Eco,980,3,2,4,4,5,4,5,5,1,2,4,4,4,5,0,0.0,neutral or dissatisfied
34502,Male,Loyal Customer,49,Business travel,Business,1521,3,4,3,4,3,3,3,3,3,3,3,1,3,4,33,12.0,neutral or dissatisfied
54787,Male,Loyal Customer,59,Business travel,Business,1570,2,1,5,1,4,4,3,2,2,2,2,2,2,3,0,0.0,neutral or dissatisfied
31997,Male,Loyal Customer,22,Personal Travel,Business,216,3,4,0,1,3,0,5,3,3,2,1,1,2,3,0,4.0,neutral or dissatisfied
28342,Male,Loyal Customer,65,Business travel,Eco,467,2,4,4,4,2,2,2,2,1,3,4,1,4,2,1,0.0,neutral or dissatisfied
98294,Female,Loyal Customer,7,Personal Travel,Eco,1072,3,5,3,2,5,3,5,5,3,5,5,3,4,5,5,28.0,neutral or dissatisfied
93401,Male,Loyal Customer,49,Business travel,Business,723,3,3,3,3,5,4,5,5,5,5,5,3,5,5,17,22.0,satisfied
84108,Female,Loyal Customer,61,Business travel,Business,1900,2,2,2,2,2,5,4,4,4,4,4,3,4,4,74,55.0,satisfied
47757,Female,Loyal Customer,36,Business travel,Eco,329,2,3,3,3,2,2,2,2,2,1,5,4,1,2,0,,satisfied
99070,Female,Loyal Customer,60,Business travel,Business,181,2,2,2,2,4,4,5,5,5,5,4,4,5,4,70,77.0,satisfied
31108,Male,Loyal Customer,35,Business travel,Eco,483,1,4,2,4,1,1,1,1,2,3,3,4,4,1,0,0.0,neutral or dissatisfied
77723,Male,Loyal Customer,39,Business travel,Business,813,2,2,2,2,3,3,3,2,2,2,2,1,2,2,4,0.0,neutral or dissatisfied
57415,Female,Loyal Customer,59,Business travel,Business,3887,4,4,4,4,3,1,1,4,4,4,4,5,4,5,0,0.0,satisfied
62101,Male,Loyal Customer,23,Personal Travel,Business,2454,3,4,3,3,4,3,4,4,5,5,2,4,1,4,0,0.0,neutral or dissatisfied
55234,Female,disloyal Customer,28,Business travel,Eco,1009,2,2,2,3,4,2,4,4,2,1,3,2,4,4,15,2.0,neutral or dissatisfied
74179,Male,Loyal Customer,8,Personal Travel,Eco,641,2,5,3,4,4,3,4,4,4,2,4,4,4,4,0,0.0,neutral or dissatisfied
38988,Female,Loyal Customer,42,Business travel,Business,313,5,5,5,5,3,4,5,4,4,4,4,5,4,1,34,36.0,satisfied
1585,Male,disloyal Customer,36,Business travel,Business,140,1,1,1,3,5,1,5,5,4,3,3,2,4,5,4,11.0,neutral or dissatisfied
37856,Male,disloyal Customer,32,Business travel,Eco,937,3,3,3,5,5,3,5,5,4,3,4,4,2,5,0,0.0,neutral or dissatisfied
90195,Male,Loyal Customer,20,Personal Travel,Eco,983,2,4,2,2,5,2,5,5,4,4,5,4,5,5,0,0.0,neutral or dissatisfied
60697,Female,Loyal Customer,55,Business travel,Business,1725,5,5,5,5,3,4,4,5,5,5,5,5,5,5,0,0.0,satisfied
100976,Male,Loyal Customer,40,Business travel,Business,1524,1,1,5,1,4,5,5,4,4,4,4,5,4,4,13,26.0,satisfied
26772,Male,Loyal Customer,37,Business travel,Business,1199,1,1,1,1,3,4,2,5,5,4,5,5,5,3,0,0.0,satisfied
74795,Female,Loyal Customer,60,Business travel,Business,1464,1,2,1,1,5,5,5,4,4,4,4,3,4,4,0,7.0,satisfied
97395,Female,disloyal Customer,21,Business travel,Business,347,5,5,5,5,2,5,2,2,1,4,3,2,5,2,0,0.0,satisfied
97274,Female,Loyal Customer,38,Personal Travel,Eco Plus,296,2,2,2,3,5,2,5,5,2,2,2,2,2,5,24,15.0,neutral or dissatisfied
36544,Female,disloyal Customer,25,Business travel,Eco,1249,3,4,4,3,1,4,1,1,1,2,5,4,1,1,39,31.0,neutral or dissatisfied
17371,Female,Loyal Customer,22,Business travel,Business,1817,2,2,2,2,5,5,5,5,1,5,5,1,4,5,0,0.0,satisfied
39482,Female,Loyal Customer,39,Business travel,Eco,867,3,3,3,3,3,3,3,3,2,5,3,3,3,3,40,32.0,neutral or dissatisfied
88149,Male,Loyal Customer,56,Business travel,Business,3207,3,3,3,3,4,5,4,5,5,5,5,3,5,3,14,15.0,satisfied
65742,Female,disloyal Customer,16,Business travel,Eco,1061,1,1,1,3,2,1,1,2,4,1,4,1,3,2,27,19.0,neutral or dissatisfied
124542,Male,Loyal Customer,7,Personal Travel,Eco,1276,1,5,1,1,1,1,1,1,5,3,4,5,5,1,0,2.0,neutral or dissatisfied
47672,Female,Loyal Customer,30,Personal Travel,Eco,1334,2,5,2,4,5,2,5,5,5,5,4,3,5,5,0,0.0,neutral or dissatisfied
111481,Female,Loyal Customer,45,Business travel,Business,1452,5,5,5,5,2,4,5,2,2,2,2,5,2,4,90,92.0,satisfied
101691,Male,Loyal Customer,30,Business travel,Business,1500,5,5,5,5,4,4,4,4,5,2,4,5,5,4,10,0.0,satisfied
99010,Female,Loyal Customer,54,Business travel,Eco Plus,479,2,5,5,5,3,3,3,2,2,2,2,4,2,3,1,0.0,satisfied
19964,Female,Loyal Customer,17,Personal Travel,Business,557,2,4,2,3,3,2,3,3,2,2,4,2,4,3,36,23.0,neutral or dissatisfied
117939,Male,disloyal Customer,36,Business travel,Eco,255,2,1,3,4,4,3,4,4,4,4,3,1,3,4,0,0.0,neutral or dissatisfied
109031,Female,Loyal Customer,22,Business travel,Business,3934,2,2,2,2,5,5,5,5,5,2,5,4,4,5,8,4.0,satisfied
112315,Male,Loyal Customer,33,Business travel,Business,3305,3,3,3,3,2,2,2,2,5,2,5,5,4,2,91,86.0,satisfied
73452,Female,Loyal Customer,9,Personal Travel,Eco,1197,3,4,3,3,5,3,2,5,1,5,4,4,3,5,0,0.0,neutral or dissatisfied
107711,Female,Loyal Customer,43,Business travel,Eco,466,3,5,5,5,3,3,3,2,4,4,4,3,2,3,164,166.0,neutral or dissatisfied
82525,Female,Loyal Customer,7,Personal Travel,Eco,1749,2,2,2,4,2,2,2,2,3,4,4,1,3,2,60,35.0,neutral or dissatisfied
46819,Male,Loyal Customer,38,Business travel,Eco,959,4,2,4,2,4,4,4,4,1,3,2,1,5,4,0,0.0,satisfied
1339,Male,Loyal Customer,59,Business travel,Business,1959,0,4,0,1,4,5,4,2,2,2,2,3,2,4,0,0.0,satisfied
126505,Male,Loyal Customer,60,Personal Travel,Eco,1788,2,4,2,2,2,2,2,2,3,3,4,5,4,2,0,0.0,neutral or dissatisfied
79954,Female,Loyal Customer,23,Business travel,Business,1089,1,1,1,1,4,4,4,4,4,5,4,3,4,4,0,0.0,satisfied
31799,Female,Loyal Customer,39,Personal Travel,Eco,2677,3,1,3,3,3,2,1,3,3,4,3,1,3,1,0,0.0,neutral or dissatisfied
6877,Female,disloyal Customer,23,Business travel,Eco,622,1,4,1,3,5,1,1,5,5,4,4,4,4,5,20,72.0,neutral or dissatisfied
7385,Female,Loyal Customer,35,Business travel,Business,3485,3,3,5,3,5,5,5,4,4,4,4,4,4,3,11,14.0,satisfied
2162,Female,Loyal Customer,59,Business travel,Business,3647,5,5,1,5,5,4,4,4,4,4,4,5,4,4,22,15.0,satisfied
53668,Female,Loyal Customer,22,Business travel,Business,3459,3,3,3,3,4,4,4,4,4,3,4,4,1,4,13,10.0,satisfied
24900,Male,disloyal Customer,36,Business travel,Business,762,3,3,3,1,5,3,5,5,3,2,5,4,4,5,0,0.0,neutral or dissatisfied
76934,Female,Loyal Customer,26,Personal Travel,Eco,1823,2,4,2,1,5,2,5,5,5,3,5,5,4,5,0,0.0,neutral or dissatisfied
71848,Male,Loyal Customer,30,Business travel,Business,1652,3,1,1,1,3,2,3,3,1,3,2,2,3,3,1,0.0,neutral or dissatisfied
93935,Male,Loyal Customer,25,Business travel,Eco,507,3,3,3,3,3,3,1,3,4,1,3,3,2,3,96,83.0,neutral or dissatisfied
27351,Male,Loyal Customer,47,Business travel,Eco,954,4,3,4,3,4,4,4,4,4,3,3,3,5,4,8,2.0,satisfied
31686,Female,Loyal Customer,40,Business travel,Business,2862,1,4,4,4,3,2,1,1,1,1,1,4,1,3,0,12.0,neutral or dissatisfied
56076,Male,Loyal Customer,48,Personal Travel,Eco,2586,3,3,3,3,3,5,5,2,3,3,4,5,2,5,12,0.0,neutral or dissatisfied
12753,Male,Loyal Customer,44,Personal Travel,Eco,803,3,4,3,5,2,3,2,2,2,3,2,2,4,2,0,0.0,neutral or dissatisfied
87110,Female,Loyal Customer,50,Personal Travel,Eco,594,3,2,3,3,5,3,3,2,2,3,1,1,2,3,67,50.0,neutral or dissatisfied
43095,Female,Loyal Customer,11,Personal Travel,Eco,259,3,4,3,3,4,3,4,4,4,2,3,4,4,4,0,4.0,neutral or dissatisfied
17539,Female,Loyal Customer,57,Personal Travel,Eco,297,2,4,2,2,4,4,4,1,1,2,1,5,1,5,0,0.0,neutral or dissatisfied
105933,Female,Loyal Customer,30,Business travel,Business,1491,1,3,3,3,1,1,1,1,1,2,3,1,4,1,63,58.0,neutral or dissatisfied
127210,Female,disloyal Customer,37,Business travel,Eco Plus,246,4,4,4,3,2,4,2,2,3,1,3,4,3,2,23,18.0,neutral or dissatisfied
56809,Male,Loyal Customer,53,Business travel,Business,1605,5,5,5,5,2,4,4,4,4,4,4,5,4,4,53,58.0,satisfied
33678,Male,Loyal Customer,34,Business travel,Business,759,5,5,5,5,5,1,4,5,5,5,5,2,5,1,5,20.0,satisfied
92456,Female,disloyal Customer,34,Business travel,Business,2139,3,3,3,1,3,3,3,3,5,2,4,3,4,3,0,0.0,neutral or dissatisfied
63213,Male,disloyal Customer,32,Business travel,Business,337,3,2,2,2,5,2,5,5,4,4,4,3,5,5,12,2.0,neutral or dissatisfied
34857,Male,Loyal Customer,70,Personal Travel,Eco,1826,3,4,3,1,4,3,4,4,5,5,5,5,5,4,0,0.0,neutral or dissatisfied
121094,Female,Loyal Customer,46,Business travel,Business,1158,4,4,4,4,1,4,3,4,4,4,4,4,4,3,0,0.0,satisfied
33762,Female,Loyal Customer,16,Personal Travel,Eco,266,3,3,3,2,2,3,2,2,4,5,5,1,4,2,0,0.0,neutral or dissatisfied
62543,Female,Loyal Customer,40,Business travel,Business,1723,5,5,5,5,5,4,5,2,2,2,2,3,2,4,18,0.0,satisfied
81699,Male,Loyal Customer,28,Personal Travel,Eco,907,3,4,3,5,5,3,5,5,4,4,4,4,4,5,3,0.0,neutral or dissatisfied
52920,Female,Loyal Customer,49,Business travel,Business,1861,2,4,4,4,5,3,3,2,2,3,2,2,2,2,36,19.0,neutral or dissatisfied
106478,Male,Loyal Customer,42,Business travel,Business,1624,2,2,2,2,2,4,4,5,5,5,5,5,5,4,0,0.0,satisfied
51372,Male,Loyal Customer,48,Personal Travel,Eco Plus,266,2,0,2,4,2,2,1,2,1,2,3,4,3,2,0,0.0,neutral or dissatisfied
45803,Male,Loyal Customer,33,Business travel,Business,2670,1,3,3,3,1,1,1,1,4,2,3,2,3,1,26,18.0,neutral or dissatisfied
73896,Male,disloyal Customer,23,Business travel,Eco,809,2,2,2,4,4,2,1,4,4,3,4,3,4,4,0,0.0,neutral or dissatisfied
80503,Female,Loyal Customer,55,Business travel,Business,1749,2,5,5,5,5,3,4,2,2,2,2,3,2,1,2,0.0,neutral or dissatisfied
68497,Female,Loyal Customer,67,Personal Travel,Eco,1067,1,4,1,2,3,4,5,1,1,1,1,3,1,4,26,13.0,neutral or dissatisfied
41981,Female,Loyal Customer,38,Business travel,Eco Plus,618,5,5,5,5,5,5,5,5,5,2,4,4,2,5,0,0.0,satisfied
36753,Male,Loyal Customer,57,Business travel,Business,2611,1,1,1,1,5,5,5,5,3,5,1,5,5,5,1,0.0,satisfied
73960,Female,Loyal Customer,54,Personal Travel,Eco,2342,2,4,2,3,5,3,3,2,2,2,2,4,2,4,0,0.0,neutral or dissatisfied
126033,Male,Loyal Customer,39,Business travel,Business,2751,1,4,1,1,3,5,5,4,4,4,4,5,4,4,0,5.0,satisfied
51454,Female,Loyal Customer,65,Personal Travel,Eco Plus,158,1,2,1,3,2,3,3,1,1,1,1,4,1,4,3,27.0,neutral or dissatisfied
87937,Male,disloyal Customer,39,Business travel,Business,270,2,2,2,4,1,2,1,1,3,3,4,3,4,1,0,0.0,neutral or dissatisfied
83235,Female,Loyal Customer,51,Business travel,Business,1979,4,4,3,4,2,5,5,4,4,4,4,5,4,4,0,0.0,satisfied
58169,Female,disloyal Customer,27,Business travel,Business,925,4,4,4,2,5,4,5,5,5,5,5,3,4,5,19,32.0,satisfied
110002,Male,disloyal Customer,18,Business travel,Eco,1204,5,4,4,4,4,2,2,4,3,5,5,2,3,2,133,99.0,satisfied
360,Male,disloyal Customer,27,Business travel,Business,113,4,4,4,5,5,4,2,5,3,2,5,4,4,5,0,0.0,neutral or dissatisfied
90132,Male,disloyal Customer,25,Business travel,Eco,1127,5,5,5,2,3,5,3,3,4,3,5,5,4,3,0,0.0,satisfied
42006,Male,Loyal Customer,57,Business travel,Eco,116,3,4,3,4,3,3,3,3,2,4,3,3,4,3,52,50.0,neutral or dissatisfied
48246,Female,Loyal Customer,12,Personal Travel,Eco,391,1,5,1,1,4,1,4,4,5,5,5,3,5,4,24,21.0,neutral or dissatisfied
45458,Female,Loyal Customer,39,Business travel,Eco,587,4,2,2,2,4,4,4,4,3,3,4,3,3,4,0,0.0,satisfied
105778,Male,Loyal Customer,47,Personal Travel,Eco,842,3,5,3,4,1,3,1,1,5,2,5,4,4,1,0,12.0,neutral or dissatisfied
60076,Female,Loyal Customer,46,Business travel,Business,3532,2,2,2,2,2,5,5,3,3,3,3,4,3,4,72,78.0,satisfied
9291,Female,Loyal Customer,31,Personal Travel,Eco,1157,3,4,3,3,5,3,5,5,3,5,4,4,5,5,0,0.0,neutral or dissatisfied
2663,Female,Loyal Customer,53,Business travel,Business,539,5,5,5,5,3,4,5,4,4,4,4,5,4,5,0,0.0,satisfied
15320,Male,Loyal Customer,50,Business travel,Eco,599,1,3,3,3,1,1,1,1,3,3,4,4,4,1,4,16.0,neutral or dissatisfied
90060,Female,Loyal Customer,47,Business travel,Business,957,3,3,3,3,2,5,5,3,3,3,3,4,3,5,0,0.0,satisfied
53025,Male,Loyal Customer,53,Business travel,Business,1603,4,5,5,5,3,3,3,4,4,4,4,1,4,1,4,23.0,neutral or dissatisfied
79703,Female,Loyal Customer,66,Personal Travel,Eco,760,3,4,3,3,5,4,5,1,1,3,1,3,1,5,1,0.0,neutral or dissatisfied
116871,Male,disloyal Customer,20,Business travel,Business,370,5,4,5,3,1,5,1,1,3,5,4,4,4,1,23,7.0,satisfied
95867,Female,Loyal Customer,52,Business travel,Business,759,1,1,1,1,3,5,4,5,5,5,5,4,5,3,16,16.0,satisfied
124633,Male,Loyal Customer,7,Personal Travel,Eco,1671,2,1,2,3,2,2,1,2,4,4,3,4,4,2,0,7.0,neutral or dissatisfied
45200,Male,Loyal Customer,19,Personal Travel,Eco,1120,1,4,1,5,2,1,3,2,4,4,5,4,5,2,9,9.0,neutral or dissatisfied
25521,Female,Loyal Customer,60,Personal Travel,Eco,547,2,4,2,4,1,3,4,3,3,2,3,4,3,2,0,0.0,neutral or dissatisfied
59947,Female,Loyal Customer,52,Business travel,Eco,1068,2,5,5,5,3,4,3,2,2,2,2,1,2,2,0,0.0,neutral or dissatisfied
114140,Female,Loyal Customer,42,Business travel,Business,3275,5,5,5,5,4,4,5,4,4,4,4,3,4,3,0,0.0,satisfied
109109,Female,Loyal Customer,41,Business travel,Business,972,2,2,2,2,5,4,5,4,4,4,4,4,4,5,0,0.0,satisfied
62364,Male,disloyal Customer,25,Business travel,Business,2704,3,2,3,4,3,4,4,3,4,3,3,4,1,4,0,37.0,neutral or dissatisfied
106819,Male,Loyal Customer,48,Business travel,Business,1488,2,2,2,2,3,5,5,4,4,4,4,4,4,4,12,0.0,satisfied
60553,Male,Loyal Customer,43,Business travel,Business,1863,4,4,4,4,3,5,4,2,2,2,2,3,2,4,0,12.0,satisfied
67569,Male,Loyal Customer,56,Business travel,Business,2557,4,4,4,4,4,5,5,5,5,5,5,5,5,4,0,0.0,satisfied
56620,Female,disloyal Customer,25,Business travel,Business,937,3,4,3,4,5,3,5,5,5,5,5,3,5,5,0,0.0,neutral or dissatisfied
71681,Male,Loyal Customer,20,Personal Travel,Eco,1197,3,5,3,3,2,3,2,2,1,3,1,1,3,2,0,0.0,neutral or dissatisfied
122423,Female,disloyal Customer,24,Business travel,Eco,1916,4,4,4,3,4,4,3,4,3,5,3,2,3,4,16,18.0,neutral or dissatisfied
63624,Male,Loyal Customer,52,Business travel,Business,3279,1,5,5,5,5,4,4,1,1,1,1,1,1,1,0,0.0,neutral or dissatisfied
103390,Female,Loyal Customer,50,Business travel,Business,237,2,2,3,2,4,4,4,5,5,5,5,3,5,4,5,0.0,satisfied
102063,Male,Loyal Customer,34,Personal Travel,Business,223,3,5,3,4,3,4,4,2,2,3,2,4,2,4,14,9.0,neutral or dissatisfied
1739,Male,Loyal Customer,50,Personal Travel,Eco,364,1,4,1,4,1,1,1,1,5,5,4,4,4,1,0,0.0,neutral or dissatisfied
23323,Female,Loyal Customer,24,Business travel,Business,456,2,3,3,3,2,2,2,2,4,4,3,4,3,2,119,116.0,neutral or dissatisfied
25602,Female,Loyal Customer,26,Business travel,Eco Plus,874,4,5,5,5,4,4,4,4,5,3,3,2,5,4,0,0.0,satisfied
49252,Female,disloyal Customer,47,Business travel,Eco,78,4,5,4,2,4,4,4,4,4,5,4,2,3,4,4,0.0,neutral or dissatisfied
91526,Male,Loyal Customer,52,Business travel,Business,3382,4,4,4,4,4,4,5,5,5,5,5,3,5,5,18,36.0,satisfied
72949,Female,Loyal Customer,50,Business travel,Eco,1096,4,4,4,4,1,4,4,4,4,4,4,2,4,1,0,0.0,neutral or dissatisfied
91367,Male,Loyal Customer,61,Personal Travel,Eco Plus,404,3,2,3,3,4,3,4,4,3,2,4,3,4,4,0,0.0,neutral or dissatisfied
128982,Male,Loyal Customer,67,Personal Travel,Eco,236,4,4,4,3,2,4,2,2,3,5,5,5,4,2,0,0.0,neutral or dissatisfied
128960,Female,disloyal Customer,41,Business travel,Business,414,3,3,3,1,5,5,5,5,2,5,2,5,3,5,0,0.0,neutral or dissatisfied
22272,Male,Loyal Customer,51,Business travel,Eco,145,4,5,2,5,4,4,4,4,1,4,1,3,4,4,122,116.0,satisfied
23875,Female,Loyal Customer,57,Business travel,Business,589,2,2,2,2,3,4,5,5,5,5,5,4,5,4,0,0.0,satisfied
65488,Male,Loyal Customer,33,Personal Travel,Eco,1303,1,5,1,4,2,1,2,2,4,4,4,4,4,2,26,6.0,neutral or dissatisfied
84494,Male,Loyal Customer,47,Business travel,Business,2994,2,2,2,2,2,2,2,5,5,4,4,2,4,2,0,0.0,satisfied
30508,Female,Loyal Customer,33,Business travel,Business,1620,4,5,5,5,3,4,4,1,5,4,4,4,4,4,134,145.0,neutral or dissatisfied
11316,Male,Loyal Customer,8,Personal Travel,Eco,216,0,5,0,3,1,0,1,1,5,2,4,5,4,1,0,0.0,satisfied
15486,Male,Loyal Customer,38,Personal Travel,Eco,399,4,4,3,1,5,3,5,5,4,5,5,3,4,5,0,0.0,neutral or dissatisfied
23820,Female,Loyal Customer,36,Personal Travel,Eco,374,2,4,2,3,5,2,5,5,3,2,5,3,3,5,0,16.0,neutral or dissatisfied
48417,Male,Loyal Customer,55,Business travel,Business,819,3,3,3,3,1,4,5,4,4,4,4,1,4,1,0,0.0,satisfied
30158,Male,Loyal Customer,22,Personal Travel,Eco,234,2,5,0,1,4,0,4,4,3,4,5,3,5,4,0,0.0,neutral or dissatisfied
50591,Male,Loyal Customer,21,Personal Travel,Eco,156,3,2,3,4,3,3,3,3,1,5,4,1,4,3,0,0.0,neutral or dissatisfied
24339,Male,Loyal Customer,24,Business travel,Business,634,5,5,5,5,4,4,4,4,3,1,3,4,1,4,0,3.0,satisfied
48959,Female,disloyal Customer,29,Business travel,Eco,190,3,4,3,2,4,3,3,4,4,3,2,4,4,4,0,0.0,neutral or dissatisfied
76,Male,disloyal Customer,55,Business travel,Eco,108,5,0,4,5,4,4,5,4,5,2,5,4,2,4,0,0.0,satisfied
106373,Female,disloyal Customer,28,Business travel,Business,674,4,4,4,3,1,4,1,1,5,5,5,3,5,1,6,15.0,satisfied
38426,Male,Loyal Customer,39,Personal Travel,Eco,965,1,4,1,4,3,1,3,3,3,1,3,3,3,3,0,0.0,neutral or dissatisfied
5542,Female,Loyal Customer,44,Personal Travel,Eco,431,3,2,3,3,5,3,2,3,3,3,3,3,3,3,0,0.0,neutral or dissatisfied
34007,Male,Loyal Customer,62,Business travel,Business,998,5,5,5,5,5,3,2,5,5,5,5,1,5,2,10,0.0,satisfied
112829,Female,Loyal Customer,26,Business travel,Business,1164,2,2,1,2,5,5,5,5,4,3,4,5,5,5,0,0.0,satisfied
44189,Male,Loyal Customer,48,Business travel,Eco,157,5,5,4,5,5,5,5,5,4,1,4,1,5,5,0,0.0,satisfied
123184,Male,Loyal Customer,7,Personal Travel,Eco,468,5,4,5,3,4,5,4,4,4,3,4,3,4,4,0,12.0,satisfied
65721,Female,Loyal Customer,50,Business travel,Business,1859,5,5,5,5,3,4,5,4,4,4,4,4,4,3,0,0.0,satisfied
20245,Female,Loyal Customer,47,Business travel,Eco,179,4,1,1,1,2,3,3,4,4,4,4,1,4,4,43,29.0,neutral or dissatisfied
107348,Female,Loyal Customer,13,Business travel,Business,2600,4,4,4,4,5,5,5,5,5,5,5,5,5,5,0,2.0,satisfied
9808,Female,Loyal Customer,22,Personal Travel,Eco,493,4,5,5,1,4,5,4,4,4,5,4,5,5,4,0,12.0,neutral or dissatisfied
65606,Male,Loyal Customer,52,Business travel,Eco,237,1,3,3,3,1,1,1,1,2,3,3,1,4,1,29,40.0,neutral or dissatisfied
96248,Female,Loyal Customer,67,Personal Travel,Eco,460,4,4,4,4,4,4,4,1,1,4,1,2,1,3,19,20.0,neutral or dissatisfied
66825,Male,disloyal Customer,29,Business travel,Business,731,5,5,5,4,3,5,3,3,3,3,5,4,5,3,0,0.0,satisfied
117854,Female,Loyal Customer,47,Business travel,Business,601,3,3,3,3,2,4,5,5,5,5,5,3,5,3,0,0.0,satisfied
109447,Male,disloyal Customer,26,Business travel,Business,861,2,2,2,1,3,2,3,3,3,5,4,3,4,3,0,0.0,neutral or dissatisfied
83347,Female,Loyal Customer,8,Personal Travel,Eco,187,3,1,0,2,3,0,2,3,3,5,3,4,3,3,1,0.0,neutral or dissatisfied
60369,Female,Loyal Customer,41,Business travel,Business,1452,1,1,1,1,2,5,5,4,4,4,4,5,4,4,0,0.0,satisfied
72674,Female,Loyal Customer,39,Personal Travel,Eco,1102,1,2,2,3,4,2,4,4,4,3,3,3,3,4,0,55.0,neutral or dissatisfied
646,Male,Loyal Customer,52,Business travel,Business,3811,0,0,0,4,5,4,4,3,3,3,3,3,3,4,0,0.0,satisfied
125705,Male,Loyal Customer,62,Personal Travel,Eco,759,2,4,2,2,1,2,1,1,4,2,5,3,4,1,75,63.0,neutral or dissatisfied
7000,Female,disloyal Customer,38,Business travel,Eco,196,3,3,4,3,4,4,4,4,3,2,4,2,3,4,0,0.0,neutral or dissatisfied
23088,Female,Loyal Customer,44,Personal Travel,Eco,794,3,2,3,2,5,2,2,3,3,3,3,2,3,4,0,0.0,neutral or dissatisfied
127512,Male,Loyal Customer,15,Personal Travel,Eco,1814,2,4,2,3,2,2,5,2,1,5,4,1,3,2,0,3.0,neutral or dissatisfied
126996,Male,Loyal Customer,42,Business travel,Business,2014,3,3,3,3,2,5,4,5,5,5,5,3,5,4,0,0.0,satisfied
125780,Male,Loyal Customer,26,Business travel,Business,1013,5,5,5,5,5,5,5,5,3,4,5,3,5,5,47,38.0,satisfied
29658,Male,Loyal Customer,47,Personal Travel,Eco,909,2,4,2,2,5,2,5,5,4,1,3,3,4,5,0,0.0,neutral or dissatisfied
21051,Female,Loyal Customer,52,Business travel,Business,106,1,1,1,1,2,4,3,5,5,5,3,1,5,3,0,0.0,satisfied
78699,Male,disloyal Customer,25,Business travel,Business,447,3,5,3,2,2,3,3,2,3,4,4,5,4,2,0,0.0,neutral or dissatisfied
85951,Male,Loyal Customer,43,Business travel,Business,554,5,5,5,5,3,5,4,4,4,4,4,3,4,5,0,0.0,satisfied
60849,Female,Loyal Customer,55,Personal Travel,Eco,1754,2,3,1,3,1,3,2,4,4,1,4,4,4,4,0,0.0,neutral or dissatisfied
90302,Female,Loyal Customer,22,Personal Travel,Eco,879,3,0,3,3,1,3,1,1,5,2,4,4,5,1,0,0.0,neutral or dissatisfied
75383,Male,disloyal Customer,25,Business travel,Eco,748,0,0,0,3,1,1,1,1,3,2,4,4,5,1,20,14.0,satisfied
115122,Female,disloyal Customer,25,Business travel,Business,337,1,0,1,5,1,1,1,1,3,5,5,4,4,1,39,46.0,neutral or dissatisfied
72223,Female,Loyal Customer,49,Business travel,Business,919,5,5,5,5,2,5,4,5,5,5,5,3,5,4,0,0.0,satisfied
13136,Female,Loyal Customer,33,Personal Travel,Eco,427,3,4,3,4,3,3,3,3,3,2,4,4,3,3,0,0.0,neutral or dissatisfied
84038,Male,disloyal Customer,26,Business travel,Business,879,3,3,3,1,3,3,3,3,3,3,5,4,5,3,5,2.0,neutral or dissatisfied
8765,Male,Loyal Customer,40,Business travel,Business,552,3,3,3,3,4,5,5,5,5,5,5,4,5,3,0,0.0,satisfied
20334,Male,Loyal Customer,60,Business travel,Business,3833,2,2,4,2,5,4,3,4,4,4,4,5,4,4,42,30.0,satisfied
68740,Female,Loyal Customer,22,Business travel,Eco,585,3,3,3,3,3,3,1,3,3,5,3,3,3,3,0,6.0,neutral or dissatisfied
39641,Male,Loyal Customer,48,Business travel,Eco,1190,1,5,4,4,1,1,1,1,2,5,1,1,1,1,25,60.0,neutral or dissatisfied
73522,Male,disloyal Customer,22,Business travel,Business,594,5,3,5,2,3,5,3,3,4,2,5,5,4,3,9,15.0,satisfied
75987,Female,Loyal Customer,60,Personal Travel,Eco,297,2,4,2,3,2,3,1,5,5,2,5,5,5,1,38,25.0,neutral or dissatisfied
116008,Female,Loyal Customer,28,Personal Travel,Eco,337,4,3,4,2,3,4,3,3,2,1,3,3,5,3,38,22.0,neutral or dissatisfied
79833,Female,Loyal Customer,42,Business travel,Business,1096,4,4,4,4,2,4,5,5,5,5,5,5,5,4,0,4.0,satisfied
5489,Male,Loyal Customer,51,Business travel,Business,3306,3,3,3,3,2,4,5,4,4,4,4,4,4,4,0,6.0,satisfied
107101,Male,Loyal Customer,19,Personal Travel,Eco,562,3,4,2,3,3,2,3,3,4,4,5,3,4,3,6,22.0,neutral or dissatisfied
111584,Male,Loyal Customer,12,Personal Travel,Eco,794,1,4,1,4,1,1,1,1,4,4,5,3,5,1,7,4.0,neutral or dissatisfied
22156,Male,Loyal Customer,29,Business travel,Business,3185,3,3,3,3,3,2,3,3,5,3,2,3,3,3,0,0.0,satisfied
40982,Female,disloyal Customer,39,Business travel,Business,984,2,2,2,1,2,2,3,2,4,3,1,1,2,2,0,0.0,neutral or dissatisfied
6317,Female,Loyal Customer,48,Business travel,Business,1848,2,2,2,2,4,5,4,5,5,5,5,4,5,4,5,8.0,satisfied
11229,Male,Loyal Customer,69,Personal Travel,Eco,517,2,3,2,2,3,2,3,3,2,2,1,4,4,3,19,2.0,neutral or dissatisfied
51383,Female,Loyal Customer,23,Personal Travel,Eco Plus,190,3,5,3,3,3,3,3,3,4,2,4,3,5,3,0,0.0,neutral or dissatisfied
54527,Female,Loyal Customer,9,Personal Travel,Eco,925,3,4,3,1,3,3,3,3,3,5,5,4,5,3,0,10.0,neutral or dissatisfied
60336,Female,Loyal Customer,49,Business travel,Business,2999,5,5,5,5,2,4,4,5,5,5,5,4,5,4,6,0.0,satisfied
129488,Female,disloyal Customer,15,Personal Travel,Eco,2704,1,0,1,4,1,1,1,1,5,3,5,5,5,1,0,0.0,neutral or dissatisfied
71380,Male,Loyal Customer,43,Business travel,Business,258,2,5,5,5,3,4,3,2,2,2,2,4,2,1,0,0.0,neutral or dissatisfied
74706,Female,Loyal Customer,18,Personal Travel,Eco,1464,2,4,2,1,3,2,3,3,4,3,5,3,4,3,19,0.0,neutral or dissatisfied
78075,Female,Loyal Customer,35,Business travel,Business,2857,4,4,4,4,3,5,5,4,4,4,4,3,4,3,19,34.0,satisfied
53233,Female,Loyal Customer,18,Personal Travel,Eco,589,3,4,3,1,4,3,4,4,3,4,4,4,4,4,4,0.0,neutral or dissatisfied
81163,Female,disloyal Customer,32,Business travel,Business,196,3,4,4,4,3,4,3,3,5,3,4,4,4,3,0,0.0,neutral or dissatisfied
16710,Male,Loyal Customer,12,Personal Travel,Eco,284,0,5,0,3,5,0,2,5,3,3,5,3,4,5,0,0.0,satisfied
68966,Female,Loyal Customer,40,Business travel,Eco,700,2,4,1,4,2,2,2,2,4,1,3,3,4,2,0,0.0,neutral or dissatisfied
5971,Female,Loyal Customer,49,Business travel,Business,2990,2,2,2,2,2,5,5,4,4,4,4,3,4,3,3,0.0,satisfied
62955,Female,Loyal Customer,43,Business travel,Business,967,3,3,3,3,3,5,4,3,3,3,3,5,3,4,0,0.0,satisfied
48380,Female,Loyal Customer,54,Personal Travel,Eco,522,2,4,2,5,2,4,1,5,5,2,3,4,5,5,0,0.0,neutral or dissatisfied
77849,Male,Loyal Customer,37,Business travel,Eco Plus,289,2,2,2,2,2,2,2,2,1,3,4,2,4,2,73,58.0,neutral or dissatisfied
89962,Male,Loyal Customer,11,Personal Travel,Eco,1310,2,5,2,3,4,2,4,4,5,4,4,4,5,4,0,10.0,neutral or dissatisfied
94590,Female,disloyal Customer,23,Business travel,Eco,189,3,2,3,3,1,3,1,1,1,5,4,2,4,1,64,62.0,neutral or dissatisfied
15129,Male,Loyal Customer,48,Business travel,Business,912,1,1,4,1,2,1,2,5,5,5,5,3,5,5,75,82.0,satisfied
83006,Female,Loyal Customer,47,Business travel,Eco,957,3,1,1,1,2,4,3,3,3,3,3,2,3,1,45,39.0,neutral or dissatisfied
79371,Female,Loyal Customer,51,Business travel,Business,502,3,3,3,3,3,4,5,5,5,5,5,4,5,4,0,0.0,satisfied
70501,Female,Loyal Customer,33,Personal Travel,Eco,867,2,3,2,3,5,2,4,5,3,3,4,1,4,5,3,62.0,neutral or dissatisfied
1607,Male,Loyal Customer,18,Personal Travel,Eco Plus,140,2,1,2,3,3,2,2,3,2,2,2,2,3,3,0,0.0,neutral or dissatisfied
34065,Male,Loyal Customer,30,Personal Travel,Eco,1674,4,3,4,1,5,4,5,5,4,1,1,3,4,5,0,0.0,satisfied
88282,Female,Loyal Customer,27,Business travel,Business,2758,1,5,5,5,1,1,1,1,3,5,4,4,3,1,3,0.0,neutral or dissatisfied
96021,Female,Loyal Customer,15,Business travel,Business,3993,3,4,4,4,3,2,3,3,4,4,4,3,4,3,1,0.0,neutral or dissatisfied
96142,Female,disloyal Customer,25,Business travel,Business,490,2,0,2,4,3,2,3,3,4,2,5,5,4,3,0,0.0,neutral or dissatisfied
57406,Female,Loyal Customer,58,Business travel,Business,455,5,5,5,5,5,4,4,3,3,4,3,5,3,3,64,62.0,satisfied
18721,Male,Loyal Customer,15,Personal Travel,Eco Plus,201,4,4,4,4,2,4,4,2,2,4,2,2,3,2,0,0.0,neutral or dissatisfied
80999,Female,Loyal Customer,25,Personal Travel,Eco,297,4,2,4,3,5,4,5,5,1,3,3,1,3,5,0,0.0,neutral or dissatisfied
116525,Male,Loyal Customer,38,Personal Travel,Eco,373,1,3,1,4,4,1,4,4,4,4,1,3,1,4,0,0.0,neutral or dissatisfied
59341,Female,Loyal Customer,41,Business travel,Business,2338,3,3,3,3,4,4,5,4,4,4,4,5,4,4,8,0.0,satisfied
71500,Male,Loyal Customer,64,Personal Travel,Business,1120,3,5,3,1,4,1,1,3,3,3,3,3,3,5,0,0.0,neutral or dissatisfied
49366,Female,Loyal Customer,46,Business travel,Business,2365,0,5,1,4,5,3,5,5,5,5,5,2,5,2,0,0.0,satisfied
25440,Female,disloyal Customer,25,Business travel,Eco,669,3,3,3,3,5,3,5,5,2,1,3,3,3,5,5,4.0,neutral or dissatisfied
12562,Female,Loyal Customer,56,Personal Travel,Eco,788,2,5,2,4,5,4,4,5,5,2,4,5,5,5,0,2.0,neutral or dissatisfied
98725,Male,Loyal Customer,39,Personal Travel,Eco Plus,992,4,4,4,4,2,4,2,2,4,4,4,3,3,2,0,3.0,neutral or dissatisfied
20971,Female,Loyal Customer,61,Personal Travel,Eco,689,2,3,2,4,3,1,1,5,5,2,5,3,5,3,11,0.0,neutral or dissatisfied
114356,Female,Loyal Customer,22,Business travel,Eco Plus,957,2,1,1,1,2,2,2,2,4,4,3,1,4,2,5,1.0,neutral or dissatisfied
78283,Male,disloyal Customer,31,Business travel,Eco,805,2,2,2,3,3,2,3,3,3,4,3,2,2,3,0,18.0,neutral or dissatisfied
70046,Male,Loyal Customer,43,Personal Travel,Eco,583,5,5,5,1,5,5,4,5,3,4,4,4,4,5,13,0.0,satisfied
66065,Male,Loyal Customer,60,Personal Travel,Eco,1055,1,4,1,3,1,1,1,1,1,1,3,2,4,1,21,14.0,neutral or dissatisfied
59882,Male,disloyal Customer,43,Business travel,Business,997,5,5,5,1,5,5,5,5,3,5,4,4,4,5,3,0.0,satisfied
2337,Female,Loyal Customer,15,Personal Travel,Eco,690,4,5,3,2,4,3,3,4,2,2,4,4,3,4,0,11.0,neutral or dissatisfied
4327,Female,Loyal Customer,61,Personal Travel,Eco,589,3,5,4,1,5,4,5,2,2,4,2,3,2,5,0,0.0,neutral or dissatisfied
81170,Female,disloyal Customer,33,Business travel,Business,196,1,1,1,4,3,1,3,3,4,4,4,3,4,3,108,119.0,neutral or dissatisfied
67625,Male,Loyal Customer,45,Business travel,Business,1464,5,5,5,5,4,4,5,5,5,5,5,5,5,5,0,0.0,satisfied
40147,Female,Loyal Customer,69,Personal Travel,Eco,840,3,3,3,3,5,3,3,3,3,3,3,3,3,1,0,0.0,neutral or dissatisfied
22585,Female,Loyal Customer,60,Business travel,Eco,300,4,4,4,4,5,3,5,4,4,4,4,3,4,1,0,0.0,satisfied
124226,Male,Loyal Customer,30,Business travel,Business,1916,1,1,1,1,4,5,4,4,5,4,5,3,5,4,0,0.0,satisfied
10532,Female,Loyal Customer,54,Business travel,Business,3392,5,5,5,5,2,5,5,4,4,4,4,4,4,3,0,0.0,satisfied
71156,Female,Loyal Customer,46,Business travel,Business,646,2,4,4,4,1,4,4,2,2,2,2,2,2,3,10,0.0,neutral or dissatisfied
82813,Female,Loyal Customer,61,Personal Travel,Eco,235,3,4,3,3,4,5,4,1,1,3,1,3,1,5,0,0.0,neutral or dissatisfied
41525,Female,Loyal Customer,42,Business travel,Business,1504,1,1,4,1,5,3,1,5,5,5,5,3,5,2,0,47.0,satisfied
6997,Male,Loyal Customer,52,Business travel,Business,3454,3,5,5,5,3,3,3,4,3,3,3,3,3,3,88,138.0,neutral or dissatisfied
91501,Female,disloyal Customer,38,Business travel,Business,391,4,4,4,5,2,4,3,2,3,4,4,4,4,2,0,0.0,neutral or dissatisfied
37913,Female,Loyal Customer,31,Personal Travel,Eco,937,1,4,1,3,1,5,5,3,3,5,4,5,4,5,161,168.0,neutral or dissatisfied
46852,Female,Loyal Customer,47,Business travel,Business,3536,4,3,4,4,3,3,5,5,5,5,5,5,5,4,0,0.0,satisfied
121773,Male,Loyal Customer,42,Business travel,Business,337,2,4,2,2,5,4,5,5,5,5,5,3,5,4,47,18.0,satisfied
38909,Male,Loyal Customer,31,Business travel,Eco,162,4,3,3,3,4,4,4,4,2,2,4,3,3,4,74,101.0,neutral or dissatisfied
72802,Male,Loyal Customer,37,Personal Travel,Eco,1045,1,4,1,2,2,1,2,2,5,2,4,5,4,2,15,2.0,neutral or dissatisfied
87663,Male,Loyal Customer,44,Business travel,Business,606,2,4,2,2,5,5,4,4,4,5,4,3,4,5,0,0.0,satisfied
5611,Male,Loyal Customer,54,Business travel,Business,3888,4,4,4,4,4,4,5,4,4,4,4,3,4,4,0,0.0,satisfied
83296,Male,Loyal Customer,70,Personal Travel,Eco,1979,3,3,3,5,2,3,2,2,1,4,4,4,5,2,15,12.0,neutral or dissatisfied
40502,Male,Loyal Customer,28,Personal Travel,Eco,188,3,5,3,4,3,3,3,3,3,3,4,4,5,3,0,0.0,neutral or dissatisfied
60667,Male,Loyal Customer,32,Personal Travel,Eco,1620,5,5,5,1,3,5,3,3,3,3,4,4,4,3,0,0.0,satisfied
67902,Female,Loyal Customer,7,Personal Travel,Eco,1188,4,4,4,5,1,4,1,1,4,2,4,5,4,1,0,0.0,satisfied
92870,Female,Loyal Customer,24,Personal Travel,Eco,2519,1,4,1,2,3,1,3,3,5,3,5,3,4,3,0,0.0,neutral or dissatisfied
112223,Female,Loyal Customer,79,Business travel,Business,799,3,2,2,2,5,4,4,3,3,3,3,3,3,4,9,0.0,neutral or dissatisfied
51545,Female,Loyal Customer,41,Business travel,Eco,455,5,2,2,2,5,5,5,5,3,4,4,3,5,5,0,0.0,satisfied
46775,Male,Loyal Customer,14,Personal Travel,Eco Plus,125,1,4,1,4,3,1,3,3,4,4,4,1,3,3,0,0.0,neutral or dissatisfied
28978,Male,Loyal Customer,30,Business travel,Business,1050,2,2,2,2,5,5,5,5,5,3,4,1,2,5,0,0.0,satisfied
6420,Male,Loyal Customer,65,Personal Travel,Eco,296,2,5,2,5,5,2,5,5,3,4,4,4,4,5,2,36.0,neutral or dissatisfied
74234,Female,Loyal Customer,44,Personal Travel,Eco,888,4,4,4,3,4,3,3,2,2,3,3,3,1,3,154,135.0,neutral or dissatisfied
22963,Female,Loyal Customer,8,Business travel,Business,641,2,3,3,3,2,2,2,2,4,2,3,1,4,2,0,0.0,neutral or dissatisfied
31112,Male,disloyal Customer,28,Business travel,Business,991,4,4,4,1,2,4,2,2,3,2,5,5,4,2,6,4.0,neutral or dissatisfied
34204,Male,Loyal Customer,70,Personal Travel,Eco,1063,2,4,2,2,5,2,5,5,5,4,5,3,5,5,0,0.0,neutral or dissatisfied
80003,Female,Loyal Customer,34,Personal Travel,Eco,944,5,1,5,2,1,5,1,1,2,3,3,1,2,1,0,0.0,satisfied
15096,Female,Loyal Customer,38,Personal Travel,Eco,322,4,3,4,1,1,4,1,1,3,2,2,3,4,1,0,0.0,neutral or dissatisfied
78544,Male,Loyal Customer,64,Personal Travel,Eco,526,3,4,4,2,4,4,4,4,5,3,5,4,4,4,1,0.0,neutral or dissatisfied
114890,Male,Loyal Customer,58,Business travel,Business,2749,2,2,2,2,2,4,5,4,4,4,4,3,4,4,0,0.0,satisfied
80208,Male,Loyal Customer,34,Personal Travel,Eco Plus,2586,3,3,3,4,3,1,1,4,5,4,2,1,3,1,202,,neutral or dissatisfied
69290,Male,Loyal Customer,47,Business travel,Business,2173,4,4,4,4,3,4,5,4,4,4,4,3,4,3,0,0.0,satisfied
54781,Female,Loyal Customer,19,Personal Travel,Eco Plus,956,3,5,3,2,5,3,5,5,3,3,5,3,5,5,0,0.0,neutral or dissatisfied
68666,Male,Loyal Customer,34,Business travel,Business,2143,4,2,2,2,2,3,4,4,4,4,4,3,4,4,47,41.0,neutral or dissatisfied
128163,Female,Loyal Customer,59,Business travel,Eco,1849,3,4,4,4,4,4,4,3,3,3,3,4,3,3,0,0.0,neutral or dissatisfied
43571,Male,Loyal Customer,41,Business travel,Eco,1499,4,4,4,4,4,4,4,4,4,4,3,1,1,4,25,40.0,satisfied
18538,Male,disloyal Customer,26,Business travel,Eco,253,3,0,3,4,3,3,3,3,3,5,2,4,5,3,48,34.0,neutral or dissatisfied
27651,Female,disloyal Customer,29,Business travel,Eco Plus,937,2,2,2,3,3,2,3,3,3,2,4,1,3,3,0,0.0,neutral or dissatisfied
109507,Male,Loyal Customer,30,Business travel,Business,2604,4,4,4,4,5,5,5,5,5,3,4,3,4,5,2,0.0,satisfied
92517,Male,Loyal Customer,34,Personal Travel,Eco,1919,1,4,1,2,3,1,5,3,5,5,5,4,4,3,0,0.0,neutral or dissatisfied
6776,Male,disloyal Customer,38,Business travel,Business,235,4,4,4,5,3,4,4,3,3,4,4,5,5,3,48,40.0,satisfied
110602,Female,Loyal Customer,11,Personal Travel,Eco,551,3,3,3,1,1,3,1,1,5,5,5,5,5,1,9,2.0,neutral or dissatisfied
125576,Female,disloyal Customer,26,Business travel,Business,226,2,2,2,1,3,2,3,3,4,5,4,3,4,3,0,0.0,neutral or dissatisfied
80660,Female,disloyal Customer,24,Business travel,Business,821,0,4,0,1,5,0,5,5,3,5,5,3,5,5,12,0.0,satisfied
70939,Male,Loyal Customer,43,Business travel,Eco,212,4,4,4,4,4,4,4,4,5,4,1,1,4,4,0,0.0,satisfied
68779,Female,Loyal Customer,33,Business travel,Business,926,2,2,2,2,5,5,5,3,4,4,5,5,4,5,310,307.0,satisfied
124757,Male,Loyal Customer,55,Business travel,Business,2096,1,1,2,1,2,5,4,4,4,4,4,4,4,5,25,22.0,satisfied
35776,Female,disloyal Customer,27,Business travel,Eco,200,1,1,1,4,1,1,1,1,4,5,3,2,4,1,0,0.0,neutral or dissatisfied
9252,Female,Loyal Customer,14,Personal Travel,Eco,157,3,5,3,4,2,3,2,2,3,2,4,5,4,2,0,0.0,neutral or dissatisfied
117417,Male,Loyal Customer,39,Business travel,Business,1460,1,1,1,1,5,4,5,5,5,5,5,5,5,3,30,17.0,satisfied
7976,Female,disloyal Customer,20,Business travel,Eco Plus,594,3,4,3,3,3,1,1,1,2,4,3,1,1,1,141,129.0,neutral or dissatisfied
43924,Male,Loyal Customer,41,Personal Travel,Eco,174,3,3,3,4,5,3,5,5,4,2,3,2,3,5,0,0.0,neutral or dissatisfied
40319,Female,Loyal Customer,48,Business travel,Eco Plus,402,5,1,1,1,2,4,3,4,4,5,4,5,4,4,0,0.0,satisfied
23280,Male,disloyal Customer,27,Business travel,Eco,456,1,3,1,1,2,1,2,2,5,5,1,1,5,2,0,0.0,neutral or dissatisfied
47541,Female,Loyal Customer,57,Personal Travel,Eco,599,1,5,1,4,1,1,3,3,3,1,1,1,3,2,0,0.0,neutral or dissatisfied
12272,Male,disloyal Customer,27,Business travel,Eco,253,4,0,4,2,5,4,5,5,3,1,4,1,2,5,0,0.0,satisfied
34918,Male,Loyal Customer,23,Business travel,Business,3711,4,4,4,4,5,5,5,5,1,3,1,1,1,5,37,26.0,satisfied
28340,Female,Loyal Customer,47,Business travel,Business,3664,2,2,2,2,1,4,3,2,2,2,2,3,2,4,0,0.0,neutral or dissatisfied
2164,Female,Loyal Customer,45,Business travel,Business,685,4,4,4,4,4,5,5,5,5,5,5,4,5,3,30,21.0,satisfied
998,Male,Loyal Customer,37,Business travel,Eco,158,3,4,4,4,3,3,3,3,4,2,2,1,1,3,0,0.0,neutral or dissatisfied
70959,Male,Loyal Customer,51,Business travel,Business,802,3,2,2,2,2,3,4,3,3,3,3,1,3,3,4,0.0,neutral or dissatisfied
20455,Male,Loyal Customer,27,Business travel,Business,84,5,5,5,5,5,5,4,5,5,1,1,1,3,5,0,0.0,satisfied
5820,Female,Loyal Customer,43,Personal Travel,Eco,157,4,3,4,3,3,5,4,1,1,4,1,1,1,4,0,0.0,neutral or dissatisfied
39124,Female,Loyal Customer,40,Business travel,Business,119,2,2,2,2,2,3,4,4,4,4,2,4,4,2,0,0.0,neutral or dissatisfied
15769,Female,disloyal Customer,48,Business travel,Eco,198,5,3,5,5,5,5,5,5,4,5,5,1,4,5,0,0.0,satisfied
129749,Male,Loyal Customer,47,Business travel,Eco,337,4,2,4,2,4,4,4,4,3,1,5,4,1,4,0,0.0,satisfied
78457,Male,Loyal Customer,54,Business travel,Business,1871,4,3,4,4,3,5,5,4,4,4,4,5,4,5,108,130.0,satisfied
90974,Male,Loyal Customer,45,Business travel,Eco,646,3,3,2,3,3,3,3,3,4,2,4,4,4,3,4,0.0,neutral or dissatisfied
94597,Female,Loyal Customer,55,Business travel,Business,3679,4,4,4,4,3,4,5,4,4,4,4,3,4,4,7,3.0,satisfied
95232,Female,Loyal Customer,58,Personal Travel,Eco,293,2,2,2,3,3,3,3,5,5,2,5,3,5,1,0,0.0,neutral or dissatisfied
61564,Female,Loyal Customer,61,Personal Travel,Eco Plus,2419,5,3,5,3,4,5,1,1,1,5,1,4,1,1,0,0.0,satisfied
78822,Male,Loyal Customer,68,Personal Travel,Eco,554,3,4,3,5,4,3,4,4,5,2,4,4,5,4,7,0.0,neutral or dissatisfied
90206,Female,Loyal Customer,31,Personal Travel,Eco,1127,2,4,2,5,1,2,1,1,4,4,4,3,5,1,0,0.0,neutral or dissatisfied
55009,Female,disloyal Customer,22,Business travel,Business,1379,5,0,5,1,3,5,3,3,3,4,5,3,4,3,0,5.0,satisfied
102382,Male,Loyal Customer,38,Business travel,Eco,397,5,4,4,4,5,5,5,5,4,5,4,3,2,5,0,0.0,satisfied
55066,Female,disloyal Customer,27,Business travel,Eco,1608,2,2,2,3,2,2,2,2,1,3,3,2,3,2,0,7.0,neutral or dissatisfied
113826,Male,Loyal Customer,56,Personal Travel,Eco Plus,236,3,4,3,2,5,3,5,5,5,4,4,5,4,5,25,23.0,neutral or dissatisfied
7424,Male,Loyal Customer,41,Business travel,Business,552,1,1,1,1,4,5,4,3,3,3,3,5,3,5,0,0.0,satisfied
37504,Male,disloyal Customer,20,Business travel,Eco,1056,3,3,3,3,5,3,5,5,2,4,2,4,2,5,13,7.0,neutral or dissatisfied
68794,Male,Loyal Customer,61,Business travel,Business,621,2,4,4,4,2,4,4,2,2,2,2,4,2,4,0,21.0,neutral or dissatisfied
55606,Female,disloyal Customer,22,Business travel,Business,404,3,3,3,3,5,3,5,5,2,4,3,2,3,5,0,0.0,neutral or dissatisfied
67185,Male,disloyal Customer,25,Personal Travel,Eco,1017,4,3,4,4,2,4,2,2,3,1,4,3,4,2,0,0.0,neutral or dissatisfied
13782,Female,Loyal Customer,38,Business travel,Eco,478,2,3,3,3,2,2,2,2,3,5,1,4,1,2,0,0.0,neutral or dissatisfied
83790,Male,disloyal Customer,35,Business travel,Business,425,1,1,1,4,2,1,5,2,3,2,5,5,5,2,0,0.0,neutral or dissatisfied
4919,Female,Loyal Customer,44,Business travel,Eco,1020,1,1,1,1,5,3,3,1,1,1,1,1,1,4,0,0.0,neutral or dissatisfied
42471,Male,Loyal Customer,59,Business travel,Business,2021,1,1,1,1,5,3,2,5,5,5,5,2,5,2,35,34.0,satisfied
19766,Male,Loyal Customer,69,Business travel,Eco Plus,462,2,2,3,2,3,2,3,3,3,1,4,4,4,3,0,0.0,neutral or dissatisfied
44256,Male,disloyal Customer,19,Business travel,Eco,359,3,1,2,4,3,2,3,3,1,5,4,3,4,3,0,0.0,neutral or dissatisfied
14408,Female,Loyal Customer,8,Personal Travel,Eco Plus,900,3,4,3,1,2,3,2,2,3,1,1,2,3,2,0,0.0,neutral or dissatisfied
38318,Female,Loyal Customer,44,Personal Travel,Eco,1666,1,2,2,3,3,3,3,5,5,2,5,2,5,2,0,0.0,neutral or dissatisfied
107064,Female,Loyal Customer,23,Personal Travel,Eco,395,3,5,3,3,2,3,2,2,3,4,5,3,4,2,13,0.0,neutral or dissatisfied
101463,Female,Loyal Customer,64,Business travel,Business,1709,0,0,0,2,3,4,5,3,3,5,5,5,3,4,16,2.0,satisfied
125274,Female,Loyal Customer,13,Personal Travel,Eco,1488,3,3,3,5,1,3,1,1,4,2,3,1,1,1,0,30.0,neutral or dissatisfied
78148,Female,Loyal Customer,46,Business travel,Business,3444,0,5,0,3,3,5,4,4,4,2,2,4,4,3,16,16.0,satisfied
56441,Male,Loyal Customer,55,Business travel,Business,319,1,1,1,1,1,3,1,5,5,5,5,5,5,2,37,13.0,satisfied
115751,Female,Loyal Customer,40,Business travel,Business,480,5,5,4,5,5,4,4,4,4,4,4,5,4,3,0,0.0,satisfied
42578,Male,Loyal Customer,9,Personal Travel,Eco,240,3,5,0,5,4,0,4,4,5,4,4,4,5,4,21,26.0,neutral or dissatisfied
19858,Female,Loyal Customer,42,Business travel,Business,2384,2,2,2,2,1,4,3,2,2,2,2,2,2,2,16,14.0,neutral or dissatisfied
33718,Male,Loyal Customer,48,Personal Travel,Eco,899,2,5,3,2,1,3,1,1,5,3,5,5,4,1,14,19.0,neutral or dissatisfied
119178,Female,Loyal Customer,54,Business travel,Eco,290,4,2,2,2,3,1,1,4,4,4,4,1,4,3,0,20.0,neutral or dissatisfied
115606,Female,Loyal Customer,63,Business travel,Business,1545,1,1,1,1,5,4,5,3,3,2,3,3,3,3,46,37.0,satisfied
115427,Female,Loyal Customer,55,Business travel,Eco,308,2,3,3,3,5,3,4,2,2,2,2,1,2,2,33,37.0,neutral or dissatisfied
1092,Male,Loyal Customer,68,Personal Travel,Eco,396,3,5,3,4,4,3,4,4,4,5,5,5,5,4,0,0.0,neutral or dissatisfied
58028,Male,Loyal Customer,43,Personal Travel,Eco,1721,2,1,2,3,3,2,3,3,2,4,3,1,4,3,99,111.0,neutral or dissatisfied
29012,Female,Loyal Customer,52,Business travel,Business,3558,2,2,2,2,3,5,4,5,5,5,3,1,5,1,0,0.0,satisfied
47947,Male,Loyal Customer,43,Personal Travel,Eco,550,2,2,2,4,5,2,4,5,3,5,4,3,4,5,7,7.0,neutral or dissatisfied
107675,Male,Loyal Customer,48,Business travel,Business,3274,0,0,0,2,3,5,5,3,3,3,3,3,3,4,11,11.0,satisfied
110135,Male,Loyal Customer,28,Business travel,Eco,869,3,1,1,1,3,3,3,3,1,1,3,3,2,3,116,103.0,neutral or dissatisfied
75044,Female,Loyal Customer,7,Personal Travel,Eco,236,1,5,1,3,5,1,5,5,3,5,5,5,4,5,0,0.0,neutral or dissatisfied
69104,Female,disloyal Customer,10,Business travel,Business,1389,4,0,4,2,2,4,2,2,3,5,5,5,5,2,0,0.0,satisfied
6326,Female,Loyal Customer,29,Business travel,Business,1834,3,3,3,3,4,4,4,4,5,4,5,4,4,4,0,0.0,satisfied
119422,Male,Loyal Customer,54,Personal Travel,Eco,399,3,4,3,2,5,3,5,5,4,5,4,5,5,5,0,0.0,neutral or dissatisfied
57660,Female,Loyal Customer,64,Personal Travel,Eco,200,2,3,2,5,3,5,2,1,1,2,1,3,1,4,0,15.0,neutral or dissatisfied
6513,Male,Loyal Customer,36,Business travel,Business,646,4,4,4,4,5,5,5,3,5,5,4,5,5,5,156,200.0,satisfied
108472,Female,Loyal Customer,29,Personal Travel,Eco,1444,4,0,4,4,3,4,3,3,3,3,5,5,5,3,0,0.0,neutral or dissatisfied
36337,Male,Loyal Customer,58,Personal Travel,Eco,187,1,4,1,3,5,1,5,5,1,2,4,1,4,5,11,14.0,neutral or dissatisfied
81925,Female,Loyal Customer,54,Business travel,Business,1135,4,1,5,5,4,4,3,4,4,4,4,4,4,3,6,0.0,neutral or dissatisfied
27676,Female,Loyal Customer,51,Business travel,Eco,1107,3,4,3,3,2,3,4,3,3,3,3,4,3,5,2,0.0,satisfied
75578,Male,Loyal Customer,61,Business travel,Eco,337,2,4,4,4,1,2,1,1,3,3,2,1,3,1,0,34.0,neutral or dissatisfied
21288,Female,Loyal Customer,32,Business travel,Business,714,3,3,3,3,3,5,3,3,3,3,2,5,3,3,0,0.0,satisfied
91797,Female,Loyal Customer,45,Personal Travel,Eco,590,1,2,1,3,2,4,3,4,4,1,4,3,4,4,3,4.0,neutral or dissatisfied
118594,Female,disloyal Customer,34,Business travel,Eco,370,2,4,2,3,2,2,2,2,2,5,3,3,4,2,35,30.0,neutral or dissatisfied
103567,Male,Loyal Customer,41,Business travel,Business,3303,4,4,4,4,3,5,4,4,4,4,4,3,4,4,12,5.0,satisfied
112088,Male,Loyal Customer,50,Personal Travel,Eco,1491,3,4,4,3,1,4,1,1,4,2,3,3,4,1,0,0.0,neutral or dissatisfied
121722,Male,Loyal Customer,29,Personal Travel,Eco Plus,683,4,4,4,3,1,4,4,1,5,3,5,5,5,1,0,0.0,neutral or dissatisfied
69681,Female,Loyal Customer,32,Personal Travel,Eco,569,4,3,4,3,5,4,5,5,1,2,3,4,4,5,0,0.0,neutral or dissatisfied
43730,Female,Loyal Customer,46,Personal Travel,Eco Plus,257,2,3,2,3,1,4,3,3,3,2,3,1,3,3,0,0.0,neutral or dissatisfied
97622,Male,Loyal Customer,41,Business travel,Eco,764,2,5,4,5,2,2,2,2,1,4,3,2,3,2,1,0.0,neutral or dissatisfied
103850,Male,Loyal Customer,25,Business travel,Eco,882,2,1,1,1,2,2,1,2,3,3,2,3,2,2,14,12.0,neutral or dissatisfied
48714,Female,Loyal Customer,42,Business travel,Business,250,0,0,0,3,2,5,4,3,3,3,3,3,3,5,4,0.0,satisfied
30621,Female,disloyal Customer,50,Business travel,Eco,524,1,0,1,4,1,1,1,1,2,3,4,2,3,1,0,8.0,neutral or dissatisfied
103101,Male,Loyal Customer,41,Personal Travel,Eco,460,3,4,3,3,2,3,2,2,4,5,5,4,5,2,12,7.0,neutral or dissatisfied
127359,Male,Loyal Customer,18,Personal Travel,Eco,507,3,5,3,4,4,3,4,4,3,3,5,5,4,4,0,0.0,neutral or dissatisfied
75971,Male,Loyal Customer,57,Business travel,Business,3651,3,3,3,3,5,4,4,5,5,5,5,3,5,5,0,0.0,satisfied
70676,Female,disloyal Customer,40,Business travel,Business,447,4,4,4,2,4,4,4,4,3,2,5,4,5,4,0,2.0,satisfied
95272,Male,Loyal Customer,28,Personal Travel,Eco,192,3,4,0,5,3,0,3,3,4,2,4,5,5,3,0,0.0,neutral or dissatisfied
25492,Female,Loyal Customer,39,Business travel,Business,547,2,2,2,2,4,2,4,4,4,4,4,2,4,3,16,0.0,satisfied
9448,Male,Loyal Customer,41,Business travel,Business,3149,2,1,1,1,5,4,3,2,2,2,2,1,2,3,0,0.0,neutral or dissatisfied
52508,Male,Loyal Customer,7,Personal Travel,Business,119,2,1,0,3,2,0,2,2,4,5,3,4,3,2,0,0.0,neutral or dissatisfied
83405,Female,Loyal Customer,50,Business travel,Business,3831,2,3,2,2,4,5,4,3,3,3,3,4,3,3,0,2.0,satisfied
103081,Female,Loyal Customer,35,Personal Travel,Eco,460,4,5,4,5,4,4,4,4,3,5,5,5,5,4,0,18.0,neutral or dissatisfied
21691,Male,disloyal Customer,37,Business travel,Business,346,2,2,2,3,4,2,5,4,4,4,4,3,3,4,0,0.0,neutral or dissatisfied
129449,Female,Loyal Customer,42,Personal Travel,Eco,236,4,1,4,2,2,2,2,1,1,4,1,2,1,2,3,2.0,satisfied
97853,Male,Loyal Customer,41,Business travel,Business,612,2,2,2,2,5,4,4,5,5,5,5,5,5,4,0,0.0,satisfied
46527,Male,Loyal Customer,53,Business travel,Eco,73,4,3,3,3,4,4,4,4,4,3,5,2,2,4,0,0.0,satisfied
98678,Male,Loyal Customer,46,Personal Travel,Eco,992,1,4,1,4,5,1,5,5,5,2,4,5,5,5,2,0.0,neutral or dissatisfied
83517,Female,Loyal Customer,37,Personal Travel,Eco,946,3,1,3,4,1,3,1,1,2,2,4,1,4,1,0,3.0,neutral or dissatisfied
91004,Female,disloyal Customer,27,Personal Travel,Eco,270,2,4,0,4,4,0,4,4,3,2,5,3,4,4,13,1.0,neutral or dissatisfied
23969,Female,disloyal Customer,10,Business travel,Eco,596,3,4,3,3,3,3,3,3,1,2,4,4,3,3,29,9.0,neutral or dissatisfied
20863,Male,Loyal Customer,23,Personal Travel,Eco,534,0,4,0,4,4,0,4,4,5,4,4,4,4,4,0,0.0,satisfied
13580,Female,Loyal Customer,55,Personal Travel,Eco,214,2,4,2,3,4,4,4,1,1,2,1,2,1,2,0,0.0,neutral or dissatisfied
15977,Male,Loyal Customer,46,Business travel,Business,2064,2,1,1,1,2,4,3,2,2,2,2,3,2,1,0,11.0,neutral or dissatisfied
19087,Female,Loyal Customer,46,Business travel,Eco,296,4,5,5,5,1,2,5,4,4,4,4,3,4,4,0,0.0,satisfied
67845,Female,Loyal Customer,58,Personal Travel,Eco,1464,2,5,2,4,4,5,4,2,2,2,5,4,2,3,1,0.0,neutral or dissatisfied
30860,Female,Loyal Customer,53,Business travel,Eco,1546,5,4,4,4,4,2,1,5,5,5,5,5,5,4,0,0.0,satisfied
28863,Female,disloyal Customer,25,Business travel,Eco,1050,4,4,4,3,3,4,3,3,3,2,2,2,2,3,0,0.0,neutral or dissatisfied
29601,Male,Loyal Customer,33,Business travel,Business,680,2,1,1,1,2,2,2,2,2,2,4,2,4,2,0,0.0,neutral or dissatisfied
69324,Female,disloyal Customer,42,Business travel,Business,1035,1,1,1,2,3,1,3,3,3,4,4,3,5,3,0,0.0,neutral or dissatisfied
79393,Male,Loyal Customer,40,Business travel,Eco,241,2,4,2,2,2,2,2,2,2,4,3,2,3,2,0,4.0,neutral or dissatisfied
126383,Male,Loyal Customer,65,Personal Travel,Eco,507,2,4,2,2,1,2,1,1,5,3,4,4,4,1,2,5.0,neutral or dissatisfied
93457,Male,Loyal Customer,57,Personal Travel,Eco,605,3,5,3,5,2,3,2,2,3,5,5,3,5,2,16,18.0,neutral or dissatisfied
60324,Female,Loyal Customer,42,Business travel,Business,2303,2,2,2,2,4,4,5,3,3,4,3,5,3,3,6,0.0,satisfied
87457,Female,Loyal Customer,49,Business travel,Business,3156,3,3,3,3,5,4,5,5,5,5,5,3,5,4,38,50.0,satisfied
121417,Male,Loyal Customer,40,Business travel,Business,2613,0,0,0,3,4,4,4,2,2,2,2,5,2,3,0,3.0,satisfied
116101,Female,Loyal Customer,63,Personal Travel,Eco,342,2,5,2,1,4,4,5,4,4,2,4,5,4,5,6,0.0,neutral or dissatisfied
73182,Male,disloyal Customer,35,Business travel,Business,1258,3,3,3,3,3,3,3,3,3,5,4,5,4,3,0,0.0,neutral or dissatisfied
91523,Male,Loyal Customer,60,Personal Travel,Eco Plus,1620,3,5,3,1,1,3,1,1,5,3,4,5,5,1,0,0.0,neutral or dissatisfied
14734,Male,Loyal Customer,54,Business travel,Business,533,1,1,1,1,2,5,5,3,3,4,3,4,3,5,0,0.0,satisfied
57894,Female,disloyal Customer,20,Business travel,Eco,305,4,5,4,5,1,4,1,1,4,5,4,4,5,1,0,0.0,neutral or dissatisfied
44572,Female,disloyal Customer,33,Business travel,Eco,177,3,1,3,4,3,4,4,1,2,4,4,4,1,4,120,137.0,neutral or dissatisfied
93064,Female,Loyal Customer,67,Business travel,Eco,297,5,5,2,2,2,1,3,5,5,5,5,2,5,2,33,19.0,satisfied
114036,Female,Loyal Customer,42,Business travel,Business,3956,4,4,4,4,3,4,5,4,4,4,4,3,4,4,0,0.0,satisfied
56075,Female,Loyal Customer,58,Personal Travel,Eco,2475,3,2,2,3,2,5,5,1,1,3,3,5,3,5,65,103.0,neutral or dissatisfied
6722,Male,Loyal Customer,61,Business travel,Business,403,1,1,1,1,2,4,5,5,5,5,5,4,5,5,0,0.0,satisfied
70855,Male,disloyal Customer,29,Business travel,Eco,761,2,2,2,3,3,2,3,3,2,3,4,4,4,3,0,12.0,neutral or dissatisfied
76674,Female,Loyal Customer,56,Personal Travel,Eco,534,2,4,2,1,3,5,4,1,1,2,1,4,1,4,59,65.0,neutral or dissatisfied
8704,Male,Loyal Customer,68,Personal Travel,Eco,280,3,4,3,3,4,3,5,4,5,5,4,4,4,4,7,6.0,neutral or dissatisfied
80706,Female,Loyal Customer,38,Personal Travel,Eco,1013,2,4,2,4,5,2,5,5,2,5,5,4,3,5,44,12.0,neutral or dissatisfied
118986,Male,Loyal Customer,31,Business travel,Business,3354,4,4,4,4,4,5,4,4,3,4,5,4,4,4,38,47.0,satisfied
44294,Male,Loyal Customer,56,Business travel,Business,2668,3,3,4,3,2,3,5,5,5,5,5,2,5,4,0,0.0,satisfied
18019,Male,Loyal Customer,63,Business travel,Eco Plus,296,4,5,5,5,4,4,4,4,3,5,4,1,4,4,0,0.0,satisfied
113546,Female,Loyal Customer,63,Business travel,Business,3762,1,1,1,1,4,4,4,5,5,5,5,3,5,3,15,12.0,satisfied
96987,Male,Loyal Customer,58,Business travel,Business,3216,2,2,2,2,2,2,2,2,2,2,2,1,2,3,7,12.0,neutral or dissatisfied
65537,Male,Loyal Customer,51,Business travel,Business,1901,3,3,3,3,3,5,4,4,4,4,5,3,4,5,0,0.0,satisfied
333,Female,disloyal Customer,37,Business travel,Eco,421,5,3,5,3,2,5,2,2,5,2,1,1,3,2,5,15.0,satisfied
116949,Male,disloyal Customer,20,Business travel,Business,368,0,5,0,2,2,0,2,2,5,5,4,5,5,2,9,0.0,satisfied
89182,Male,Loyal Customer,25,Personal Travel,Eco,2139,2,5,2,3,2,2,2,2,5,2,4,4,5,2,77,57.0,neutral or dissatisfied
129052,Male,Loyal Customer,24,Business travel,Business,1744,4,4,4,4,4,4,4,4,3,3,4,4,4,4,0,3.0,satisfied
89829,Female,Loyal Customer,45,Personal Travel,Eco Plus,1035,4,5,5,5,2,5,5,4,4,5,4,3,4,3,0,24.0,neutral or dissatisfied
114766,Male,disloyal Customer,22,Business travel,Eco,417,2,0,2,3,2,2,2,2,5,4,4,3,5,2,39,37.0,neutral or dissatisfied
74174,Male,Loyal Customer,33,Personal Travel,Eco,592,4,5,4,2,4,4,4,4,5,1,1,5,1,4,0,0.0,neutral or dissatisfied
42990,Male,Loyal Customer,36,Business travel,Eco,236,3,4,4,4,3,3,3,3,4,5,4,4,2,3,1,0.0,satisfied
50547,Female,Loyal Customer,70,Personal Travel,Eco,86,2,5,0,4,2,2,5,3,3,0,3,5,3,5,41,40.0,neutral or dissatisfied
32761,Male,disloyal Customer,34,Business travel,Business,216,1,1,1,3,1,1,1,1,4,1,3,4,3,1,0,0.0,neutral or dissatisfied
77026,Female,Loyal Customer,30,Business travel,Business,368,3,5,3,3,4,4,4,4,5,1,4,1,2,4,2,1.0,satisfied
97660,Male,Loyal Customer,34,Business travel,Business,491,2,5,2,2,5,5,4,4,4,4,4,3,4,4,0,0.0,satisfied
66339,Female,Loyal Customer,39,Business travel,Business,1637,3,3,3,3,5,4,5,5,5,5,5,4,5,5,35,25.0,satisfied
93384,Female,Loyal Customer,54,Business travel,Business,605,1,1,1,1,2,4,4,4,4,4,4,3,4,4,3,0.0,satisfied
118998,Male,Loyal Customer,35,Business travel,Business,3835,3,3,3,3,5,4,5,5,5,5,5,5,5,5,0,0.0,satisfied
94661,Male,disloyal Customer,25,Business travel,Business,248,4,4,4,1,2,4,2,2,4,3,5,4,5,2,4,0.0,neutral or dissatisfied
120735,Female,Loyal Customer,45,Business travel,Business,1557,2,2,2,2,3,3,4,2,2,2,2,1,2,4,8,18.0,neutral or dissatisfied
60489,Female,Loyal Customer,33,Business travel,Business,862,3,5,5,5,3,2,3,3,3,3,3,2,3,3,0,0.0,neutral or dissatisfied
70439,Male,Loyal Customer,33,Business travel,Eco,187,3,4,4,4,3,2,3,3,2,4,2,2,2,3,6,0.0,neutral or dissatisfied
117931,Male,Loyal Customer,44,Business travel,Business,2059,3,3,3,3,2,4,5,5,5,5,5,4,5,4,4,20.0,satisfied
16812,Female,Loyal Customer,23,Business travel,Business,645,3,3,3,3,5,5,5,5,5,4,5,2,5,5,0,0.0,satisfied
63553,Male,Loyal Customer,51,Business travel,Business,1009,3,3,3,3,5,4,5,4,4,4,4,4,4,4,0,0.0,satisfied
100274,Female,disloyal Customer,26,Business travel,Business,1101,3,5,3,4,3,3,3,3,4,4,5,4,5,3,0,12.0,neutral or dissatisfied
84015,Male,Loyal Customer,21,Personal Travel,Eco,321,3,5,3,4,3,3,3,3,2,4,2,4,5,3,22,20.0,neutral or dissatisfied
40877,Male,Loyal Customer,39,Personal Travel,Eco,590,1,3,1,1,5,1,4,5,3,4,4,3,3,5,0,9.0,neutral or dissatisfied
62353,Female,Loyal Customer,18,Personal Travel,Eco,1735,1,4,1,4,2,1,2,2,4,5,3,4,4,2,10,28.0,neutral or dissatisfied
49146,Male,disloyal Customer,22,Business travel,Eco,156,4,0,4,3,5,4,5,5,4,5,4,3,4,5,22,27.0,neutral or dissatisfied
80688,Female,Loyal Customer,39,Business travel,Business,2000,3,3,1,3,4,5,4,2,2,2,2,5,2,3,0,0.0,satisfied
75194,Male,Loyal Customer,30,Business travel,Business,1744,2,2,2,2,2,1,2,2,1,5,4,4,4,2,0,29.0,neutral or dissatisfied
55802,Male,Loyal Customer,41,Business travel,Business,1416,2,2,2,2,5,5,4,4,4,4,4,4,4,4,0,0.0,satisfied
28343,Male,Loyal Customer,68,Personal Travel,Eco,867,2,5,2,3,5,2,5,5,3,4,4,2,5,5,0,0.0,neutral or dissatisfied
58758,Female,Loyal Customer,47,Business travel,Eco,1005,1,2,2,2,3,3,4,2,2,1,2,3,2,4,0,0.0,neutral or dissatisfied
3358,Male,disloyal Customer,25,Business travel,Eco,296,2,4,2,4,2,5,5,1,3,4,4,5,4,5,207,206.0,neutral or dissatisfied
66782,Female,Loyal Customer,53,Business travel,Business,3711,3,3,3,3,4,3,3,5,5,4,5,3,4,3,1,113.0,satisfied
74730,Female,Loyal Customer,34,Personal Travel,Eco,1235,5,1,5,3,3,5,3,3,3,2,2,3,3,3,0,0.0,satisfied
45660,Female,Loyal Customer,35,Business travel,Eco Plus,230,5,5,5,5,5,5,5,5,2,2,2,3,2,5,8,9.0,satisfied
52136,Male,Loyal Customer,43,Business travel,Business,2102,3,3,3,3,4,5,5,5,5,4,5,4,5,5,0,0.0,satisfied
30213,Male,Loyal Customer,46,Personal Travel,Eco Plus,82,1,5,1,1,3,1,4,3,3,3,5,5,5,3,0,0.0,neutral or dissatisfied
44290,Male,Loyal Customer,46,Business travel,Business,1123,1,0,0,3,3,3,3,2,2,0,3,4,2,3,0,6.0,neutral or dissatisfied
125734,Female,Loyal Customer,55,Personal Travel,Eco Plus,857,1,1,1,2,2,2,2,2,2,1,2,4,2,3,9,17.0,neutral or dissatisfied
16459,Male,Loyal Customer,60,Personal Travel,Eco,529,3,5,5,1,5,5,5,5,2,4,1,1,2,5,6,0.0,neutral or dissatisfied
45676,Female,Loyal Customer,45,Business travel,Eco,826,5,1,1,1,5,5,2,5,5,5,5,1,5,5,100,,satisfied
128392,Male,disloyal Customer,33,Business travel,Eco,647,1,2,1,3,4,1,4,4,2,4,4,2,3,4,27,30.0,neutral or dissatisfied
5147,Male,Loyal Customer,42,Business travel,Eco,622,3,4,4,4,3,3,3,3,3,5,4,2,3,3,0,0.0,neutral or dissatisfied
39406,Male,Loyal Customer,28,Personal Travel,Eco,546,1,1,1,4,3,1,3,3,4,3,3,2,4,3,0,0.0,neutral or dissatisfied
79280,Male,Loyal Customer,68,Personal Travel,Business,2248,4,4,4,2,5,4,4,4,4,4,4,1,4,3,0,0.0,neutral or dissatisfied
116764,Female,Loyal Customer,56,Personal Travel,Eco Plus,447,1,5,2,1,2,3,3,5,5,4,5,3,5,3,141,129.0,neutral or dissatisfied
37342,Female,Loyal Customer,51,Business travel,Business,944,3,3,3,3,1,3,5,4,4,4,4,1,4,4,21,30.0,satisfied
117817,Female,Loyal Customer,8,Personal Travel,Eco,328,3,2,3,3,3,3,3,3,3,4,4,4,3,3,0,0.0,neutral or dissatisfied
62122,Female,Loyal Customer,49,Business travel,Business,2425,5,5,4,5,4,4,5,4,4,4,4,4,4,3,0,0.0,satisfied
129142,Male,Loyal Customer,44,Business travel,Business,2963,1,1,1,1,5,4,5,4,4,4,4,4,4,4,0,0.0,satisfied
8264,Male,Loyal Customer,7,Personal Travel,Eco,125,2,3,0,2,0,1,1,1,1,3,2,1,4,1,226,222.0,neutral or dissatisfied
114525,Male,Loyal Customer,31,Personal Travel,Business,296,4,5,4,3,3,4,3,3,3,4,4,3,5,3,0,0.0,neutral or dissatisfied
129880,Female,Loyal Customer,20,Personal Travel,Eco Plus,337,3,1,3,2,2,3,2,2,4,4,1,4,2,2,0,0.0,neutral or dissatisfied
72078,Male,Loyal Customer,39,Business travel,Eco,1056,4,1,1,1,4,4,4,4,3,2,1,3,4,4,10,0.0,satisfied
63805,Male,disloyal Customer,37,Business travel,Business,2724,3,3,3,3,2,3,2,2,3,5,3,2,4,2,0,0.0,neutral or dissatisfied
77909,Female,Loyal Customer,50,Personal Travel,Eco,456,2,1,2,3,1,4,4,1,1,2,1,2,1,4,0,0.0,neutral or dissatisfied
27946,Male,Loyal Customer,42,Business travel,Business,1774,4,4,4,4,2,4,2,4,4,4,4,5,4,3,0,0.0,satisfied
79657,Male,Loyal Customer,76,Business travel,Business,362,3,4,4,4,4,3,3,3,3,3,3,4,3,4,0,0.0,neutral or dissatisfied
49613,Female,disloyal Customer,55,Business travel,Eco,78,2,0,2,1,1,2,1,1,3,5,5,4,5,1,0,0.0,neutral or dissatisfied
124895,Female,Loyal Customer,48,Business travel,Business,728,5,5,2,5,2,5,4,5,5,5,5,5,5,3,5,9.0,satisfied
61287,Male,Loyal Customer,24,Personal Travel,Eco,853,2,5,2,3,3,2,3,3,3,2,5,4,5,3,0,0.0,neutral or dissatisfied
58562,Female,Loyal Customer,30,Personal Travel,Eco Plus,1514,4,4,3,2,5,3,4,5,3,3,4,3,5,5,8,0.0,satisfied
127588,Female,Loyal Customer,50,Business travel,Business,1773,1,1,1,1,3,3,4,5,5,5,5,4,5,4,0,0.0,satisfied
17440,Female,Loyal Customer,8,Personal Travel,Eco,351,3,4,3,3,3,3,3,3,4,4,4,3,5,3,21,9.0,neutral or dissatisfied
128883,Female,Loyal Customer,32,Business travel,Business,2454,1,1,1,1,4,4,4,3,5,3,4,4,5,4,1,0.0,satisfied
105086,Male,Loyal Customer,41,Business travel,Business,2055,5,5,5,5,4,5,5,5,5,5,5,3,5,5,9,0.0,satisfied
74264,Female,Loyal Customer,39,Business travel,Business,1649,1,2,2,2,1,3,3,1,1,1,1,1,1,2,12,16.0,neutral or dissatisfied
94975,Female,Loyal Customer,38,Business travel,Business,248,5,5,5,5,1,5,2,5,5,5,5,1,5,2,0,0.0,satisfied
113170,Female,Loyal Customer,48,Personal Travel,Eco,628,1,5,1,5,1,4,3,4,4,5,5,3,5,3,371,372.0,neutral or dissatisfied
124938,Male,Loyal Customer,46,Personal Travel,Eco,728,1,4,1,1,3,1,3,3,1,4,3,4,3,3,0,0.0,neutral or dissatisfied
78638,Male,disloyal Customer,37,Business travel,Business,2172,2,2,2,5,2,2,2,2,3,4,4,5,4,2,0,0.0,neutral or dissatisfied
3040,Male,Loyal Customer,43,Business travel,Business,1632,1,1,1,1,4,4,4,5,5,5,5,3,5,4,0,0.0,satisfied
75466,Male,Loyal Customer,31,Personal Travel,Eco,2218,4,5,4,2,5,4,5,5,4,3,1,3,5,5,0,0.0,neutral or dissatisfied
123814,Female,Loyal Customer,59,Business travel,Business,3818,1,1,1,1,5,4,5,5,5,5,5,4,5,3,34,18.0,satisfied
11678,Male,Loyal Customer,43,Business travel,Business,3730,5,5,5,5,5,5,4,5,5,5,5,3,5,4,0,0.0,satisfied
128404,Female,disloyal Customer,30,Business travel,Eco,370,4,2,4,3,5,4,5,5,1,5,3,1,4,5,0,0.0,neutral or dissatisfied
119642,Male,Loyal Customer,40,Business travel,Business,2967,3,3,3,3,5,5,5,3,3,3,3,4,3,5,0,0.0,satisfied
123062,Male,disloyal Customer,8,Business travel,Eco,600,2,5,2,1,1,2,1,1,3,5,4,3,5,1,0,0.0,neutral or dissatisfied
9929,Female,Loyal Customer,33,Business travel,Business,457,3,3,3,3,3,3,3,3,3,3,3,2,3,3,0,0.0,neutral or dissatisfied
25947,Male,disloyal Customer,27,Business travel,Business,946,3,3,3,2,1,3,1,1,4,5,5,5,5,1,103,72.0,neutral or dissatisfied
19788,Male,disloyal Customer,18,Business travel,Eco,667,3,1,3,4,4,3,4,4,1,5,3,1,3,4,0,0.0,neutral or dissatisfied
126777,Male,disloyal Customer,41,Business travel,Business,2296,3,3,3,3,5,3,5,5,3,3,4,4,4,5,0,0.0,neutral or dissatisfied
51775,Female,Loyal Customer,48,Personal Travel,Eco,370,2,3,2,2,2,3,3,2,2,2,2,4,2,3,99,94.0,neutral or dissatisfied
28145,Male,Loyal Customer,33,Business travel,Eco,569,3,5,3,5,5,5,5,5,2,3,3,4,5,5,0,0.0,satisfied
47585,Male,Loyal Customer,39,Business travel,Eco,1211,3,3,3,3,4,3,3,2,4,3,2,3,2,3,318,314.0,satisfied
129744,Male,Loyal Customer,33,Business travel,Eco,337,5,1,1,1,5,4,5,5,3,1,3,1,4,5,0,0.0,neutral or dissatisfied
85385,Male,Loyal Customer,53,Personal Travel,Business,332,3,5,4,3,2,4,4,1,1,4,1,3,1,3,0,0.0,neutral or dissatisfied
42944,Female,Loyal Customer,21,Personal Travel,Business,192,1,5,1,1,2,1,2,2,4,2,5,4,4,2,38,33.0,neutral or dissatisfied
55184,Male,Loyal Customer,60,Business travel,Business,1379,1,1,4,1,3,4,5,4,4,4,4,5,4,5,3,0.0,satisfied
102709,Male,Loyal Customer,41,Business travel,Eco,365,4,3,3,3,5,4,5,5,2,5,5,2,5,5,2,0.0,satisfied
122237,Female,Loyal Customer,45,Business travel,Business,541,3,3,5,3,4,4,4,4,4,4,4,4,4,5,0,0.0,satisfied
18267,Male,Loyal Customer,53,Personal Travel,Eco,179,1,3,1,3,2,1,2,2,3,1,1,3,2,2,0,0.0,neutral or dissatisfied
122328,Female,disloyal Customer,33,Business travel,Eco Plus,603,2,2,2,4,1,2,1,1,3,3,4,3,4,1,0,0.0,neutral or dissatisfied
55607,Male,Loyal Customer,40,Business travel,Business,2314,1,1,1,1,5,1,1,4,4,4,4,5,4,2,0,0.0,satisfied
70261,Male,Loyal Customer,40,Business travel,Business,852,5,5,5,5,3,5,5,5,5,5,5,5,5,3,0,0.0,satisfied
69539,Female,Loyal Customer,43,Business travel,Business,2446,4,4,4,4,4,4,4,3,4,4,4,4,3,4,46,108.0,satisfied
22165,Female,disloyal Customer,26,Business travel,Eco,533,1,0,2,3,2,2,2,2,5,2,3,3,4,2,0,9.0,neutral or dissatisfied
59415,Female,Loyal Customer,38,Personal Travel,Eco,2367,2,4,2,1,1,2,3,1,5,3,4,5,4,1,4,0.0,neutral or dissatisfied
39356,Male,disloyal Customer,22,Business travel,Eco,896,3,3,3,4,3,3,3,3,1,3,2,4,3,3,0,,neutral or dissatisfied
119732,Male,Loyal Customer,27,Business travel,Business,1882,3,2,3,2,3,2,3,3,2,2,3,4,4,3,0,21.0,neutral or dissatisfied
117489,Male,Loyal Customer,55,Business travel,Business,2027,1,1,4,1,2,4,5,5,5,5,5,3,5,3,9,0.0,satisfied
85435,Female,Loyal Customer,47,Business travel,Business,1986,4,3,4,4,2,5,5,4,4,4,5,4,4,5,0,0.0,satisfied
13616,Female,Loyal Customer,60,Personal Travel,Eco Plus,214,3,0,3,3,4,4,5,4,4,3,4,5,4,5,0,0.0,neutral or dissatisfied
108014,Female,Loyal Customer,59,Business travel,Business,3133,2,2,2,2,5,5,4,4,4,5,4,5,4,5,3,2.0,satisfied
96919,Male,Loyal Customer,46,Personal Travel,Eco,849,3,4,3,3,4,3,4,4,4,4,5,3,5,4,35,18.0,neutral or dissatisfied
34737,Male,disloyal Customer,20,Business travel,Eco,209,2,1,2,3,3,2,3,3,3,3,3,2,3,3,5,4.0,neutral or dissatisfied
61636,Female,disloyal Customer,41,Business travel,Business,1379,1,1,1,3,1,1,1,1,4,4,4,5,5,1,18,0.0,neutral or dissatisfied
43638,Male,Loyal Customer,25,Business travel,Business,3982,2,2,2,2,4,4,4,4,3,2,4,5,2,4,0,0.0,satisfied
51950,Male,Loyal Customer,56,Business travel,Business,2314,3,3,3,3,4,1,2,4,4,4,4,4,4,4,0,6.0,satisfied
91170,Female,Loyal Customer,57,Personal Travel,Eco,594,1,3,1,3,2,1,2,5,5,1,5,3,5,4,0,0.0,neutral or dissatisfied
38066,Male,Loyal Customer,38,Business travel,Business,1197,2,2,4,2,4,1,1,4,4,4,4,2,4,1,0,0.0,satisfied
106280,Male,disloyal Customer,48,Business travel,Business,604,3,3,3,3,2,3,1,2,5,3,5,5,5,2,8,7.0,neutral or dissatisfied
84637,Male,disloyal Customer,21,Business travel,Eco,707,4,4,4,5,1,4,1,1,3,2,4,3,5,1,0,0.0,satisfied
11515,Male,Loyal Customer,18,Personal Travel,Eco Plus,308,3,5,3,3,2,3,2,2,3,5,4,4,5,2,0,3.0,neutral or dissatisfied
53571,Male,Loyal Customer,50,Business travel,Business,1195,3,5,5,5,2,2,2,3,3,3,3,3,3,4,0,0.0,neutral or dissatisfied
56663,Female,disloyal Customer,27,Business travel,Eco,537,2,1,3,4,5,3,5,5,2,5,3,1,3,5,19,16.0,neutral or dissatisfied
129755,Female,disloyal Customer,37,Business travel,Eco,337,1,2,1,4,1,1,1,1,2,2,4,1,3,1,1,13.0,neutral or dissatisfied
118894,Female,Loyal Customer,34,Business travel,Business,570,3,3,3,3,5,5,5,5,5,5,5,3,5,5,11,3.0,satisfied
74801,Female,Loyal Customer,30,Business travel,Business,2494,2,2,4,2,5,5,5,5,3,5,5,5,5,5,0,0.0,satisfied
64575,Female,disloyal Customer,26,Business travel,Business,247,1,0,1,2,5,1,5,5,4,2,4,5,5,5,0,0.0,neutral or dissatisfied
38288,Female,Loyal Customer,30,Business travel,Eco Plus,1050,4,2,2,2,4,4,4,4,2,3,5,4,1,4,0,0.0,satisfied
13562,Female,Loyal Customer,56,Personal Travel,Eco,106,4,4,4,2,3,5,4,5,5,4,5,3,5,5,2,77.0,neutral or dissatisfied
106435,Male,Loyal Customer,19,Business travel,Business,643,2,2,2,2,3,3,3,3,5,5,4,5,4,3,0,0.0,satisfied
113920,Male,disloyal Customer,19,Business travel,Eco,1366,4,5,5,4,3,4,3,3,3,4,2,3,2,3,0,0.0,satisfied
99834,Female,Loyal Customer,45,Business travel,Eco,534,3,4,4,4,1,3,3,3,3,3,3,1,3,2,0,0.0,neutral or dissatisfied
116312,Male,Loyal Customer,40,Personal Travel,Eco,371,1,3,4,4,1,4,1,1,4,5,3,3,4,1,32,31.0,neutral or dissatisfied
66481,Female,Loyal Customer,59,Business travel,Business,447,2,2,2,2,4,5,4,5,5,5,5,3,5,4,17,6.0,satisfied
64316,Female,disloyal Customer,28,Business travel,Business,1192,4,4,4,2,4,4,2,4,5,2,4,5,5,4,0,0.0,satisfied
94015,Male,Loyal Customer,50,Business travel,Business,2356,3,3,3,3,4,4,5,5,5,5,5,4,5,4,73,76.0,satisfied
3010,Male,Loyal Customer,54,Business travel,Business,987,1,3,3,3,4,2,2,1,1,1,1,2,1,3,0,0.0,neutral or dissatisfied
31812,Male,Loyal Customer,42,Business travel,Business,4983,3,3,3,3,5,4,4,4,5,4,3,4,2,4,0,0.0,satisfied
51763,Female,Loyal Customer,26,Personal Travel,Eco,261,1,4,1,5,4,1,4,4,4,2,3,4,1,4,0,0.0,neutral or dissatisfied
35307,Male,Loyal Customer,46,Business travel,Business,3273,2,4,4,4,4,4,4,2,2,2,2,3,2,4,17,21.0,neutral or dissatisfied
8716,Male,Loyal Customer,59,Personal Travel,Eco,304,2,5,4,4,2,4,4,2,5,5,4,3,5,2,17,57.0,neutral or dissatisfied
128876,Male,Loyal Customer,58,Business travel,Business,2565,2,2,2,2,4,4,4,4,5,3,4,4,3,4,0,0.0,satisfied
124166,Female,Loyal Customer,53,Personal Travel,Eco,2133,1,2,1,3,4,2,4,5,5,1,1,2,5,2,0,0.0,neutral or dissatisfied
32458,Female,disloyal Customer,50,Business travel,Eco,101,3,4,3,4,1,3,1,1,1,1,3,3,3,1,6,3.0,neutral or dissatisfied
98659,Male,Loyal Customer,61,Personal Travel,Eco,951,3,4,3,4,3,3,3,3,1,2,4,3,3,3,0,0.0,neutral or dissatisfied
101393,Female,disloyal Customer,24,Business travel,Eco,486,2,1,1,4,5,1,5,5,2,2,4,1,4,5,9,0.0,neutral or dissatisfied
37560,Male,Loyal Customer,33,Business travel,Business,1080,2,2,2,2,2,2,2,2,5,4,4,1,3,2,0,0.0,satisfied
19813,Female,disloyal Customer,23,Business travel,Eco,413,0,4,0,1,1,0,1,1,4,5,1,5,5,1,0,0.0,satisfied
5577,Male,Loyal Customer,31,Personal Travel,Eco,588,3,4,3,1,5,3,5,5,3,5,5,4,5,5,0,0.0,neutral or dissatisfied
3427,Female,Loyal Customer,61,Personal Travel,Eco,315,2,5,2,1,3,4,5,5,5,2,5,3,5,5,0,0.0,neutral or dissatisfied
64339,Male,Loyal Customer,28,Business travel,Business,1212,4,4,4,4,4,4,4,4,5,4,5,3,5,4,0,0.0,satisfied
103220,Female,Loyal Customer,56,Business travel,Eco,351,2,3,3,3,2,4,3,2,2,2,2,2,2,4,38,46.0,neutral or dissatisfied
86293,Female,Loyal Customer,8,Personal Travel,Eco,306,2,4,2,5,2,1,1,3,5,4,5,1,4,1,132,128.0,neutral or dissatisfied
128962,Female,Loyal Customer,39,Business travel,Business,236,2,2,2,2,1,3,1,4,4,4,4,3,4,5,0,0.0,satisfied
44951,Male,Loyal Customer,37,Personal Travel,Eco,349,3,5,3,3,1,3,1,1,4,5,5,5,4,1,3,37.0,neutral or dissatisfied
9336,Female,disloyal Customer,38,Business travel,Business,401,5,5,5,3,4,5,1,4,3,5,4,3,5,4,44,32.0,satisfied
39370,Male,Loyal Customer,35,Business travel,Eco Plus,826,5,1,1,1,5,4,5,5,1,1,1,2,5,5,76,110.0,satisfied
14558,Male,Loyal Customer,19,Business travel,Eco Plus,299,1,5,5,5,1,1,2,1,3,3,3,1,3,1,0,0.0,neutral or dissatisfied
44771,Female,Loyal Customer,46,Business travel,Eco,1250,2,3,3,3,4,5,2,2,2,2,2,2,2,1,0,0.0,satisfied
15126,Female,Loyal Customer,35,Business travel,Eco,1042,5,4,4,4,5,5,5,5,1,2,5,2,3,5,0,0.0,satisfied
22024,Male,Loyal Customer,57,Business travel,Eco Plus,500,4,2,2,2,4,4,4,4,1,4,2,4,4,4,0,1.0,satisfied
106833,Male,Loyal Customer,49,Business travel,Business,1733,3,3,3,3,4,4,5,5,5,5,5,3,5,3,2,0.0,satisfied
52370,Female,Loyal Customer,8,Personal Travel,Eco,370,3,3,3,3,1,3,1,1,4,2,5,3,2,1,1,12.0,neutral or dissatisfied
62111,Male,Loyal Customer,64,Business travel,Business,2454,3,3,3,3,5,5,4,5,5,5,5,3,5,4,0,0.0,satisfied
72128,Male,disloyal Customer,10,Business travel,Business,731,5,4,5,3,2,5,2,2,5,5,5,5,5,2,0,0.0,satisfied
4455,Male,Loyal Customer,36,Personal Travel,Eco Plus,762,2,4,2,3,5,2,5,5,5,2,5,4,5,5,0,0.0,neutral or dissatisfied
32351,Male,disloyal Customer,39,Business travel,Eco,121,2,5,1,4,4,1,4,4,1,3,4,1,3,4,0,0.0,neutral or dissatisfied
28433,Male,Loyal Customer,26,Business travel,Business,2496,2,2,2,2,2,2,2,4,5,3,5,2,2,2,0,22.0,satisfied
56709,Female,Loyal Customer,54,Personal Travel,Eco,1068,3,4,3,1,5,4,4,5,5,3,5,3,5,3,47,22.0,neutral or dissatisfied
123580,Female,Loyal Customer,17,Personal Travel,Eco,1773,2,3,1,3,2,1,5,2,4,1,3,2,3,2,2,0.0,neutral or dissatisfied
66833,Male,Loyal Customer,31,Business travel,Business,2914,4,4,4,4,4,4,4,4,4,3,5,5,4,4,42,20.0,satisfied
78442,Male,disloyal Customer,32,Business travel,Eco,666,2,1,1,4,2,1,2,2,2,2,4,1,3,2,0,27.0,neutral or dissatisfied
49329,Female,Loyal Customer,37,Business travel,Eco,337,4,4,4,4,4,4,4,4,4,3,3,5,1,4,0,0.0,satisfied
127102,Male,Loyal Customer,57,Personal Travel,Eco,370,5,1,5,4,2,5,2,2,1,5,3,1,3,2,8,0.0,satisfied
82124,Female,Loyal Customer,41,Business travel,Business,2519,5,5,5,5,2,4,4,3,3,4,3,3,3,3,3,0.0,satisfied
51507,Male,disloyal Customer,36,Business travel,Eco,598,3,0,3,3,5,3,3,5,2,1,5,3,2,5,0,0.0,neutral or dissatisfied
94113,Female,Loyal Customer,29,Personal Travel,Business,323,3,1,3,3,3,3,3,3,2,1,3,1,3,3,124,106.0,neutral or dissatisfied
111051,Female,Loyal Customer,52,Business travel,Business,3214,1,1,1,1,4,3,3,4,4,4,4,2,4,2,4,0.0,satisfied
123926,Female,Loyal Customer,22,Personal Travel,Eco,544,3,4,3,1,5,3,5,5,2,2,3,4,5,5,0,0.0,neutral or dissatisfied
113386,Female,Loyal Customer,59,Business travel,Business,2682,4,4,2,4,2,5,5,5,5,5,5,3,5,3,16,11.0,satisfied
100305,Male,disloyal Customer,27,Business travel,Eco,1011,1,1,1,4,2,1,2,2,3,2,4,4,4,2,6,0.0,neutral or dissatisfied
38231,Female,disloyal Customer,16,Business travel,Eco,1173,4,4,4,3,5,4,5,5,3,5,3,1,3,5,84,86.0,neutral or dissatisfied
112815,Male,Loyal Customer,50,Business travel,Business,3628,4,4,2,4,4,5,4,4,4,4,4,5,4,3,4,8.0,satisfied
90020,Male,disloyal Customer,24,Business travel,Eco,1127,4,5,5,1,1,5,1,1,5,3,4,3,4,1,0,0.0,satisfied
36254,Male,Loyal Customer,30,Business travel,Business,728,4,1,1,1,4,4,4,4,1,1,2,1,2,4,34,51.0,neutral or dissatisfied
2866,Female,Loyal Customer,34,Business travel,Business,409,1,1,1,1,1,2,3,3,3,5,3,2,3,1,6,0.0,satisfied
86259,Female,Loyal Customer,15,Personal Travel,Eco,226,4,1,4,4,5,4,5,5,1,5,4,1,4,5,0,1.0,satisfied
115692,Female,disloyal Customer,33,Business travel,Business,417,2,2,2,1,5,2,3,5,3,3,5,4,4,5,0,0.0,neutral or dissatisfied
29507,Female,Loyal Customer,42,Personal Travel,Eco,1107,3,2,3,3,4,4,3,3,3,3,3,3,3,4,0,0.0,neutral or dissatisfied
74995,Female,Loyal Customer,65,Personal Travel,Eco Plus,2586,1,5,1,4,5,4,5,4,4,1,1,3,4,3,67,40.0,neutral or dissatisfied
2450,Female,Loyal Customer,24,Personal Travel,Eco Plus,641,2,4,2,2,3,2,3,3,5,5,4,3,4,3,0,0.0,neutral or dissatisfied
25229,Male,Loyal Customer,15,Business travel,Eco,925,4,2,2,2,4,4,4,4,1,4,4,5,5,4,3,0.0,satisfied
44218,Male,Loyal Customer,33,Business travel,Business,222,2,2,2,2,5,5,5,5,5,5,3,5,5,5,0,0.0,satisfied
6804,Female,disloyal Customer,80,Business travel,Business,235,4,4,4,3,5,4,4,5,5,4,5,1,5,5,13,0.0,satisfied
104688,Male,Loyal Customer,48,Business travel,Business,3386,0,4,0,1,2,4,5,2,2,3,3,5,2,4,102,88.0,satisfied
39180,Female,Loyal Customer,13,Personal Travel,Eco,287,3,3,3,2,2,3,2,2,1,2,2,5,1,2,0,6.0,neutral or dissatisfied
21086,Female,Loyal Customer,48,Business travel,Business,106,1,3,3,3,1,2,2,4,4,4,1,4,4,4,19,13.0,neutral or dissatisfied
32963,Female,Loyal Customer,28,Personal Travel,Eco,101,4,5,4,3,2,4,2,2,5,5,4,4,5,2,0,3.0,satisfied
88337,Female,disloyal Customer,26,Business travel,Eco,515,3,2,3,3,4,3,4,4,1,4,3,2,4,4,0,0.0,neutral or dissatisfied
84245,Female,Loyal Customer,41,Personal Travel,Eco Plus,432,0,4,0,3,4,5,5,4,4,0,4,4,4,4,0,0.0,satisfied
103216,Male,Loyal Customer,49,Business travel,Business,462,5,5,5,5,3,5,5,4,4,4,4,5,4,3,23,2.0,satisfied
123745,Male,disloyal Customer,38,Business travel,Business,96,4,4,4,4,2,4,2,2,3,5,4,3,5,2,0,0.0,satisfied
89636,Male,Loyal Customer,37,Business travel,Business,1096,4,4,4,4,5,5,5,4,4,4,4,5,4,4,0,0.0,satisfied
25835,Male,Loyal Customer,29,Business travel,Business,692,1,1,1,1,4,4,4,4,2,3,2,3,1,4,0,0.0,satisfied
32748,Female,Loyal Customer,33,Business travel,Eco,101,4,5,5,5,4,4,4,4,3,4,5,3,5,4,0,0.0,satisfied
113820,Female,Loyal Customer,30,Personal Travel,Eco Plus,236,3,5,3,2,1,3,1,1,5,2,4,3,4,1,0,0.0,neutral or dissatisfied
1311,Male,Loyal Customer,42,Business travel,Business,3521,1,1,5,1,2,5,4,5,5,5,5,5,5,4,0,0.0,satisfied
54315,Male,Loyal Customer,52,Business travel,Eco,1597,3,2,2,2,3,3,3,3,2,5,2,2,3,3,3,0.0,neutral or dissatisfied
65481,Female,disloyal Customer,27,Business travel,Eco,903,3,3,3,4,4,3,4,4,5,3,4,2,1,4,0,0.0,neutral or dissatisfied
74448,Female,disloyal Customer,29,Business travel,Business,1205,4,4,4,2,3,4,3,3,3,3,4,3,4,3,0,0.0,satisfied
29837,Male,Loyal Customer,38,Business travel,Business,2627,3,1,1,1,3,4,4,3,3,3,3,1,3,4,30,25.0,neutral or dissatisfied
109337,Female,Loyal Customer,47,Personal Travel,Eco,1200,2,2,1,3,1,4,4,2,2,1,2,4,2,4,11,7.0,neutral or dissatisfied
49309,Male,Loyal Customer,26,Business travel,Business,2758,4,5,5,5,2,2,4,2,3,5,3,3,4,2,0,0.0,neutral or dissatisfied
5070,Male,Loyal Customer,35,Business travel,Eco,224,1,5,5,5,1,1,1,1,2,2,4,1,3,1,0,0.0,neutral or dissatisfied
87982,Female,Loyal Customer,55,Business travel,Business,271,4,4,4,4,3,4,4,5,5,5,5,3,5,5,0,0.0,satisfied
72344,Male,Loyal Customer,47,Business travel,Business,3633,1,1,1,1,2,4,3,1,1,1,1,1,1,4,0,4.0,neutral or dissatisfied
82848,Female,Loyal Customer,40,Business travel,Business,3473,5,5,5,5,3,5,4,5,5,5,5,5,5,4,0,0.0,satisfied
103735,Male,Loyal Customer,60,Personal Travel,Eco,405,1,1,1,3,4,1,4,4,1,4,3,4,3,4,0,0.0,neutral or dissatisfied
4814,Male,Loyal Customer,46,Business travel,Business,2916,3,3,3,3,2,4,4,4,4,4,4,3,4,5,5,10.0,satisfied
75712,Female,Loyal Customer,49,Business travel,Business,813,1,1,3,1,5,4,5,4,4,4,4,3,4,4,20,1.0,satisfied
53590,Male,disloyal Customer,25,Business travel,Eco,599,4,3,4,4,3,4,3,3,5,5,3,5,2,3,14,0.0,satisfied
129643,Female,Loyal Customer,44,Business travel,Business,1803,0,0,0,3,2,5,4,1,1,1,1,5,1,5,87,90.0,satisfied
110932,Male,Loyal Customer,69,Personal Travel,Eco,406,3,4,3,3,3,3,3,3,4,4,1,4,3,3,0,0.0,neutral or dissatisfied
20340,Female,disloyal Customer,42,Business travel,Eco,287,2,0,2,5,3,2,4,3,3,5,4,5,5,3,60,45.0,neutral or dissatisfied
28348,Male,Loyal Customer,55,Personal Travel,Eco,867,3,2,3,3,2,3,2,2,3,4,4,4,3,2,0,0.0,neutral or dissatisfied
101990,Female,Loyal Customer,58,Personal Travel,Eco,628,3,4,3,1,2,4,5,4,4,3,4,5,4,4,3,0.0,neutral or dissatisfied
125893,Male,Loyal Customer,42,Personal Travel,Eco,920,4,4,4,4,4,4,4,4,1,2,4,3,4,4,0,10.0,neutral or dissatisfied
107929,Male,Loyal Customer,49,Business travel,Business,3982,3,1,3,3,3,4,4,4,4,4,4,3,4,4,0,0.0,satisfied
60092,Male,Loyal Customer,46,Business travel,Business,1005,5,5,5,5,2,4,4,3,3,3,3,3,3,4,28,3.0,satisfied
53215,Female,Loyal Customer,29,Business travel,Business,3240,4,2,2,2,4,3,4,4,3,1,3,4,3,4,0,0.0,neutral or dissatisfied
39744,Female,disloyal Customer,38,Business travel,Eco Plus,410,4,4,4,3,3,4,3,3,1,3,3,2,4,3,0,15.0,neutral or dissatisfied
36100,Female,Loyal Customer,9,Personal Travel,Eco,399,2,4,2,5,1,2,1,1,3,4,3,5,2,1,0,0.0,neutral or dissatisfied
93047,Male,Loyal Customer,48,Personal Travel,Eco,436,3,5,3,5,1,3,1,1,4,2,5,4,5,1,0,,neutral or dissatisfied
112874,Female,Loyal Customer,30,Business travel,Business,1164,2,2,2,2,5,5,5,5,3,4,5,3,5,5,0,0.0,satisfied
17269,Female,Loyal Customer,54,Personal Travel,Eco,872,1,1,1,3,2,3,4,2,2,1,1,1,2,2,0,0.0,neutral or dissatisfied
6517,Male,Loyal Customer,25,Business travel,Eco,599,2,3,3,3,2,2,2,2,3,1,4,1,3,2,25,14.0,neutral or dissatisfied
46359,Female,Loyal Customer,52,Business travel,Business,3246,2,3,3,3,4,2,2,2,2,2,2,3,2,4,0,0.0,neutral or dissatisfied
87595,Male,Loyal Customer,26,Personal Travel,Eco,432,4,5,4,3,4,4,4,4,4,5,5,5,5,4,0,21.0,neutral or dissatisfied
51974,Female,Loyal Customer,59,Business travel,Eco,347,4,1,1,1,3,4,4,4,4,4,4,4,4,1,0,0.0,satisfied
2979,Female,Loyal Customer,41,Business travel,Business,462,3,2,2,2,3,3,3,1,4,3,2,3,2,3,185,174.0,neutral or dissatisfied
23932,Male,Loyal Customer,38,Business travel,Eco Plus,589,4,4,5,4,4,4,4,4,1,5,3,1,4,4,49,25.0,neutral or dissatisfied
113231,Male,disloyal Customer,27,Business travel,Business,226,3,3,3,4,4,3,5,4,1,2,3,4,4,4,21,15.0,neutral or dissatisfied
41022,Female,Loyal Customer,35,Business travel,Business,1086,2,2,2,2,2,4,4,5,5,5,5,3,5,4,0,0.0,satisfied
112504,Male,Loyal Customer,14,Personal Travel,Eco,819,4,5,4,3,4,4,5,4,4,2,5,4,4,4,0,0.0,neutral or dissatisfied
13262,Male,Loyal Customer,37,Business travel,Business,468,2,2,2,2,5,3,3,2,2,1,2,2,2,3,0,5.0,neutral or dissatisfied
119268,Female,Loyal Customer,54,Business travel,Business,3964,0,5,0,1,3,5,5,4,4,4,2,3,4,3,0,0.0,satisfied
4938,Male,disloyal Customer,41,Business travel,Business,268,3,3,3,4,1,3,1,1,2,3,3,2,3,1,11,29.0,neutral or dissatisfied
111590,Male,Loyal Customer,23,Personal Travel,Eco,794,3,4,3,2,3,3,3,3,3,5,4,4,5,3,24,29.0,neutral or dissatisfied
30759,Female,Loyal Customer,49,Business travel,Eco,683,4,3,4,4,5,4,1,4,4,4,4,5,4,2,9,11.0,satisfied
78180,Male,Loyal Customer,43,Business travel,Business,3851,3,3,3,3,4,4,5,5,5,5,4,5,5,4,0,0.0,satisfied
53772,Female,Loyal Customer,12,Personal Travel,Eco,1195,1,5,1,2,2,1,2,2,5,2,4,3,5,2,0,0.0,neutral or dissatisfied
51056,Female,Loyal Customer,7,Personal Travel,Eco,209,3,3,3,4,4,3,4,4,1,4,4,2,3,4,3,0.0,neutral or dissatisfied
78866,Female,disloyal Customer,23,Business travel,Eco,979,3,3,3,4,3,3,3,3,2,3,3,4,4,3,0,0.0,neutral or dissatisfied
56255,Male,Loyal Customer,71,Business travel,Business,404,3,2,2,2,5,3,2,3,3,2,3,2,3,1,11,23.0,neutral or dissatisfied
59062,Male,Loyal Customer,46,Business travel,Business,1744,1,1,1,1,3,4,5,5,5,5,5,4,5,3,3,0.0,satisfied
63160,Female,Loyal Customer,44,Business travel,Business,1860,1,1,1,1,3,5,4,4,4,4,4,4,4,4,0,9.0,satisfied
116630,Male,Loyal Customer,48,Business travel,Eco Plus,337,4,5,5,5,4,4,4,4,3,3,3,1,3,4,0,0.0,neutral or dissatisfied
6505,Female,Loyal Customer,30,Business travel,Business,599,1,1,1,1,5,4,5,5,5,4,5,3,5,5,14,7.0,satisfied
108134,Male,Loyal Customer,46,Business travel,Business,1166,3,5,5,5,4,3,4,3,3,3,3,1,3,2,0,0.0,neutral or dissatisfied
52849,Male,Loyal Customer,57,Personal Travel,Eco,1721,3,4,3,2,4,3,3,4,5,4,4,4,1,4,0,0.0,neutral or dissatisfied
30659,Male,Loyal Customer,18,Personal Travel,Eco,533,4,3,1,4,5,1,5,5,3,3,3,4,4,5,0,0.0,neutral or dissatisfied
112782,Female,Loyal Customer,46,Personal Travel,Eco,590,4,5,4,5,2,5,5,4,4,4,3,3,4,5,0,0.0,neutral or dissatisfied
21089,Female,Loyal Customer,32,Business travel,Business,2369,2,1,3,3,1,1,2,1,4,3,4,1,4,1,0,0.0,neutral or dissatisfied
32721,Male,Loyal Customer,38,Business travel,Eco,101,4,4,4,4,4,4,4,4,4,3,3,3,2,4,0,0.0,satisfied
63949,Male,Loyal Customer,12,Personal Travel,Eco,1192,3,4,3,3,3,3,3,3,3,5,2,2,3,3,0,0.0,neutral or dissatisfied
71172,Female,Loyal Customer,39,Business travel,Business,2644,4,4,4,4,3,4,4,4,4,4,4,4,4,4,26,29.0,satisfied
31554,Female,Loyal Customer,34,Personal Travel,Eco,846,3,3,3,5,2,3,2,2,5,3,5,2,5,2,0,2.0,neutral or dissatisfied
29892,Male,disloyal Customer,20,Business travel,Eco,548,3,1,3,3,5,3,3,5,2,3,4,1,4,5,20,9.0,neutral or dissatisfied
50805,Male,Loyal Customer,9,Personal Travel,Eco,89,4,4,4,4,1,4,1,1,5,2,5,4,4,1,0,0.0,neutral or dissatisfied
60668,Male,Loyal Customer,10,Personal Travel,Eco,1620,3,5,3,3,1,3,1,1,3,3,4,5,5,1,18,7.0,neutral or dissatisfied
103064,Male,disloyal Customer,16,Business travel,Eco,687,3,3,3,3,3,3,3,3,1,2,3,2,4,3,45,38.0,neutral or dissatisfied
117508,Female,Loyal Customer,39,Personal Travel,Eco,507,3,5,3,3,5,3,5,5,5,4,4,2,4,5,0,5.0,neutral or dissatisfied
67205,Male,Loyal Customer,38,Personal Travel,Eco,918,2,4,2,5,2,2,2,2,4,2,5,4,5,2,48,42.0,neutral or dissatisfied
7700,Male,Loyal Customer,22,Personal Travel,Eco,604,1,4,1,4,3,1,3,3,3,5,5,4,4,3,0,7.0,neutral or dissatisfied
33818,Female,Loyal Customer,66,Personal Travel,Eco,1521,3,4,3,4,5,4,3,2,2,3,1,4,2,4,0,0.0,neutral or dissatisfied
39302,Male,Loyal Customer,35,Personal Travel,Eco,268,3,2,3,3,4,3,4,4,2,3,3,2,3,4,0,0.0,neutral or dissatisfied
55906,Male,Loyal Customer,23,Business travel,Business,733,2,2,2,2,5,5,5,5,3,1,4,1,1,5,67,35.0,satisfied
5200,Male,Loyal Customer,42,Business travel,Business,3482,2,2,2,2,4,5,4,5,5,4,5,3,5,5,0,0.0,satisfied
109943,Male,Loyal Customer,40,Personal Travel,Eco,1204,2,4,2,3,2,2,2,2,4,2,2,1,3,2,9,0.0,neutral or dissatisfied
50024,Female,disloyal Customer,23,Business travel,Eco,262,4,0,4,2,1,4,1,1,5,2,5,4,4,1,0,0.0,neutral or dissatisfied
127023,Male,Loyal Customer,51,Business travel,Business,647,1,5,5,5,4,4,3,1,1,1,1,3,1,3,0,0.0,neutral or dissatisfied
120514,Female,Loyal Customer,27,Personal Travel,Eco Plus,337,1,5,1,3,3,1,3,3,4,5,5,3,4,3,0,0.0,neutral or dissatisfied
396,Male,Loyal Customer,35,Business travel,Business,3838,3,1,5,1,1,4,3,3,3,3,3,2,3,3,0,3.0,neutral or dissatisfied
66247,Male,Loyal Customer,59,Personal Travel,Eco,460,4,5,4,4,3,4,3,3,4,4,4,3,5,3,19,14.0,neutral or dissatisfied
127670,Male,Loyal Customer,36,Business travel,Eco,2153,4,1,1,1,4,4,4,4,1,1,2,4,1,4,0,2.0,neutral or dissatisfied
4307,Male,Loyal Customer,34,Personal Travel,Eco Plus,502,2,5,2,1,1,2,1,1,4,2,4,3,5,1,0,0.0,neutral or dissatisfied
104949,Male,Loyal Customer,60,Business travel,Business,2258,0,0,0,3,3,5,4,3,3,3,3,5,3,3,113,108.0,satisfied
42343,Male,Loyal Customer,70,Personal Travel,Eco,412,3,5,3,2,5,3,5,5,5,3,5,4,4,5,0,0.0,neutral or dissatisfied
19757,Female,Loyal Customer,48,Business travel,Business,462,4,4,4,4,2,4,4,5,5,5,5,2,5,4,0,0.0,satisfied
83867,Male,Loyal Customer,46,Business travel,Business,2374,3,3,3,3,2,4,4,3,3,4,3,5,3,5,0,0.0,satisfied
60505,Female,Loyal Customer,52,Personal Travel,Eco,641,4,5,4,1,1,3,3,3,3,4,5,4,3,4,2,2.0,satisfied
26459,Male,disloyal Customer,72,Business travel,Eco,387,3,0,3,5,2,3,2,2,3,4,1,5,1,2,0,0.0,neutral or dissatisfied
13323,Male,Loyal Customer,59,Business travel,Business,3892,5,5,5,5,4,5,5,4,4,4,4,5,4,5,0,0.0,satisfied
101940,Male,Loyal Customer,42,Business travel,Business,2752,5,5,5,5,2,5,5,4,4,4,4,5,4,4,11,1.0,satisfied
54752,Female,Loyal Customer,7,Personal Travel,Eco,787,3,5,3,4,2,3,4,2,4,2,5,4,4,2,62,49.0,neutral or dissatisfied
94268,Male,Loyal Customer,57,Business travel,Business,189,1,1,1,1,4,5,5,4,4,4,4,5,4,3,15,11.0,satisfied
20856,Male,Loyal Customer,48,Personal Travel,Eco,534,4,4,3,5,1,3,1,1,3,2,4,3,5,1,0,0.0,neutral or dissatisfied
101908,Female,Loyal Customer,50,Personal Travel,Eco,2039,4,5,4,4,2,5,4,1,1,4,1,3,1,4,31,12.0,neutral or dissatisfied
44378,Female,disloyal Customer,24,Business travel,Eco,229,2,1,2,2,5,2,1,5,4,1,2,1,2,5,0,6.0,neutral or dissatisfied
15700,Male,Loyal Customer,21,Personal Travel,Business,419,1,2,1,3,3,1,3,3,1,5,3,2,3,3,0,0.0,neutral or dissatisfied
25586,Female,Loyal Customer,35,Business travel,Eco,813,2,5,5,5,2,2,2,2,1,1,3,1,4,2,8,0.0,neutral or dissatisfied
110518,Female,Loyal Customer,46,Business travel,Business,2670,3,3,3,3,2,5,5,3,3,4,3,4,3,5,8,0.0,satisfied
58454,Male,Loyal Customer,26,Personal Travel,Eco,723,3,3,4,3,4,4,4,4,2,3,3,1,4,4,0,0.0,neutral or dissatisfied
70370,Male,Loyal Customer,53,Personal Travel,Eco,1145,1,5,1,3,4,1,4,4,3,3,5,3,4,4,2,0.0,neutral or dissatisfied
89260,Male,disloyal Customer,36,Business travel,Business,453,3,3,3,4,4,3,4,4,5,2,5,5,4,4,0,0.0,neutral or dissatisfied
114322,Female,Loyal Customer,55,Personal Travel,Eco,850,2,4,2,2,2,4,5,5,5,2,5,4,5,5,0,0.0,neutral or dissatisfied
40678,Female,Loyal Customer,28,Business travel,Business,3409,3,3,5,3,3,3,3,3,3,3,1,3,1,3,0,0.0,satisfied
107961,Female,disloyal Customer,26,Business travel,Business,825,2,2,2,1,2,2,2,2,5,3,4,5,4,2,0,8.0,neutral or dissatisfied
13005,Male,Loyal Customer,47,Business travel,Eco,374,1,3,3,3,1,1,1,1,1,4,4,4,3,1,0,8.0,neutral or dissatisfied
99153,Male,disloyal Customer,35,Business travel,Business,1076,1,1,1,3,3,1,3,3,4,4,4,2,3,3,3,11.0,neutral or dissatisfied
129830,Male,Loyal Customer,39,Personal Travel,Eco,337,1,5,1,4,2,1,4,2,3,4,5,4,5,2,0,30.0,neutral or dissatisfied
113910,Male,Loyal Customer,38,Personal Travel,Eco,2329,2,4,2,1,5,2,4,5,5,5,3,4,5,5,12,18.0,neutral or dissatisfied
4126,Male,Loyal Customer,33,Business travel,Business,427,1,3,3,3,1,1,1,1,1,1,4,2,3,1,8,0.0,neutral or dissatisfied
8629,Female,disloyal Customer,39,Business travel,Business,280,3,3,3,4,3,3,3,3,4,4,3,2,3,3,0,0.0,neutral or dissatisfied
102879,Male,Loyal Customer,12,Personal Travel,Eco,472,1,4,1,2,3,1,3,3,5,3,4,3,4,3,0,0.0,neutral or dissatisfied
36717,Female,Loyal Customer,23,Business travel,Eco Plus,1185,4,3,3,3,4,5,5,4,3,2,4,5,1,4,7,0.0,satisfied
23799,Male,disloyal Customer,27,Business travel,Eco,374,2,2,2,3,1,2,1,1,4,3,3,4,3,1,2,0.0,neutral or dissatisfied
12742,Male,Loyal Customer,18,Personal Travel,Eco,721,3,0,3,3,2,3,2,2,2,2,2,1,4,2,0,0.0,neutral or dissatisfied
84280,Female,Loyal Customer,52,Personal Travel,Eco,334,2,4,2,1,3,4,5,4,4,2,3,3,4,3,20,95.0,neutral or dissatisfied
72931,Female,Loyal Customer,38,Business travel,Business,2511,2,1,1,1,2,2,2,3,1,4,4,2,4,2,149,160.0,neutral or dissatisfied
95946,Male,Loyal Customer,49,Business travel,Business,775,4,4,4,4,2,5,4,5,5,5,5,4,5,3,0,0.0,satisfied
81426,Female,disloyal Customer,30,Business travel,Eco,448,3,3,3,5,1,3,1,1,3,1,3,2,5,1,0,0.0,neutral or dissatisfied
23604,Male,disloyal Customer,20,Business travel,Eco,292,3,4,3,3,2,3,2,2,2,4,4,4,3,2,0,0.0,neutral or dissatisfied
12657,Male,Loyal Customer,27,Business travel,Business,2944,4,4,4,4,4,5,4,4,5,3,3,4,4,4,0,6.0,satisfied
72258,Female,Loyal Customer,45,Business travel,Eco,921,1,5,5,5,5,4,4,1,1,1,1,2,1,3,11,0.0,neutral or dissatisfied
99537,Female,disloyal Customer,29,Business travel,Business,802,2,2,2,3,5,2,5,5,4,4,4,5,4,5,66,56.0,neutral or dissatisfied
95063,Male,Loyal Customer,18,Personal Travel,Eco,239,1,4,0,2,4,0,4,4,2,3,3,2,2,4,3,6.0,neutral or dissatisfied
3198,Male,Loyal Customer,18,Personal Travel,Eco,693,3,5,3,2,2,3,2,2,5,3,5,5,5,2,1,0.0,neutral or dissatisfied
29403,Male,Loyal Customer,67,Personal Travel,Eco,2676,4,4,4,4,4,1,1,3,5,3,5,1,4,1,0,0.0,neutral or dissatisfied
128022,Female,Loyal Customer,44,Business travel,Business,1440,1,1,1,1,3,5,5,4,4,4,4,4,4,5,0,30.0,satisfied
5361,Female,disloyal Customer,26,Business travel,Eco,812,1,1,1,3,1,1,1,1,1,3,4,1,4,1,62,42.0,neutral or dissatisfied
50846,Male,Loyal Customer,18,Personal Travel,Eco,78,3,5,3,3,5,3,5,5,3,4,4,5,4,5,12,11.0,neutral or dissatisfied
81999,Female,Loyal Customer,23,Business travel,Eco,1532,4,3,3,3,4,3,2,4,1,1,4,3,3,4,0,0.0,neutral or dissatisfied
12722,Male,disloyal Customer,34,Business travel,Eco,721,2,2,2,3,3,2,3,3,3,3,3,4,3,3,0,0.0,neutral or dissatisfied
73186,Male,disloyal Customer,39,Business travel,Eco,1258,1,1,1,4,4,1,4,4,3,3,3,4,3,4,18,17.0,neutral or dissatisfied
118717,Female,Loyal Customer,21,Personal Travel,Eco,304,1,5,4,3,1,4,1,1,5,3,4,5,5,1,0,2.0,neutral or dissatisfied
8726,Female,Loyal Customer,7,Personal Travel,Eco,280,3,4,3,2,4,3,4,4,5,3,5,3,5,4,32,38.0,neutral or dissatisfied
58225,Male,Loyal Customer,41,Personal Travel,Eco,925,1,5,1,1,4,1,4,4,1,3,1,3,3,4,0,4.0,neutral or dissatisfied
119365,Female,Loyal Customer,65,Personal Travel,Business,399,1,5,1,4,5,5,4,3,3,1,3,4,3,4,0,0.0,neutral or dissatisfied
61196,Female,disloyal Customer,49,Business travel,Business,967,1,1,1,3,5,1,1,5,3,5,4,3,4,5,20,1.0,neutral or dissatisfied
53720,Male,Loyal Customer,20,Personal Travel,Eco,1208,1,2,1,4,1,1,1,1,4,1,3,1,4,1,0,0.0,neutral or dissatisfied
97318,Male,Loyal Customer,48,Business travel,Business,347,0,0,0,4,4,5,5,4,4,4,4,3,4,3,0,0.0,satisfied
98059,Male,Loyal Customer,48,Business travel,Eco Plus,1797,4,5,5,5,4,4,4,4,4,2,3,4,2,4,37,41.0,neutral or dissatisfied
1475,Male,Loyal Customer,47,Personal Travel,Eco,772,3,5,3,2,5,3,5,5,4,2,2,3,1,5,0,0.0,neutral or dissatisfied
69382,Female,Loyal Customer,33,Business travel,Eco,1089,1,3,3,3,1,1,1,1,1,2,4,3,4,1,0,0.0,neutral or dissatisfied
6359,Male,Loyal Customer,23,Business travel,Business,3257,3,1,4,1,3,3,3,3,2,5,3,3,3,3,37,73.0,neutral or dissatisfied
114129,Female,Loyal Customer,46,Business travel,Business,846,5,5,5,5,4,5,5,5,5,5,5,4,5,3,0,0.0,satisfied
46006,Female,Loyal Customer,53,Personal Travel,Eco,300,3,4,3,2,3,5,4,1,1,3,1,5,1,5,0,0.0,neutral or dissatisfied
65387,Male,Loyal Customer,59,Personal Travel,Eco,631,2,4,2,3,1,2,1,1,3,3,4,5,4,1,6,0.0,neutral or dissatisfied
51011,Male,Loyal Customer,51,Personal Travel,Eco,337,1,5,1,2,2,1,2,2,5,5,4,5,5,2,31,25.0,neutral or dissatisfied
39851,Male,disloyal Customer,57,Business travel,Business,221,5,5,5,3,1,5,1,1,1,1,4,3,4,1,0,,satisfied
52420,Male,Loyal Customer,20,Personal Travel,Eco,261,2,4,2,2,2,2,2,2,1,3,5,5,1,2,0,0.0,neutral or dissatisfied
75910,Male,Loyal Customer,17,Personal Travel,Eco,597,2,2,2,3,4,2,4,4,2,3,3,4,3,4,0,0.0,neutral or dissatisfied
103467,Female,Loyal Customer,43,Business travel,Business,2893,2,5,2,2,5,4,5,5,5,5,5,4,5,4,100,99.0,satisfied
93305,Male,Loyal Customer,15,Business travel,Business,1733,2,2,2,2,5,5,5,5,5,3,4,5,5,5,0,22.0,satisfied
100516,Male,Loyal Customer,28,Personal Travel,Eco,580,5,4,5,3,3,5,3,3,1,1,4,1,3,3,2,0.0,satisfied
82456,Female,Loyal Customer,77,Business travel,Eco,241,2,5,5,5,1,4,3,2,2,2,2,1,2,2,34,25.0,neutral or dissatisfied
20613,Male,Loyal Customer,40,Business travel,Business,2589,5,2,5,5,1,1,1,5,5,5,5,1,5,5,0,0.0,satisfied
53045,Male,Loyal Customer,47,Personal Travel,Eco,1208,3,4,3,2,3,3,5,3,1,2,4,4,2,3,0,0.0,neutral or dissatisfied
34486,Female,Loyal Customer,30,Personal Travel,Eco Plus,266,2,0,0,4,4,0,4,4,5,4,4,5,2,4,0,0.0,neutral or dissatisfied
44778,Female,disloyal Customer,29,Business travel,Eco,1250,3,3,3,3,4,3,4,4,4,3,3,3,3,4,72,63.0,neutral or dissatisfied
52762,Female,Loyal Customer,30,Business travel,Business,1874,5,5,5,5,4,4,4,4,1,4,4,1,1,4,0,0.0,satisfied
75721,Male,Loyal Customer,41,Business travel,Business,2488,1,1,1,1,4,5,4,4,4,4,4,3,4,3,0,0.0,satisfied
97303,Female,Loyal Customer,67,Business travel,Eco,872,2,5,5,5,3,3,2,2,2,2,2,3,2,3,0,0.0,neutral or dissatisfied
15955,Male,Loyal Customer,61,Personal Travel,Eco,528,1,5,1,5,2,1,2,2,5,5,4,2,2,2,0,11.0,neutral or dissatisfied
97400,Male,Loyal Customer,49,Business travel,Business,1972,1,1,1,1,4,4,4,5,5,5,4,4,5,4,46,36.0,satisfied
48003,Male,Loyal Customer,42,Business travel,Eco Plus,329,3,4,4,4,3,3,3,3,2,5,4,1,4,3,0,0.0,neutral or dissatisfied
128408,Female,disloyal Customer,39,Business travel,Business,325,3,3,3,3,4,3,4,4,1,1,4,2,3,4,31,25.0,neutral or dissatisfied
75589,Male,Loyal Customer,39,Business travel,Business,337,2,4,4,4,1,3,3,2,2,2,2,4,2,1,109,120.0,neutral or dissatisfied
78906,Female,Loyal Customer,50,Business travel,Business,3890,3,3,3,3,5,5,5,3,3,3,3,3,3,4,0,0.0,satisfied
22198,Male,Loyal Customer,48,Personal Travel,Eco,773,4,4,5,2,3,5,3,3,4,5,5,5,4,3,0,4.0,satisfied
83097,Male,Loyal Customer,56,Personal Travel,Eco,1084,2,5,2,1,3,2,3,3,4,4,5,4,5,3,0,0.0,neutral or dissatisfied
2725,Female,Loyal Customer,60,Business travel,Business,2521,3,3,3,3,5,4,5,4,4,4,4,5,4,4,0,0.0,satisfied
111811,Female,Loyal Customer,60,Personal Travel,Eco,349,2,5,1,3,1,2,5,3,3,1,3,1,3,3,26,30.0,neutral or dissatisfied
28219,Female,disloyal Customer,20,Business travel,Eco,873,4,4,4,3,1,4,1,1,1,3,3,2,3,1,0,0.0,neutral or dissatisfied
32969,Male,Loyal Customer,15,Personal Travel,Eco,216,4,4,4,2,4,4,4,4,3,5,4,5,4,4,0,2.0,neutral or dissatisfied
26983,Male,Loyal Customer,37,Business travel,Business,2503,1,1,1,1,1,3,5,3,3,2,3,2,3,2,0,0.0,satisfied
77434,Male,Loyal Customer,54,Personal Travel,Eco,532,2,4,2,3,4,2,4,4,4,3,4,2,4,4,0,0.0,neutral or dissatisfied
20735,Male,Loyal Customer,52,Business travel,Business,3827,2,2,2,2,5,4,4,4,4,5,4,4,4,5,0,0.0,satisfied
105456,Female,Loyal Customer,23,Personal Travel,Eco,998,1,4,1,1,1,1,1,1,5,4,5,5,5,1,48,39.0,neutral or dissatisfied
76128,Male,disloyal Customer,34,Business travel,Business,689,2,2,2,1,5,2,5,5,5,2,4,4,5,5,0,0.0,neutral or dissatisfied
48804,Female,Loyal Customer,10,Personal Travel,Business,56,4,3,4,3,5,4,5,5,3,5,4,2,4,5,5,2.0,neutral or dissatisfied
5636,Male,Loyal Customer,60,Business travel,Business,2667,1,1,1,1,4,4,5,4,4,4,4,4,4,3,0,0.0,satisfied
66667,Female,disloyal Customer,26,Business travel,Business,802,0,0,0,4,3,0,4,3,3,3,5,4,5,3,13,0.0,satisfied
73338,Female,disloyal Customer,22,Business travel,Eco,1182,3,4,4,1,5,4,5,5,5,2,5,3,5,5,0,0.0,neutral or dissatisfied
120411,Female,disloyal Customer,85,Business travel,Eco,366,3,2,3,3,3,3,3,3,1,2,2,3,1,3,0,0.0,neutral or dissatisfied
105485,Male,disloyal Customer,28,Business travel,Business,516,4,4,4,4,3,4,3,3,3,5,5,3,4,3,35,30.0,satisfied
26709,Male,Loyal Customer,49,Personal Travel,Eco,404,3,5,3,2,3,3,3,3,5,3,5,3,5,3,43,35.0,neutral or dissatisfied
60302,Female,disloyal Customer,27,Business travel,Business,406,5,5,5,5,4,1,4,4,4,2,5,5,5,4,3,16.0,satisfied
100800,Male,Loyal Customer,13,Personal Travel,Eco,748,3,4,3,3,4,3,4,4,4,3,5,4,5,4,0,0.0,neutral or dissatisfied
118707,Male,Loyal Customer,24,Personal Travel,Eco,647,3,3,3,3,3,3,3,3,4,2,4,4,3,3,69,62.0,neutral or dissatisfied
113237,Male,Loyal Customer,34,Personal Travel,Business,236,1,4,1,3,5,4,4,1,1,1,1,3,1,4,0,0.0,neutral or dissatisfied
43156,Female,Loyal Customer,67,Business travel,Business,1368,3,1,2,1,2,4,4,3,3,3,3,1,3,2,39,31.0,neutral or dissatisfied
15981,Female,Loyal Customer,36,Business travel,Eco,794,4,5,3,5,4,4,4,4,3,5,4,1,2,4,77,75.0,satisfied
71223,Female,disloyal Customer,27,Business travel,Eco,733,1,1,1,4,5,1,5,5,4,2,4,4,3,5,0,0.0,neutral or dissatisfied
46056,Female,Loyal Customer,33,Personal Travel,Eco,898,4,2,4,3,3,4,3,3,2,2,3,1,4,3,2,0.0,satisfied
55688,Female,Loyal Customer,57,Business travel,Business,2566,5,5,5,5,3,5,4,4,4,4,4,5,4,3,0,13.0,satisfied
43574,Female,Loyal Customer,35,Business travel,Business,1499,5,5,5,5,5,4,1,5,5,5,5,3,5,3,2,0.0,satisfied
115932,Male,Loyal Customer,37,Business travel,Business,3736,2,3,3,3,2,1,1,2,2,1,2,3,2,3,0,0.0,neutral or dissatisfied
54978,Female,Loyal Customer,25,Business travel,Business,1303,3,3,3,3,4,4,4,4,5,5,5,3,5,4,21,,satisfied
79029,Female,Loyal Customer,37,Business travel,Business,306,4,1,1,1,3,3,3,4,4,4,4,2,4,2,0,0.0,neutral or dissatisfied
88799,Female,disloyal Customer,30,Business travel,Eco Plus,545,2,2,2,4,1,2,1,1,3,4,3,3,4,1,7,2.0,neutral or dissatisfied
3377,Female,Loyal Customer,30,Business travel,Business,2105,2,2,2,2,5,5,5,5,2,5,4,5,5,5,194,196.0,satisfied
129266,Male,disloyal Customer,30,Business travel,Business,992,0,1,1,4,4,1,2,4,5,3,3,5,4,4,0,32.0,satisfied
35033,Female,Loyal Customer,50,Business travel,Business,2658,3,3,3,3,3,1,3,5,5,5,5,2,5,1,0,0.0,satisfied
28737,Male,Loyal Customer,40,Business travel,Business,1024,1,1,1,1,2,4,2,3,3,3,3,4,3,4,0,0.0,satisfied
52750,Male,Loyal Customer,69,Personal Travel,Eco,2306,3,1,3,4,5,3,5,5,2,2,2,1,4,5,67,70.0,neutral or dissatisfied
60525,Female,Loyal Customer,68,Personal Travel,Eco,862,2,5,2,5,5,5,4,2,2,2,2,4,2,3,2,0.0,neutral or dissatisfied
127590,Female,disloyal Customer,23,Business travel,Eco,1209,2,2,2,3,1,2,1,1,5,4,4,4,4,1,1,16.0,neutral or dissatisfied
95261,Male,Loyal Customer,9,Personal Travel,Eco,293,1,4,5,3,4,5,4,4,3,2,4,1,3,4,0,0.0,neutral or dissatisfied
85980,Male,Loyal Customer,45,Business travel,Business,2736,3,4,3,3,3,5,4,4,4,4,4,3,4,4,0,0.0,satisfied
93298,Female,Loyal Customer,60,Business travel,Eco Plus,406,4,2,2,2,5,2,4,4,4,4,4,1,4,5,31,8.0,satisfied
8496,Male,disloyal Customer,10,Business travel,Eco,862,1,1,1,4,1,1,1,1,2,3,3,4,4,1,0,0.0,neutral or dissatisfied
57401,Female,Loyal Customer,23,Business travel,Business,1855,3,3,3,3,5,5,5,5,4,4,4,5,4,5,4,0.0,satisfied
48126,Male,disloyal Customer,23,Business travel,Eco,236,3,5,3,3,4,3,2,4,2,5,1,1,4,4,0,0.0,neutral or dissatisfied
61704,Male,Loyal Customer,34,Business travel,Business,1504,2,4,4,4,4,4,4,2,2,1,2,3,2,3,3,17.0,neutral or dissatisfied
86980,Female,Loyal Customer,17,Business travel,Business,2822,3,2,2,2,3,3,3,3,1,4,3,2,3,3,16,8.0,neutral or dissatisfied
76251,Male,Loyal Customer,46,Personal Travel,Eco,1399,3,1,3,4,3,3,4,3,1,1,3,3,3,3,0,0.0,neutral or dissatisfied
9157,Female,Loyal Customer,53,Business travel,Business,1560,2,2,2,2,2,5,4,4,4,4,4,4,4,3,0,0.0,satisfied
73997,Female,Loyal Customer,51,Business travel,Business,1972,1,1,1,1,3,5,5,4,4,4,4,3,4,3,10,29.0,satisfied
32853,Male,Loyal Customer,25,Personal Travel,Eco,216,2,1,2,3,5,2,5,5,1,4,2,2,3,5,0,0.0,neutral or dissatisfied
42036,Female,Loyal Customer,37,Business travel,Eco,106,5,2,2,2,5,5,5,5,3,3,2,3,3,5,30,28.0,satisfied
35559,Female,Loyal Customer,23,Business travel,Eco Plus,950,0,4,0,2,2,4,2,2,4,1,5,2,5,2,0,0.0,satisfied
66244,Female,Loyal Customer,41,Personal Travel,Eco,460,4,2,4,4,3,4,3,3,3,5,3,4,4,3,0,0.0,satisfied
52656,Male,Loyal Customer,32,Personal Travel,Eco,110,4,2,4,3,5,4,5,5,4,3,3,1,3,5,0,0.0,satisfied
63064,Female,Loyal Customer,39,Personal Travel,Eco,967,2,5,2,5,1,2,1,1,5,3,4,3,5,1,0,6.0,neutral or dissatisfied
10464,Male,Loyal Customer,50,Business travel,Business,2342,3,3,3,3,3,4,5,5,5,5,5,3,5,4,0,0.0,satisfied
106371,Female,Loyal Customer,32,Business travel,Business,3251,2,2,2,2,3,3,3,3,4,5,5,3,4,3,3,0.0,satisfied
76236,Female,Loyal Customer,32,Business travel,Eco,1399,3,3,3,3,3,3,3,3,2,4,4,2,3,3,10,6.0,neutral or dissatisfied
31301,Male,Loyal Customer,26,Business travel,Business,3103,4,4,4,4,4,4,4,4,3,2,4,1,5,4,17,6.0,satisfied
1085,Female,Loyal Customer,31,Personal Travel,Eco,158,3,1,3,4,3,3,3,3,1,2,4,4,3,3,0,0.0,neutral or dissatisfied
94795,Female,Loyal Customer,47,Business travel,Business,1588,2,3,2,2,3,3,3,2,2,3,2,2,2,3,22,22.0,neutral or dissatisfied
55525,Female,Loyal Customer,57,Business travel,Business,3516,4,4,4,4,3,4,5,4,4,4,4,4,4,5,20,53.0,satisfied
102263,Female,Loyal Customer,40,Business travel,Business,1803,2,2,2,2,2,5,4,4,4,4,4,5,4,5,8,0.0,satisfied
123929,Female,Loyal Customer,39,Personal Travel,Eco,544,2,3,2,2,3,2,5,3,1,1,3,4,1,3,0,30.0,neutral or dissatisfied
27298,Male,Loyal Customer,33,Business travel,Business,2610,5,5,5,5,5,4,5,5,5,1,3,5,4,5,0,0.0,satisfied
63381,Female,Loyal Customer,45,Personal Travel,Eco,337,3,5,3,2,5,5,4,3,3,3,3,4,3,3,0,9.0,neutral or dissatisfied
81311,Female,Loyal Customer,53,Personal Travel,Business,1299,0,5,0,4,5,5,4,3,3,0,3,4,3,5,0,14.0,satisfied
110069,Male,Loyal Customer,50,Business travel,Business,869,2,5,1,5,2,3,3,2,2,2,2,2,2,2,64,55.0,neutral or dissatisfied
54931,Female,Loyal Customer,50,Business travel,Business,1346,2,2,2,2,4,4,5,5,5,5,5,3,5,5,26,17.0,satisfied
71562,Female,Loyal Customer,45,Business travel,Business,2842,1,1,1,1,5,4,5,4,4,4,4,5,4,5,0,0.0,satisfied
27593,Male,Loyal Customer,26,Personal Travel,Eco,679,2,4,2,5,5,2,5,5,3,2,4,5,5,5,0,6.0,neutral or dissatisfied
20772,Female,disloyal Customer,30,Business travel,Eco,515,3,2,3,3,4,3,4,4,3,1,3,1,3,4,0,6.0,neutral or dissatisfied
60185,Female,Loyal Customer,51,Business travel,Business,1844,4,4,4,4,2,5,5,5,5,5,5,5,5,3,0,0.0,satisfied
106438,Male,Loyal Customer,31,Personal Travel,Eco Plus,674,3,4,3,3,2,3,2,2,1,3,3,1,4,2,92,95.0,neutral or dissatisfied
70461,Female,Loyal Customer,55,Business travel,Business,2889,2,2,2,2,4,4,4,4,4,4,4,3,4,4,15,0.0,satisfied
27559,Male,Loyal Customer,66,Personal Travel,Eco,679,2,5,2,4,3,2,3,3,5,3,5,4,4,3,0,0.0,neutral or dissatisfied
108281,Female,Loyal Customer,52,Business travel,Business,3669,3,3,3,3,5,4,4,4,4,4,4,3,4,3,12,11.0,satisfied
107822,Male,disloyal Customer,20,Business travel,Eco,349,0,0,0,4,2,0,2,2,3,3,3,3,2,2,0,0.0,satisfied
116997,Female,disloyal Customer,23,Business travel,Eco,338,3,4,3,4,1,3,1,1,4,5,5,4,5,1,6,0.0,neutral or dissatisfied
110363,Male,disloyal Customer,27,Business travel,Eco,663,2,1,2,4,2,2,5,2,4,1,4,2,3,2,12,11.0,neutral or dissatisfied
106313,Male,Loyal Customer,17,Personal Travel,Eco,998,2,1,1,3,3,1,3,3,2,1,2,3,2,3,0,0.0,neutral or dissatisfied
93359,Male,Loyal Customer,55,Business travel,Business,3070,3,3,1,3,1,4,4,3,3,2,3,4,3,3,1,0.0,neutral or dissatisfied
9347,Female,Loyal Customer,59,Business travel,Business,2599,2,2,2,2,2,5,4,5,5,5,5,4,5,4,0,2.0,satisfied
83684,Female,Loyal Customer,57,Business travel,Eco,177,4,3,3,3,1,4,3,4,4,4,4,4,4,3,0,2.0,neutral or dissatisfied
59732,Female,Loyal Customer,12,Personal Travel,Eco Plus,787,3,5,3,5,5,3,5,5,3,2,2,2,4,5,14,2.0,neutral or dissatisfied
39988,Female,Loyal Customer,43,Business travel,Eco,508,4,1,1,1,2,2,4,4,4,4,4,5,4,5,8,7.0,satisfied
94530,Male,Loyal Customer,43,Business travel,Business,3537,3,4,3,3,4,5,4,5,5,5,5,4,5,4,5,2.0,satisfied
53112,Male,Loyal Customer,31,Business travel,Eco,2065,5,2,2,2,5,5,5,5,2,4,3,1,3,5,0,0.0,satisfied
5618,Male,Loyal Customer,70,Personal Travel,Eco,685,1,4,0,1,5,0,5,5,3,3,5,3,4,5,0,26.0,neutral or dissatisfied
8417,Male,disloyal Customer,7,Business travel,Eco,862,3,3,3,3,4,3,4,4,3,2,4,2,4,4,0,9.0,neutral or dissatisfied
18952,Female,Loyal Customer,62,Personal Travel,Eco,551,3,2,3,3,3,3,4,1,1,3,1,3,1,4,6,14.0,neutral or dissatisfied
91047,Male,Loyal Customer,45,Personal Travel,Eco,223,3,2,0,3,3,0,3,3,2,2,3,1,3,3,5,27.0,neutral or dissatisfied
125715,Male,Loyal Customer,37,Personal Travel,Eco,759,3,4,3,5,5,3,5,5,3,2,4,3,5,5,0,0.0,neutral or dissatisfied
89661,Female,Loyal Customer,44,Business travel,Business,1069,3,2,2,2,2,3,4,3,3,3,3,1,3,2,0,0.0,neutral or dissatisfied
26962,Female,Loyal Customer,50,Personal Travel,Business,867,1,4,0,5,5,4,3,1,1,0,1,5,1,3,0,0.0,neutral or dissatisfied
46195,Male,Loyal Customer,13,Personal Travel,Eco,423,3,2,3,3,5,3,5,5,4,1,4,4,4,5,11,4.0,neutral or dissatisfied
128060,Female,disloyal Customer,23,Business travel,Eco,735,0,0,0,3,1,0,1,1,5,4,5,4,4,1,0,0.0,satisfied
91235,Male,Loyal Customer,30,Personal Travel,Eco,270,4,4,4,5,2,4,5,2,4,5,5,5,5,2,0,0.0,satisfied
86283,Female,Loyal Customer,67,Personal Travel,Eco,356,4,4,4,4,5,4,5,2,2,4,2,5,2,5,0,0.0,neutral or dissatisfied
58938,Male,Loyal Customer,10,Personal Travel,Eco,888,2,2,2,4,4,2,4,4,4,2,3,4,3,4,9,7.0,neutral or dissatisfied
18037,Female,Loyal Customer,52,Business travel,Eco,488,2,1,1,1,4,3,4,2,2,2,2,2,2,1,0,0.0,neutral or dissatisfied
95916,Female,Loyal Customer,53,Business travel,Business,1411,2,2,2,2,2,5,5,4,4,5,4,3,4,4,0,0.0,satisfied
32701,Male,Loyal Customer,32,Business travel,Business,2362,0,3,0,1,2,2,2,2,5,3,1,4,1,2,0,0.0,satisfied
25134,Male,disloyal Customer,24,Business travel,Eco,1249,5,5,5,3,4,5,4,4,2,3,3,4,1,4,0,0.0,satisfied
1293,Male,Loyal Customer,61,Personal Travel,Eco,354,4,5,4,4,1,4,1,1,5,4,5,4,4,1,0,0.0,neutral or dissatisfied
19522,Male,Loyal Customer,41,Business travel,Business,108,2,2,2,2,2,5,4,5,5,5,4,4,5,5,5,0.0,satisfied
65955,Female,Loyal Customer,53,Business travel,Business,1372,3,3,3,3,3,4,5,4,4,4,4,3,4,3,0,0.0,satisfied
57162,Female,Loyal Customer,33,Business travel,Business,2227,3,3,3,3,4,5,4,5,5,5,5,3,5,4,0,0.0,satisfied
6760,Female,Loyal Customer,41,Business travel,Business,2240,4,4,4,4,5,4,5,4,4,4,4,3,4,3,0,0.0,satisfied
3233,Male,Loyal Customer,51,Business travel,Business,3464,4,5,5,5,5,4,3,4,4,4,4,3,4,1,0,0.0,neutral or dissatisfied
70190,Male,Loyal Customer,45,Business travel,Business,258,0,0,0,5,3,5,4,5,5,5,5,5,5,5,36,35.0,satisfied
11077,Female,Loyal Customer,7,Personal Travel,Eco,140,4,1,4,2,5,4,5,5,1,5,2,4,1,5,0,0.0,neutral or dissatisfied
83055,Female,Loyal Customer,35,Business travel,Business,1084,4,4,4,4,3,5,4,4,4,4,4,3,4,5,5,11.0,satisfied
24199,Male,disloyal Customer,48,Business travel,Eco,302,5,0,5,3,3,5,3,3,5,4,3,3,1,3,0,0.0,satisfied
111331,Male,Loyal Customer,18,Personal Travel,Eco,283,3,2,4,3,2,4,2,2,2,5,3,4,3,2,0,0.0,neutral or dissatisfied
69521,Female,Loyal Customer,29,Business travel,Business,2475,3,3,3,3,5,5,5,3,3,4,5,5,3,5,1,6.0,satisfied
98033,Female,Loyal Customer,52,Personal Travel,Eco Plus,1014,4,3,4,5,5,3,3,1,1,4,1,4,1,4,6,4.0,satisfied
9963,Female,Loyal Customer,40,Business travel,Eco,108,4,4,4,4,4,5,4,4,2,5,4,2,3,4,0,0.0,satisfied
11367,Male,Loyal Customer,8,Personal Travel,Eco,295,1,2,1,4,5,1,5,5,1,5,3,4,3,5,0,0.0,neutral or dissatisfied
76712,Female,Loyal Customer,30,Business travel,Business,1736,4,4,4,4,4,4,4,4,4,4,5,5,4,4,3,0.0,satisfied
26760,Female,Loyal Customer,42,Personal Travel,Eco,859,2,5,1,4,3,5,4,5,5,1,5,5,5,3,3,10.0,neutral or dissatisfied
10787,Female,disloyal Customer,38,Business travel,Eco,216,4,2,4,4,4,4,4,4,3,4,3,4,2,4,187,205.0,neutral or dissatisfied
103029,Female,disloyal Customer,50,Business travel,Eco,546,1,0,1,4,3,1,3,3,2,1,3,3,3,3,0,0.0,neutral or dissatisfied
94060,Female,Loyal Customer,49,Business travel,Business,323,3,1,1,1,2,2,2,3,3,2,3,4,3,3,2,0.0,neutral or dissatisfied
97534,Male,Loyal Customer,44,Business travel,Business,3765,5,5,5,5,5,5,5,5,5,5,5,5,3,5,150,128.0,satisfied
111350,Female,disloyal Customer,23,Business travel,Business,777,0,3,0,5,3,0,3,3,3,5,5,5,4,3,0,0.0,satisfied
129766,Male,Loyal Customer,12,Personal Travel,Eco,337,1,2,1,4,1,1,3,1,1,2,3,1,3,1,17,3.0,neutral or dissatisfied
123042,Male,disloyal Customer,21,Business travel,Eco,468,2,0,2,4,4,2,4,4,3,2,5,5,4,4,17,39.0,neutral or dissatisfied
63148,Male,Loyal Customer,70,Business travel,Business,447,4,4,4,4,2,5,5,5,5,5,5,5,5,5,0,0.0,satisfied
87811,Female,Loyal Customer,52,Business travel,Business,214,3,2,2,2,4,3,3,2,2,2,3,3,2,4,4,0.0,neutral or dissatisfied
26721,Female,Loyal Customer,38,Business travel,Eco Plus,404,3,4,4,4,3,3,3,3,3,4,4,3,3,3,0,0.0,neutral or dissatisfied
77297,Male,Loyal Customer,34,Personal Travel,Eco,391,3,4,3,3,4,3,4,4,1,4,4,2,3,4,0,0.0,neutral or dissatisfied
100970,Female,Loyal Customer,59,Business travel,Business,1142,5,5,5,5,2,5,4,5,5,4,5,4,5,3,0,0.0,satisfied
125932,Female,Loyal Customer,34,Personal Travel,Eco,861,2,4,2,2,3,2,5,3,3,3,5,5,4,3,2,3.0,neutral or dissatisfied
121089,Male,Loyal Customer,58,Personal Travel,Eco,196,2,4,2,3,4,2,4,4,3,2,4,5,5,4,0,5.0,neutral or dissatisfied
40255,Male,Loyal Customer,38,Business travel,Business,3733,1,1,1,1,2,2,2,4,4,4,4,3,4,4,0,1.0,satisfied
121449,Male,Loyal Customer,45,Business travel,Business,2935,3,3,5,3,1,3,3,3,3,3,3,3,3,4,16,0.0,neutral or dissatisfied
43162,Male,Loyal Customer,28,Business travel,Business,2357,2,3,3,3,2,2,2,2,1,4,3,4,4,2,0,10.0,neutral or dissatisfied
72426,Female,Loyal Customer,48,Business travel,Eco,929,1,5,5,5,3,4,3,1,1,1,1,1,1,1,0,0.0,neutral or dissatisfied
118393,Female,Loyal Customer,29,Business travel,Business,2053,4,5,5,5,4,4,4,4,3,4,3,4,3,4,19,13.0,neutral or dissatisfied
68980,Male,Loyal Customer,14,Personal Travel,Eco,700,0,4,0,4,4,0,4,4,3,4,4,4,5,4,0,0.0,satisfied
119780,Female,Loyal Customer,7,Personal Travel,Business,912,2,4,2,3,4,2,4,4,4,5,4,4,5,4,0,17.0,neutral or dissatisfied
59906,Male,Loyal Customer,54,Business travel,Business,2300,4,4,2,4,4,5,4,2,2,2,2,5,2,4,10,0.0,satisfied
33853,Female,Loyal Customer,64,Personal Travel,Eco,1609,4,2,4,4,5,4,3,5,5,4,5,1,5,3,30,0.0,satisfied
62281,Female,Loyal Customer,49,Business travel,Business,414,3,3,3,3,2,5,5,2,2,2,2,3,2,5,0,0.0,satisfied
105877,Female,Loyal Customer,45,Personal Travel,Business,283,3,5,3,3,2,5,5,4,4,3,4,5,4,4,15,14.0,neutral or dissatisfied
62628,Male,Loyal Customer,35,Personal Travel,Eco,1744,4,1,3,3,4,3,4,4,4,2,3,4,2,4,0,0.0,neutral or dissatisfied
69009,Male,Loyal Customer,46,Business travel,Business,1389,1,1,1,1,5,5,4,5,5,5,5,3,5,3,0,0.0,satisfied
12425,Male,Loyal Customer,58,Personal Travel,Eco,190,4,4,4,3,5,4,5,5,1,2,3,2,4,5,21,22.0,neutral or dissatisfied
18649,Female,Loyal Customer,26,Personal Travel,Eco,253,1,5,1,3,2,1,2,2,3,2,5,2,1,2,0,0.0,neutral or dissatisfied
56065,Female,Loyal Customer,24,Personal Travel,Eco,2586,3,4,3,4,3,5,5,4,2,3,4,5,5,5,0,9.0,neutral or dissatisfied
644,Female,Loyal Customer,49,Business travel,Business,89,0,4,0,3,5,5,4,5,5,5,5,5,5,5,0,0.0,satisfied
48909,Male,disloyal Customer,24,Business travel,Eco,308,5,0,5,1,2,5,2,2,5,5,4,3,5,2,0,8.0,satisfied
20522,Female,Loyal Customer,16,Personal Travel,Business,533,1,5,1,4,5,1,5,5,4,5,5,3,5,5,0,0.0,neutral or dissatisfied
12767,Female,Loyal Customer,61,Business travel,Eco Plus,689,2,1,1,1,2,3,3,2,2,2,2,4,2,4,0,0.0,neutral or dissatisfied
87185,Female,disloyal Customer,29,Business travel,Eco,946,1,1,1,3,1,1,1,1,2,1,3,3,4,1,82,68.0,neutral or dissatisfied
17729,Female,Loyal Customer,18,Business travel,Business,529,3,3,4,3,4,4,4,4,4,5,1,3,2,4,0,4.0,satisfied
96066,Male,Loyal Customer,26,Personal Travel,Eco,1069,3,4,2,4,1,2,1,1,3,5,4,1,3,1,16,24.0,neutral or dissatisfied
26617,Female,disloyal Customer,23,Business travel,Eco,270,1,4,1,3,4,1,4,4,4,2,5,4,2,4,11,42.0,neutral or dissatisfied
5981,Female,Loyal Customer,42,Business travel,Business,925,5,4,5,5,4,5,5,4,4,4,4,3,4,5,11,0.0,satisfied
62801,Male,Loyal Customer,53,Personal Travel,Eco,2504,2,2,2,3,2,3,3,3,2,3,2,3,1,3,0,9.0,neutral or dissatisfied
58227,Male,Loyal Customer,10,Personal Travel,Eco,925,3,5,3,1,4,3,3,4,1,5,1,2,2,4,0,6.0,neutral or dissatisfied
40536,Male,Loyal Customer,60,Business travel,Eco,391,2,5,5,5,2,2,2,2,3,3,1,1,1,2,0,0.0,satisfied
127965,Male,Loyal Customer,30,Personal Travel,Eco,1999,2,4,2,3,5,2,3,5,5,4,4,5,4,5,9,26.0,neutral or dissatisfied
50867,Male,Loyal Customer,44,Personal Travel,Eco,134,4,1,4,4,4,4,4,4,1,3,3,4,4,4,0,0.0,neutral or dissatisfied
41426,Male,Loyal Customer,32,Personal Travel,Eco,563,3,4,2,1,5,2,5,5,5,2,5,4,5,5,9,14.0,neutral or dissatisfied
70114,Female,disloyal Customer,37,Business travel,Business,550,2,2,2,4,3,2,3,3,4,4,4,4,4,3,3,0.0,neutral or dissatisfied
57644,Female,Loyal Customer,53,Business travel,Business,200,5,5,5,5,5,4,2,4,4,4,5,2,4,2,0,0.0,satisfied
27835,Female,Loyal Customer,56,Personal Travel,Eco,1448,4,3,4,3,4,2,1,1,1,4,1,3,1,3,0,0.0,satisfied
106414,Female,Loyal Customer,40,Personal Travel,Eco,674,4,4,4,2,1,4,1,1,5,5,4,5,5,1,0,9.0,satisfied
3576,Female,Loyal Customer,56,Personal Travel,Eco,227,3,4,3,4,2,4,1,5,5,3,5,3,5,3,82,78.0,neutral or dissatisfied
93589,Female,Loyal Customer,40,Personal Travel,Eco,159,2,5,2,2,2,2,5,2,4,3,4,4,5,2,0,2.0,neutral or dissatisfied
76393,Male,Loyal Customer,17,Personal Travel,Eco,931,4,5,4,4,5,4,5,5,4,5,4,5,4,5,0,0.0,satisfied
40978,Male,Loyal Customer,43,Business travel,Eco Plus,601,5,1,1,1,5,5,5,5,5,1,3,1,3,5,0,0.0,satisfied
29022,Male,disloyal Customer,23,Business travel,Eco,297,4,3,4,3,2,4,2,2,5,2,2,1,2,2,0,0.0,neutral or dissatisfied
124591,Male,Loyal Customer,60,Business travel,Eco,500,3,5,5,5,3,3,3,3,4,1,3,3,4,3,15,8.0,neutral or dissatisfied
17282,Male,disloyal Customer,39,Business travel,Eco,440,4,3,4,2,1,4,1,1,3,4,4,5,1,1,0,0.0,satisfied
41468,Male,Loyal Customer,38,Business travel,Business,1482,4,4,4,4,5,5,1,4,4,4,4,3,4,4,3,0.0,satisfied
120334,Male,Loyal Customer,18,Business travel,Eco Plus,268,3,5,5,5,3,3,3,3,2,2,3,1,4,3,0,0.0,neutral or dissatisfied
83069,Male,Loyal Customer,42,Business travel,Eco,957,1,0,0,3,1,1,1,1,4,1,4,3,3,1,0,0.0,neutral or dissatisfied
74458,Female,disloyal Customer,50,Business travel,Business,1464,3,3,3,5,4,3,4,4,4,3,5,4,5,4,0,0.0,neutral or dissatisfied
41267,Female,disloyal Customer,27,Business travel,Eco,305,1,0,1,1,2,1,2,2,3,2,4,1,4,2,0,0.0,neutral or dissatisfied
98886,Male,Loyal Customer,50,Personal Travel,Eco,991,3,4,3,3,5,3,5,5,5,2,4,5,5,5,25,12.0,neutral or dissatisfied
59996,Male,Loyal Customer,42,Personal Travel,Eco,1068,1,3,1,4,5,1,2,5,3,5,3,4,3,5,2,0.0,neutral or dissatisfied
89357,Female,Loyal Customer,20,Personal Travel,Eco,1587,1,4,1,2,3,1,3,3,4,3,5,3,5,3,12,0.0,neutral or dissatisfied
99447,Female,Loyal Customer,34,Business travel,Business,1994,3,3,3,3,4,4,5,4,4,4,4,4,4,4,0,0.0,satisfied
79476,Female,disloyal Customer,49,Business travel,Business,760,1,1,1,2,3,1,3,3,5,4,4,5,5,3,0,0.0,neutral or dissatisfied
94751,Female,Loyal Customer,52,Business travel,Eco,239,2,4,4,4,2,3,3,2,2,2,2,1,2,1,14,12.0,neutral or dissatisfied
28855,Female,disloyal Customer,31,Business travel,Eco,978,3,3,3,1,5,3,5,5,2,5,1,4,2,5,0,0.0,neutral or dissatisfied
110322,Male,Loyal Customer,50,Business travel,Business,2851,1,1,1,1,3,4,4,5,5,5,5,4,5,3,5,0.0,satisfied
27144,Female,Loyal Customer,42,Business travel,Business,2701,4,5,5,5,4,4,4,2,5,3,2,4,3,4,0,24.0,neutral or dissatisfied
105515,Female,Loyal Customer,54,Business travel,Business,2058,2,2,2,2,4,4,5,3,3,3,3,5,3,4,0,10.0,satisfied
89300,Female,Loyal Customer,45,Personal Travel,Eco,453,1,4,2,4,5,1,5,4,4,2,4,1,4,5,10,1.0,neutral or dissatisfied
17868,Male,Loyal Customer,25,Business travel,Business,3651,4,4,4,4,4,4,4,4,5,4,2,4,3,4,41,26.0,satisfied
18868,Female,disloyal Customer,21,Business travel,Eco,448,2,0,1,3,2,1,2,2,1,5,4,1,2,2,0,0.0,neutral or dissatisfied
1080,Male,Loyal Customer,41,Personal Travel,Eco,89,3,4,0,2,0,2,2,4,3,3,2,2,2,2,140,141.0,neutral or dissatisfied
15924,Male,Loyal Customer,66,Business travel,Eco,738,3,5,5,5,3,3,3,3,5,3,4,5,4,3,0,1.0,satisfied
86820,Female,disloyal Customer,43,Business travel,Eco,692,1,1,1,4,1,1,1,1,3,1,4,3,3,1,6,7.0,neutral or dissatisfied
55703,Male,Loyal Customer,27,Personal Travel,Eco,1062,5,2,5,3,5,5,5,5,1,2,3,2,3,5,0,8.0,satisfied
72085,Male,Loyal Customer,55,Personal Travel,Eco,2486,3,2,2,4,5,2,5,5,4,5,4,3,3,5,0,0.0,neutral or dissatisfied
43651,Male,Loyal Customer,51,Business travel,Eco,695,4,2,2,2,4,4,4,4,3,3,4,1,1,4,91,99.0,satisfied
77312,Male,Loyal Customer,32,Business travel,Business,626,2,2,2,2,4,5,4,4,5,5,5,5,4,4,0,5.0,satisfied
72657,Female,Loyal Customer,30,Personal Travel,Eco,985,1,4,1,3,1,1,1,1,5,4,5,4,4,1,0,0.0,neutral or dissatisfied
92597,Female,Loyal Customer,9,Business travel,Eco,2218,2,5,5,5,2,2,3,2,2,4,4,4,4,2,34,29.0,neutral or dissatisfied
7888,Female,Loyal Customer,66,Personal Travel,Eco,948,2,3,2,3,2,4,3,4,4,2,4,4,4,2,82,70.0,neutral or dissatisfied
21164,Female,disloyal Customer,38,Business travel,Eco Plus,954,3,2,2,4,4,2,4,4,1,3,4,3,4,4,0,0.0,neutral or dissatisfied
10292,Female,disloyal Customer,26,Business travel,Business,216,4,4,4,1,5,4,5,5,3,2,5,4,4,5,15,27.0,neutral or dissatisfied
100456,Female,Loyal Customer,66,Personal Travel,Business,759,2,5,2,5,2,4,4,3,3,2,3,3,3,4,12,0.0,neutral or dissatisfied
59647,Male,Loyal Customer,15,Business travel,Eco,787,4,2,2,2,4,4,3,4,5,1,3,5,5,4,0,0.0,satisfied
3413,Male,Loyal Customer,41,Personal Travel,Eco,240,2,5,2,5,5,2,5,5,3,2,5,5,5,5,0,0.0,neutral or dissatisfied
117302,Male,Loyal Customer,48,Business travel,Eco Plus,304,3,4,4,4,3,3,3,3,2,3,4,4,4,3,33,12.0,neutral or dissatisfied
105250,Female,disloyal Customer,28,Business travel,Business,2106,5,4,4,2,2,4,2,2,3,4,3,5,4,2,0,0.0,satisfied
115512,Male,Loyal Customer,49,Business travel,Business,3719,2,2,2,2,5,4,4,5,5,5,5,3,5,3,0,0.0,satisfied
97277,Male,Loyal Customer,34,Business travel,Business,2324,4,3,4,4,5,4,5,5,5,5,5,5,5,5,99,105.0,satisfied
80592,Male,Loyal Customer,48,Business travel,Business,1747,4,4,4,4,3,4,5,4,4,4,4,3,4,5,0,0.0,satisfied
36018,Female,Loyal Customer,62,Business travel,Business,399,3,3,3,3,1,1,2,4,4,4,4,2,4,4,0,0.0,satisfied
71040,Female,Loyal Customer,49,Business travel,Business,2322,1,0,0,3,2,3,3,3,3,0,3,1,3,4,19,13.0,neutral or dissatisfied
6842,Female,disloyal Customer,25,Business travel,Business,303,5,5,5,3,5,5,5,5,4,4,5,4,5,5,0,0.0,satisfied
12656,Male,Loyal Customer,41,Business travel,Business,1236,5,5,5,5,2,4,4,5,5,5,5,3,5,5,0,4.0,satisfied
60349,Male,Loyal Customer,43,Personal Travel,Eco,836,3,4,3,3,3,3,3,3,3,5,3,4,1,3,0,0.0,neutral or dissatisfied
75808,Female,Loyal Customer,43,Business travel,Business,2466,5,5,5,5,2,5,4,4,4,4,4,3,4,4,0,0.0,satisfied
64698,Male,Loyal Customer,53,Business travel,Business,469,1,1,1,1,2,4,5,3,3,4,3,5,3,4,3,0.0,satisfied
105091,Female,disloyal Customer,27,Business travel,Business,220,4,4,4,3,3,4,3,3,3,2,5,5,5,3,11,7.0,satisfied
19797,Male,Loyal Customer,45,Personal Travel,Eco,578,2,4,2,3,3,2,3,3,1,1,4,1,4,3,0,0.0,neutral or dissatisfied
15926,Female,Loyal Customer,45,Business travel,Eco,566,1,3,3,3,2,4,3,1,1,1,1,2,1,2,0,0.0,neutral or dissatisfied
47042,Male,Loyal Customer,40,Business travel,Business,2404,1,1,1,1,5,5,1,4,4,4,4,3,4,2,0,0.0,satisfied
95568,Male,Loyal Customer,41,Personal Travel,Eco Plus,562,2,4,2,3,2,2,2,2,5,2,5,5,4,2,69,66.0,neutral or dissatisfied
63707,Female,Loyal Customer,55,Business travel,Business,1660,2,2,2,2,3,3,4,5,5,5,5,4,5,3,0,0.0,satisfied
123307,Female,disloyal Customer,23,Business travel,Eco,328,2,4,2,4,3,2,3,3,2,5,4,2,3,3,0,1.0,neutral or dissatisfied
5818,Male,Loyal Customer,69,Personal Travel,Eco,157,1,4,0,1,2,0,2,2,4,4,4,3,4,2,0,16.0,neutral or dissatisfied
19211,Male,Loyal Customer,55,Business travel,Eco,588,4,4,5,4,4,4,4,4,2,5,1,1,2,4,26,19.0,satisfied
22295,Male,Loyal Customer,53,Business travel,Eco,238,2,5,5,5,2,2,2,2,4,1,1,3,5,2,93,85.0,satisfied
119802,Male,Loyal Customer,39,Business travel,Business,3868,3,3,3,3,2,5,5,1,1,2,1,3,1,5,3,3.0,satisfied
93754,Female,Loyal Customer,34,Business travel,Business,368,2,4,4,4,3,4,4,2,2,2,2,4,2,1,44,40.0,neutral or dissatisfied
63103,Female,disloyal Customer,8,Business travel,Eco,846,2,2,2,4,4,2,4,4,2,1,4,4,3,4,16,26.0,neutral or dissatisfied
75185,Male,disloyal Customer,25,Business travel,Eco,1652,1,1,1,4,5,1,5,5,3,1,4,1,3,5,0,0.0,neutral or dissatisfied
105746,Male,disloyal Customer,24,Business travel,Eco,919,4,4,4,3,2,4,2,2,3,4,4,5,5,2,0,0.0,neutral or dissatisfied
35411,Female,Loyal Customer,53,Business travel,Business,544,4,4,2,4,4,5,5,2,2,2,2,4,2,5,31,18.0,satisfied
76436,Female,Loyal Customer,66,Personal Travel,Eco,405,3,2,3,3,2,4,3,3,3,3,3,2,3,2,0,0.0,neutral or dissatisfied
122891,Male,Loyal Customer,44,Business travel,Business,3343,3,3,3,3,2,5,5,5,5,5,5,4,5,3,0,0.0,satisfied
50675,Female,Loyal Customer,27,Personal Travel,Eco,86,3,3,0,4,4,0,4,4,4,1,3,3,4,4,0,0.0,neutral or dissatisfied
71976,Female,Loyal Customer,60,Business travel,Business,1440,3,3,3,3,3,4,4,4,4,4,4,5,4,3,0,0.0,satisfied
29339,Female,Loyal Customer,53,Personal Travel,Eco,859,3,5,3,2,5,1,2,4,4,3,4,5,4,3,23,27.0,neutral or dissatisfied
34946,Male,Loyal Customer,54,Personal Travel,Eco,395,1,5,1,4,2,1,2,2,5,3,5,5,5,2,0,0.0,neutral or dissatisfied
27323,Female,Loyal Customer,43,Business travel,Business,2269,3,3,3,3,2,5,2,5,5,5,5,1,5,2,0,5.0,satisfied
29537,Male,Loyal Customer,57,Business travel,Business,1533,3,4,3,3,3,5,4,2,2,2,2,3,2,3,0,0.0,satisfied
11297,Male,Loyal Customer,55,Personal Travel,Eco,166,4,5,4,3,2,4,2,2,5,5,5,5,5,2,41,32.0,neutral or dissatisfied
127373,Male,Loyal Customer,55,Business travel,Business,3101,2,2,3,2,2,5,5,5,5,5,5,4,5,3,0,0.0,satisfied
20096,Male,Loyal Customer,45,Business travel,Business,1593,4,4,4,4,2,1,1,2,2,3,2,2,2,2,10,4.0,satisfied
103651,Male,Loyal Customer,50,Business travel,Business,2330,2,2,2,2,2,5,5,3,3,3,3,5,3,3,95,113.0,satisfied
38374,Male,Loyal Customer,26,Personal Travel,Eco,1111,2,5,1,1,4,1,4,4,5,2,5,4,4,4,0,9.0,neutral or dissatisfied
36106,Male,Loyal Customer,38,Business travel,Eco Plus,413,4,4,4,4,4,4,4,4,5,3,2,2,1,4,0,0.0,satisfied
52050,Female,Loyal Customer,48,Business travel,Eco,351,3,2,2,2,4,2,2,3,3,3,3,4,3,4,0,0.0,satisfied
23698,Male,Loyal Customer,49,Business travel,Eco,251,1,4,4,4,2,1,2,2,3,2,2,1,2,2,0,0.0,neutral or dissatisfied
123094,Male,Loyal Customer,39,Business travel,Business,468,2,2,2,2,2,5,4,4,4,4,4,5,4,3,4,0.0,satisfied
52288,Female,Loyal Customer,39,Business travel,Business,451,3,3,3,3,3,3,3,4,4,4,4,2,4,3,0,3.0,satisfied
105532,Male,Loyal Customer,12,Business travel,Business,611,1,1,1,1,5,4,5,5,5,3,4,3,5,5,0,0.0,satisfied
46025,Male,Loyal Customer,46,Business travel,Eco,996,2,5,5,5,2,2,2,2,2,3,1,5,4,2,18,18.0,satisfied
128902,Female,Loyal Customer,61,Personal Travel,Eco,2454,3,5,3,3,3,1,1,3,3,5,4,1,4,1,0,0.0,neutral or dissatisfied
94607,Male,Loyal Customer,58,Business travel,Business,3138,1,1,2,1,2,4,5,4,4,4,4,5,4,4,0,0.0,satisfied
14117,Female,Loyal Customer,43,Business travel,Business,1676,5,5,5,5,5,4,4,5,5,5,5,4,5,3,3,0.0,satisfied
3850,Male,Loyal Customer,35,Personal Travel,Eco,650,3,5,3,4,5,3,3,5,2,2,1,3,5,5,0,0.0,neutral or dissatisfied
53874,Male,Loyal Customer,47,Business travel,Business,2693,4,5,5,5,2,4,4,1,1,1,4,4,1,4,5,1.0,neutral or dissatisfied
68884,Female,disloyal Customer,64,Business travel,Eco,936,3,3,3,4,5,3,5,5,4,2,4,2,4,5,0,0.0,neutral or dissatisfied
30553,Female,Loyal Customer,42,Business travel,Eco Plus,1026,2,3,3,3,3,3,3,2,2,2,2,1,2,1,52,61.0,neutral or dissatisfied
71091,Male,Loyal Customer,35,Business travel,Eco Plus,802,3,4,4,4,3,3,3,3,1,1,3,3,3,3,60,51.0,neutral or dissatisfied
100680,Male,disloyal Customer,17,Business travel,Eco,628,4,0,4,3,5,4,5,5,4,4,4,4,4,5,3,0.0,neutral or dissatisfied
107080,Male,Loyal Customer,63,Personal Travel,Eco,395,2,4,2,5,1,2,1,1,4,2,5,5,5,1,19,15.0,neutral or dissatisfied
81062,Male,Loyal Customer,48,Personal Travel,Eco Plus,1399,2,1,2,3,1,2,5,1,3,3,4,1,3,1,38,40.0,neutral or dissatisfied
11216,Male,Loyal Customer,17,Personal Travel,Eco,224,3,5,3,5,4,3,4,4,4,4,4,5,4,4,58,49.0,neutral or dissatisfied
105736,Female,Loyal Customer,20,Business travel,Business,883,4,1,1,1,4,4,4,4,4,5,3,1,2,4,20,30.0,neutral or dissatisfied
101889,Male,Loyal Customer,29,Business travel,Business,2173,3,3,3,3,4,4,4,4,4,5,4,4,5,4,0,0.0,satisfied
116211,Male,Loyal Customer,40,Personal Travel,Eco,296,4,5,4,1,5,4,5,5,4,4,4,3,4,5,42,30.0,neutral or dissatisfied
22819,Female,Loyal Customer,38,Business travel,Eco,302,3,2,2,2,3,5,3,3,2,4,2,1,1,3,0,0.0,satisfied
7825,Male,Loyal Customer,64,Personal Travel,Eco,650,3,2,3,1,5,3,5,5,3,5,2,1,2,5,0,5.0,neutral or dissatisfied
33113,Male,Loyal Customer,10,Personal Travel,Eco,201,2,3,0,3,1,0,1,1,1,4,4,2,4,1,0,0.0,neutral or dissatisfied
67863,Male,Loyal Customer,70,Personal Travel,Eco,1205,2,3,2,3,2,2,2,2,4,1,3,2,4,2,13,6.0,neutral or dissatisfied
25984,Female,disloyal Customer,37,Business travel,Eco,577,4,3,4,2,5,4,5,5,5,5,1,3,5,5,0,28.0,neutral or dissatisfied
116574,Female,Loyal Customer,60,Business travel,Business,325,4,4,4,4,4,5,5,5,5,5,5,5,5,4,17,15.0,satisfied
34724,Female,disloyal Customer,26,Business travel,Eco,301,1,5,1,2,4,1,3,4,2,1,1,1,5,4,4,0.0,neutral or dissatisfied
86924,Female,Loyal Customer,38,Personal Travel,Eco,341,3,1,3,3,4,3,4,4,2,5,2,4,3,4,9,22.0,neutral or dissatisfied
82841,Female,Loyal Customer,31,Business travel,Business,594,4,5,5,5,4,4,4,4,3,3,4,1,4,4,0,0.0,neutral or dissatisfied
90787,Female,Loyal Customer,43,Business travel,Eco,270,1,2,2,2,1,3,4,1,1,1,1,3,1,3,0,0.0,neutral or dissatisfied
97969,Male,Loyal Customer,18,Personal Travel,Eco,483,4,2,4,4,2,4,2,2,1,2,3,4,3,2,53,39.0,neutral or dissatisfied
39574,Male,Loyal Customer,40,Business travel,Eco,954,5,2,3,2,5,5,5,5,1,3,4,1,4,5,105,98.0,satisfied
54807,Female,Loyal Customer,32,Business travel,Business,2994,1,1,1,1,4,4,4,4,2,5,3,4,4,4,43,47.0,satisfied
70078,Male,Loyal Customer,25,Business travel,Business,2685,2,2,2,2,5,5,5,4,4,4,4,5,5,5,175,,satisfied
108732,Female,Loyal Customer,33,Personal Travel,Eco,591,3,5,3,3,3,3,3,3,4,2,5,4,4,3,24,22.0,neutral or dissatisfied
37551,Male,disloyal Customer,19,Business travel,Eco,1028,1,1,1,3,4,1,4,4,4,5,4,3,3,4,0,0.0,neutral or dissatisfied
15513,Female,Loyal Customer,41,Personal Travel,Eco,433,4,5,4,3,2,4,4,2,4,2,5,5,5,2,0,0.0,neutral or dissatisfied
105320,Male,disloyal Customer,25,Business travel,Business,452,5,0,4,1,3,4,5,3,4,4,5,3,4,3,44,27.0,satisfied
73296,Male,Loyal Customer,56,Business travel,Business,2730,1,1,1,1,5,5,4,5,5,5,5,4,5,5,12,14.0,satisfied
26779,Female,Loyal Customer,39,Business travel,Business,2602,4,4,4,4,3,2,1,4,4,4,4,4,4,1,0,5.0,satisfied
12573,Female,Loyal Customer,49,Business travel,Business,2854,5,5,1,5,1,3,3,5,5,4,5,2,5,3,33,35.0,neutral or dissatisfied
26423,Male,Loyal Customer,42,Business travel,Eco,787,5,2,2,2,5,5,5,5,3,4,5,2,2,5,33,32.0,satisfied
27940,Female,Loyal Customer,32,Business travel,Eco,1774,0,0,0,4,3,0,2,3,1,1,4,2,2,3,0,0.0,satisfied
71270,Male,Loyal Customer,59,Personal Travel,Eco,733,1,3,1,3,1,1,4,1,2,3,3,3,4,1,1,3.0,neutral or dissatisfied
7868,Male,Loyal Customer,28,Business travel,Business,910,2,2,3,2,5,5,5,5,3,2,4,4,4,5,0,0.0,satisfied
509,Female,Loyal Customer,57,Business travel,Business,2241,1,1,1,1,4,4,5,4,4,5,4,3,4,3,0,0.0,satisfied
53092,Female,disloyal Customer,23,Business travel,Eco Plus,2327,2,2,2,3,2,2,2,4,4,2,3,2,3,2,315,346.0,neutral or dissatisfied
102114,Female,disloyal Customer,44,Business travel,Business,258,3,3,3,4,3,3,3,3,5,5,5,5,5,3,7,4.0,neutral or dissatisfied
84899,Female,Loyal Customer,52,Personal Travel,Eco,481,2,5,2,1,1,2,2,5,5,2,5,4,5,1,0,0.0,neutral or dissatisfied
128965,Female,disloyal Customer,36,Business travel,Eco,236,4,3,4,3,5,4,5,5,1,5,3,1,2,5,0,0.0,neutral or dissatisfied
100548,Female,Loyal Customer,28,Business travel,Business,3628,3,3,3,3,4,4,4,4,3,2,4,5,4,4,0,0.0,satisfied
73707,Female,Loyal Customer,41,Business travel,Eco,192,3,5,5,5,3,3,3,3,2,4,4,2,4,3,0,0.0,neutral or dissatisfied
94900,Female,Loyal Customer,38,Business travel,Eco,239,2,2,3,2,2,2,2,2,3,1,2,5,4,2,1,0.0,satisfied
36997,Female,Loyal Customer,11,Personal Travel,Eco,899,5,4,5,4,3,5,3,3,5,2,4,4,5,3,24,27.0,satisfied
65441,Female,Loyal Customer,28,Business travel,Business,3733,3,3,3,3,5,5,5,5,4,4,4,5,5,5,3,0.0,satisfied
67544,Male,Loyal Customer,32,Personal Travel,Business,1235,4,5,4,4,5,4,5,5,4,2,3,5,5,5,6,1.0,neutral or dissatisfied
76967,Female,Loyal Customer,41,Personal Travel,Eco,1990,1,1,1,4,3,1,4,3,2,2,3,2,3,3,5,8.0,neutral or dissatisfied
100361,Male,Loyal Customer,47,Personal Travel,Eco,1034,3,5,3,2,3,2,2,4,3,4,4,2,4,2,183,144.0,neutral or dissatisfied
80953,Male,Loyal Customer,71,Business travel,Business,3269,3,3,3,3,4,5,5,5,1,1,2,5,3,5,184,174.0,satisfied
103592,Female,Loyal Customer,77,Business travel,Business,1974,3,2,4,2,5,2,2,3,3,3,3,4,3,4,0,0.0,neutral or dissatisfied
37028,Female,disloyal Customer,26,Business travel,Business,994,2,5,1,4,1,1,1,1,4,4,5,5,4,1,0,0.0,neutral or dissatisfied
41362,Female,disloyal Customer,25,Business travel,Eco,913,4,4,4,1,3,4,3,3,2,3,1,4,5,3,0,0.0,neutral or dissatisfied
113200,Female,Loyal Customer,39,Business travel,Business,3007,3,3,3,3,4,5,5,5,5,5,5,4,5,5,1,10.0,satisfied
79421,Male,Loyal Customer,62,Personal Travel,Eco,502,2,4,2,3,5,2,5,5,5,4,4,4,4,5,73,56.0,neutral or dissatisfied
41814,Female,Loyal Customer,52,Business travel,Business,489,4,4,4,4,1,5,4,5,5,5,5,2,5,5,0,0.0,satisfied
77588,Female,disloyal Customer,25,Business travel,Business,731,5,2,5,1,5,5,5,5,3,4,4,4,4,5,0,0.0,satisfied
41412,Female,Loyal Customer,28,Personal Travel,Eco,563,3,4,4,4,1,4,1,1,4,2,4,1,3,1,0,9.0,neutral or dissatisfied
8494,Female,Loyal Customer,57,Business travel,Business,3535,3,5,3,3,4,5,5,5,5,5,5,4,5,5,0,0.0,satisfied
108216,Male,disloyal Customer,57,Business travel,Business,777,5,5,5,2,2,5,2,2,3,2,4,5,5,2,0,0.0,satisfied
65564,Female,Loyal Customer,42,Business travel,Business,3142,3,3,3,3,5,5,4,4,4,4,5,5,4,3,6,9.0,satisfied
100740,Male,Loyal Customer,37,Business travel,Business,328,2,2,2,2,2,4,3,2,2,2,2,1,2,4,19,22.0,neutral or dissatisfied
38347,Male,Loyal Customer,26,Business travel,Eco,1173,5,3,3,3,5,5,4,5,3,5,4,3,4,5,0,0.0,satisfied
47987,Male,Loyal Customer,32,Personal Travel,Eco,838,4,5,4,2,2,4,2,2,4,3,4,5,5,2,0,0.0,neutral or dissatisfied
119181,Male,Loyal Customer,50,Business travel,Business,331,5,5,2,5,3,4,4,4,4,4,4,5,4,4,73,64.0,satisfied
65313,Male,Loyal Customer,26,Personal Travel,Business,631,2,4,3,2,4,3,5,4,2,4,1,5,4,4,7,0.0,neutral or dissatisfied
38351,Male,Loyal Customer,45,Business travel,Business,3038,2,2,2,2,5,3,2,4,4,4,4,5,4,2,0,0.0,satisfied
81599,Male,Loyal Customer,52,Business travel,Business,334,0,0,0,4,3,4,5,4,4,4,4,5,4,3,0,0.0,satisfied
121991,Female,Loyal Customer,57,Business travel,Business,3038,3,3,3,3,3,4,4,5,5,5,5,4,5,5,0,0.0,satisfied
47385,Male,Loyal Customer,49,Business travel,Business,1809,3,4,4,4,2,3,3,3,3,3,3,2,3,3,65,43.0,neutral or dissatisfied
50171,Female,Loyal Customer,49,Business travel,Business,89,2,3,4,3,2,3,4,3,3,3,2,3,3,2,37,30.0,neutral or dissatisfied
43220,Female,disloyal Customer,54,Business travel,Eco,423,2,0,3,4,3,3,3,3,1,3,2,2,5,3,1,0.0,neutral or dissatisfied
85066,Female,Loyal Customer,25,Business travel,Business,3248,1,1,1,1,5,5,5,5,3,2,5,4,4,5,0,0.0,satisfied
36817,Male,Loyal Customer,18,Business travel,Eco Plus,2300,4,3,5,3,4,4,5,4,1,5,4,4,3,4,3,0.0,satisfied
37429,Male,disloyal Customer,24,Business travel,Business,1076,5,0,5,3,3,5,3,3,5,2,2,3,2,3,0,0.0,satisfied
24418,Female,disloyal Customer,8,Business travel,Eco,634,0,4,0,1,5,0,5,5,2,5,1,4,2,5,0,0.0,satisfied
31687,Female,Loyal Customer,27,Business travel,Business,967,2,1,5,1,2,2,2,2,3,2,3,4,3,2,0,0.0,neutral or dissatisfied
69034,Male,disloyal Customer,26,Business travel,Business,1389,4,4,4,1,4,4,4,4,5,2,5,3,4,4,13,0.0,satisfied
12322,Female,Loyal Customer,38,Business travel,Business,192,3,3,3,3,4,3,1,5,5,5,4,2,5,2,0,0.0,satisfied
96788,Male,Loyal Customer,51,Business travel,Business,2888,3,3,3,3,5,5,5,4,4,4,4,5,4,5,0,0.0,satisfied
81588,Female,Loyal Customer,63,Personal Travel,Business,349,4,4,4,2,3,5,5,2,2,4,2,4,2,4,0,0.0,neutral or dissatisfied
69189,Female,Loyal Customer,41,Personal Travel,Eco,187,3,4,3,2,5,3,5,5,4,5,5,3,4,5,0,0.0,neutral or dissatisfied
21624,Male,disloyal Customer,21,Business travel,Eco,780,4,4,4,3,4,4,4,4,1,2,3,4,4,4,37,16.0,neutral or dissatisfied
117028,Male,Loyal Customer,65,Business travel,Business,3193,2,1,1,1,2,3,3,2,2,2,2,4,2,3,0,0.0,neutral or dissatisfied
18262,Female,Loyal Customer,27,Personal Travel,Eco,179,1,4,1,3,4,1,4,4,2,5,4,2,3,4,0,0.0,neutral or dissatisfied
122872,Male,Loyal Customer,47,Personal Travel,Eco,226,2,4,2,3,5,2,5,5,4,4,5,3,4,5,3,0.0,neutral or dissatisfied
109678,Female,Loyal Customer,30,Personal Travel,Eco,829,3,4,3,1,5,3,5,5,5,4,5,4,4,5,13,12.0,neutral or dissatisfied
70332,Male,disloyal Customer,35,Business travel,Business,986,4,4,4,1,5,4,5,5,3,4,4,3,5,5,0,0.0,neutral or dissatisfied
108257,Male,Loyal Customer,22,Business travel,Business,895,3,4,4,4,3,3,3,3,4,3,4,4,3,3,0,0.0,neutral or dissatisfied
87195,Female,Loyal Customer,40,Business travel,Eco,946,4,1,2,2,4,4,4,4,2,5,3,1,3,4,0,0.0,neutral or dissatisfied
73007,Female,Loyal Customer,21,Personal Travel,Eco,1089,3,3,3,4,4,3,4,4,3,5,5,2,1,4,0,0.0,neutral or dissatisfied
37646,Male,Loyal Customer,15,Personal Travel,Eco,1074,1,4,1,2,3,1,3,3,4,3,4,3,5,3,0,0.0,neutral or dissatisfied
13090,Female,Loyal Customer,51,Business travel,Business,562,3,3,3,3,3,5,3,4,4,4,4,1,4,2,0,0.0,satisfied
83093,Female,Loyal Customer,9,Personal Travel,Eco,983,2,4,2,2,1,2,1,1,4,4,5,5,4,1,0,65.0,neutral or dissatisfied
46431,Female,Loyal Customer,47,Personal Travel,Eco,649,3,5,3,4,2,1,1,3,3,3,3,4,3,2,0,0.0,neutral or dissatisfied
32613,Female,Loyal Customer,40,Business travel,Eco,102,4,2,2,2,4,4,4,4,4,5,4,3,3,4,0,0.0,neutral or dissatisfied
49105,Male,disloyal Customer,25,Business travel,Eco,199,2,5,2,3,2,2,2,2,2,2,2,3,4,2,6,0.0,neutral or dissatisfied
104946,Female,Loyal Customer,13,Personal Travel,Eco,1180,3,2,3,3,4,3,4,4,3,2,4,2,3,4,27,11.0,neutral or dissatisfied
52181,Female,Loyal Customer,38,Business travel,Eco,237,4,3,3,3,4,4,4,4,2,4,4,2,4,4,0,0.0,satisfied
46142,Female,disloyal Customer,41,Business travel,Eco,604,1,4,1,2,2,1,2,2,5,5,5,2,4,2,0,0.0,neutral or dissatisfied
14003,Female,Loyal Customer,11,Personal Travel,Eco Plus,160,3,3,3,3,3,3,3,3,3,3,4,4,3,3,55,37.0,neutral or dissatisfied
41561,Female,Loyal Customer,20,Business travel,Eco,1504,5,4,4,4,5,5,5,5,2,4,1,4,1,5,0,0.0,satisfied
21505,Female,Loyal Customer,51,Personal Travel,Eco,399,2,2,2,4,3,3,3,2,2,2,2,2,2,2,0,0.0,neutral or dissatisfied
118323,Female,Loyal Customer,29,Business travel,Business,602,2,4,4,4,2,2,2,2,4,5,3,4,3,2,44,27.0,neutral or dissatisfied
24163,Female,Loyal Customer,38,Business travel,Eco,147,4,2,2,2,4,4,4,4,2,5,1,1,2,4,44,26.0,satisfied
97962,Female,Loyal Customer,12,Personal Travel,Eco,616,2,3,2,1,3,2,3,3,3,4,1,1,5,3,6,0.0,neutral or dissatisfied
125401,Female,Loyal Customer,11,Personal Travel,Eco,1440,3,5,3,3,1,3,1,1,5,3,5,4,4,1,102,83.0,neutral or dissatisfied
35654,Male,Loyal Customer,47,Business travel,Business,2475,4,1,1,1,4,4,4,1,4,3,3,4,3,4,0,0.0,neutral or dissatisfied
99651,Male,Loyal Customer,45,Business travel,Business,2766,2,2,2,2,4,4,4,2,2,2,2,4,2,5,30,26.0,satisfied
8251,Male,Loyal Customer,10,Personal Travel,Eco,402,3,4,3,3,4,3,1,4,3,3,4,3,3,4,21,19.0,neutral or dissatisfied
20046,Male,Loyal Customer,26,Business travel,Business,3422,4,4,4,4,5,5,5,5,5,2,4,5,1,5,11,0.0,satisfied
65397,Male,Loyal Customer,60,Personal Travel,Eco,631,2,5,1,2,1,1,1,1,5,5,5,5,4,1,0,0.0,neutral or dissatisfied
96820,Female,disloyal Customer,12,Business travel,Eco,849,1,1,1,4,4,1,4,4,1,2,3,3,4,4,18,3.0,neutral or dissatisfied
8768,Male,Loyal Customer,72,Business travel,Business,2068,2,2,2,2,2,3,3,2,2,3,2,2,2,3,0,8.0,neutral or dissatisfied
33220,Male,Loyal Customer,56,Business travel,Eco Plus,102,4,4,4,4,4,4,4,4,5,2,5,4,4,4,0,3.0,satisfied
129021,Female,Loyal Customer,54,Personal Travel,Eco,2611,2,1,2,3,2,4,4,3,3,2,4,4,2,4,1,16.0,neutral or dissatisfied
20956,Male,Loyal Customer,12,Business travel,Eco,721,4,4,4,4,4,5,3,4,5,5,2,2,2,4,0,0.0,satisfied
2928,Female,Loyal Customer,40,Business travel,Business,3711,4,4,4,4,2,4,5,4,4,4,4,5,4,4,7,0.0,satisfied
248,Male,Loyal Customer,23,Business travel,Business,719,3,4,4,4,3,3,3,3,2,2,4,2,3,3,35,42.0,neutral or dissatisfied
104528,Female,disloyal Customer,26,Business travel,Business,1047,4,4,4,1,5,4,5,5,5,2,4,4,5,5,0,0.0,neutral or dissatisfied
9619,Male,Loyal Customer,30,Business travel,Business,2672,5,5,5,5,5,5,5,5,4,3,4,4,5,5,0,46.0,satisfied
27936,Male,Loyal Customer,29,Business travel,Business,1774,5,5,5,5,4,4,4,4,3,3,4,3,4,4,0,0.0,satisfied
114642,Male,Loyal Customer,43,Business travel,Eco,362,2,4,4,4,2,2,2,2,4,5,2,3,3,2,10,5.0,neutral or dissatisfied
116874,Female,Loyal Customer,57,Business travel,Business,1768,0,0,0,2,4,4,4,4,4,4,4,3,4,4,8,0.0,satisfied
56623,Female,Loyal Customer,49,Business travel,Eco,1065,2,1,1,1,1,3,3,2,2,2,2,2,2,4,0,0.0,neutral or dissatisfied
88449,Female,disloyal Customer,38,Business travel,Business,581,4,3,3,4,5,3,5,5,5,2,5,3,4,5,3,0.0,satisfied
47402,Female,Loyal Customer,72,Business travel,Eco,599,4,4,4,4,5,2,2,4,4,4,4,3,4,4,75,68.0,neutral or dissatisfied
101089,Male,disloyal Customer,23,Business travel,Business,1235,4,0,4,2,3,4,3,3,3,2,4,4,5,3,7,0.0,satisfied
55818,Male,disloyal Customer,25,Business travel,Business,1416,5,5,5,1,5,5,5,5,4,4,4,5,5,5,0,21.0,satisfied
103848,Male,disloyal Customer,10,Business travel,Eco,979,4,4,4,4,5,4,5,5,4,4,4,1,4,5,13,17.0,neutral or dissatisfied
17122,Female,Loyal Customer,32,Business travel,Business,1633,2,2,2,2,5,5,5,5,5,5,5,3,2,5,0,10.0,satisfied
1217,Female,Loyal Customer,39,Personal Travel,Eco,158,3,4,3,5,4,3,4,4,4,3,4,4,5,4,0,0.0,neutral or dissatisfied
104265,Male,Loyal Customer,33,Business travel,Business,456,2,5,2,5,2,1,2,2,4,4,3,4,3,2,26,17.0,neutral or dissatisfied
78675,Female,disloyal Customer,23,Business travel,Eco,674,3,3,3,4,1,3,1,1,5,3,4,3,5,1,4,27.0,neutral or dissatisfied
83179,Male,disloyal Customer,23,Business travel,Business,549,4,4,4,2,3,4,3,3,3,5,4,3,4,3,67,74.0,satisfied
129756,Female,Loyal Customer,43,Business travel,Business,308,4,2,2,2,4,3,3,4,4,4,4,2,4,2,0,0.0,neutral or dissatisfied
94936,Male,Loyal Customer,31,Business travel,Business,319,4,4,4,4,4,4,4,4,5,1,3,2,4,4,1,0.0,satisfied
49669,Male,Loyal Customer,38,Business travel,Business,89,5,5,4,5,2,1,4,4,4,4,4,2,4,1,0,0.0,satisfied
67314,Female,Loyal Customer,33,Business travel,Eco Plus,929,5,5,5,5,5,5,5,5,1,3,1,3,2,5,0,1.0,satisfied
49130,Male,Loyal Customer,43,Business travel,Business,2989,1,1,1,1,2,3,4,4,4,4,4,2,4,2,0,0.0,satisfied
67821,Female,disloyal Customer,36,Business travel,Eco,771,2,2,2,1,3,2,3,3,4,3,2,3,2,3,12,14.0,neutral or dissatisfied
36537,Male,disloyal Customer,54,Business travel,Eco,1237,3,3,3,3,1,3,1,1,3,2,3,3,3,1,0,11.0,neutral or dissatisfied
114556,Male,Loyal Customer,39,Personal Travel,Business,390,4,5,4,3,1,1,1,1,1,4,1,5,1,4,0,0.0,satisfied
14318,Female,Loyal Customer,35,Business travel,Eco,395,2,4,4,4,2,2,2,2,4,1,3,3,4,2,0,0.0,neutral or dissatisfied
24663,Female,Loyal Customer,57,Personal Travel,Eco,873,2,1,3,3,4,4,3,2,2,3,2,3,2,4,0,0.0,neutral or dissatisfied
102330,Male,disloyal Customer,38,Business travel,Eco,258,1,2,0,2,2,0,2,2,3,1,1,4,1,2,0,0.0,neutral or dissatisfied
122815,Female,Loyal Customer,62,Personal Travel,Eco,599,2,2,1,3,5,2,4,3,3,1,3,3,3,1,1,4.0,neutral or dissatisfied
50296,Female,disloyal Customer,38,Business travel,Eco,207,1,3,1,5,5,1,5,5,5,2,3,5,1,5,0,0.0,neutral or dissatisfied
38262,Male,Loyal Customer,34,Business travel,Business,2657,2,2,2,2,4,5,4,5,5,5,5,5,5,3,0,0.0,satisfied
110809,Female,Loyal Customer,44,Personal Travel,Eco,990,4,5,4,5,4,5,5,3,3,4,3,4,3,5,0,16.0,neutral or dissatisfied
62151,Female,Loyal Customer,35,Business travel,Business,2454,3,2,2,2,2,2,3,3,3,3,3,1,3,1,1,0.0,neutral or dissatisfied
104142,Male,Loyal Customer,58,Personal Travel,Eco,393,2,2,2,3,3,2,3,3,3,4,3,4,3,3,15,1.0,neutral or dissatisfied
91092,Female,Loyal Customer,55,Personal Travel,Eco,406,1,5,1,3,3,2,2,2,2,1,2,1,2,2,100,96.0,neutral or dissatisfied
45405,Male,Loyal Customer,42,Business travel,Business,3791,4,4,3,4,2,2,4,5,5,5,5,4,5,3,0,0.0,satisfied
28694,Female,Loyal Customer,23,Business travel,Business,2182,5,5,5,5,5,5,5,5,1,3,4,5,3,5,0,2.0,satisfied
24062,Male,Loyal Customer,66,Personal Travel,Eco,595,2,1,2,3,5,2,5,5,4,1,4,1,4,5,0,0.0,neutral or dissatisfied
107433,Male,Loyal Customer,49,Personal Travel,Eco,725,3,1,3,2,1,3,1,1,2,2,2,3,2,1,0,0.0,neutral or dissatisfied
22509,Male,Loyal Customer,60,Business travel,Eco Plus,83,4,1,1,1,4,4,4,5,3,4,4,4,1,4,195,186.0,satisfied
78841,Female,Loyal Customer,15,Personal Travel,Eco,528,3,2,3,4,3,3,3,3,4,5,3,4,3,3,0,0.0,neutral or dissatisfied
117187,Male,Loyal Customer,69,Personal Travel,Eco,369,1,4,1,3,4,1,4,4,4,2,3,4,4,4,5,0.0,neutral or dissatisfied
59831,Female,Loyal Customer,52,Business travel,Business,1871,2,2,2,2,3,5,4,4,4,4,4,3,4,5,11,5.0,satisfied
49570,Male,Loyal Customer,39,Business travel,Eco,109,3,3,3,3,3,3,3,3,1,4,2,5,1,3,0,0.0,satisfied
42629,Female,Loyal Customer,9,Business travel,Eco,546,3,4,4,4,3,3,4,3,2,2,3,3,3,3,17,13.0,neutral or dissatisfied
67325,Male,Loyal Customer,50,Personal Travel,Eco Plus,929,2,5,2,4,5,2,5,5,3,3,4,5,4,5,0,0.0,neutral or dissatisfied
52374,Female,Loyal Customer,49,Personal Travel,Eco,751,4,5,4,1,4,4,4,5,5,4,5,4,5,5,0,0.0,neutral or dissatisfied
64680,Male,Loyal Customer,39,Business travel,Business,2974,1,1,1,1,3,4,5,4,4,4,4,3,4,4,0,0.0,satisfied
60475,Male,Loyal Customer,42,Business travel,Business,862,3,3,3,3,2,5,5,2,2,2,2,4,2,3,0,0.0,satisfied
6884,Female,Loyal Customer,61,Business travel,Business,3725,2,2,2,2,4,5,4,5,5,4,5,5,5,4,2,14.0,satisfied
9829,Male,disloyal Customer,22,Business travel,Eco,476,3,4,3,4,1,3,1,1,4,2,5,5,5,1,0,0.0,neutral or dissatisfied
9216,Female,disloyal Customer,39,Business travel,Business,157,4,4,4,3,1,4,1,1,3,4,5,3,5,1,0,0.0,neutral or dissatisfied
20023,Male,Loyal Customer,7,Personal Travel,Business,473,1,2,3,4,1,3,1,1,2,1,4,3,4,1,87,78.0,neutral or dissatisfied
98675,Male,Loyal Customer,7,Personal Travel,Eco,951,4,4,4,2,5,4,5,5,2,4,4,5,3,5,86,126.0,neutral or dissatisfied
11988,Male,Loyal Customer,17,Personal Travel,Eco,643,2,5,2,3,3,2,3,3,3,3,4,3,5,3,111,101.0,neutral or dissatisfied
77337,Male,disloyal Customer,27,Business travel,Business,590,3,3,3,5,4,3,4,4,4,4,5,5,5,4,0,12.0,neutral or dissatisfied
67278,Female,Loyal Customer,34,Personal Travel,Eco,1121,1,2,1,3,4,1,4,4,2,5,4,2,4,4,51,56.0,neutral or dissatisfied
116834,Female,disloyal Customer,27,Business travel,Business,304,4,4,4,3,2,4,3,2,1,3,4,3,3,2,16,17.0,neutral or dissatisfied
18125,Female,Loyal Customer,64,Business travel,Eco,120,2,3,3,3,5,4,2,1,1,2,1,2,1,4,49,33.0,satisfied
5316,Female,Loyal Customer,56,Business travel,Eco Plus,351,3,3,3,3,4,2,2,3,3,3,3,4,3,3,0,0.0,neutral or dissatisfied
88720,Male,Loyal Customer,35,Personal Travel,Eco,404,4,4,4,2,5,4,5,5,4,5,5,3,5,5,0,0.0,neutral or dissatisfied
49526,Female,disloyal Customer,25,Business travel,Eco,110,2,3,1,3,5,1,5,5,1,4,1,4,3,5,7,0.0,neutral or dissatisfied
18843,Female,disloyal Customer,52,Business travel,Eco,503,3,2,3,3,3,3,3,3,3,1,4,4,4,3,0,0.0,neutral or dissatisfied
118423,Male,Loyal Customer,50,Business travel,Business,3100,1,1,1,1,4,5,4,3,3,4,3,5,3,5,94,113.0,satisfied
95580,Male,Loyal Customer,17,Personal Travel,Business,822,2,5,3,2,4,3,4,4,4,5,4,3,4,4,0,0.0,neutral or dissatisfied
58218,Male,Loyal Customer,7,Personal Travel,Eco,925,2,5,2,1,3,2,3,3,5,4,2,1,4,3,0,1.0,neutral or dissatisfied
107687,Female,disloyal Customer,37,Business travel,Business,405,3,3,3,4,1,3,1,1,4,3,5,3,4,1,105,129.0,neutral or dissatisfied
63257,Male,Loyal Customer,58,Business travel,Business,337,0,0,0,4,2,4,5,2,2,2,2,3,2,3,48,45.0,satisfied
13244,Male,disloyal Customer,32,Business travel,Eco,772,2,2,2,3,2,5,5,4,3,3,3,5,2,5,126,135.0,neutral or dissatisfied
126775,Female,disloyal Customer,16,Business travel,Eco,757,4,4,4,4,1,4,1,1,2,5,5,5,5,1,0,0.0,satisfied
103752,Female,Loyal Customer,21,Personal Travel,Eco Plus,405,3,4,3,3,2,3,2,2,5,3,4,3,5,2,21,19.0,neutral or dissatisfied
125600,Male,Loyal Customer,39,Personal Travel,Eco,1587,3,3,3,3,1,3,1,1,1,3,3,4,4,1,7,1.0,neutral or dissatisfied
44605,Female,Loyal Customer,42,Business travel,Eco,566,5,3,3,3,3,2,2,4,4,5,4,1,4,2,0,0.0,satisfied
29571,Male,Loyal Customer,60,Business travel,Eco,1448,5,1,1,1,4,5,4,4,3,4,3,5,3,4,0,0.0,satisfied
65492,Male,Loyal Customer,52,Personal Travel,Eco,1303,4,5,4,5,4,4,4,4,4,3,5,2,4,4,0,0.0,satisfied
41988,Male,Loyal Customer,63,Personal Travel,Business,116,2,1,2,3,2,2,3,2,2,2,2,4,2,3,0,0.0,neutral or dissatisfied
19003,Male,Loyal Customer,44,Business travel,Eco,788,5,5,4,4,5,5,5,5,1,1,3,4,1,5,0,0.0,satisfied
62196,Female,disloyal Customer,35,Business travel,Eco,2565,1,1,1,1,3,1,3,3,3,3,3,4,4,3,0,0.0,neutral or dissatisfied
112641,Male,Loyal Customer,68,Personal Travel,Eco Plus,639,4,4,4,2,3,4,3,3,5,3,5,3,5,3,4,0.0,satisfied
125582,Male,Loyal Customer,7,Personal Travel,Eco Plus,226,1,4,1,3,1,1,1,1,3,3,3,3,4,1,0,0.0,neutral or dissatisfied
27261,Male,disloyal Customer,23,Business travel,Eco,987,5,5,5,4,1,5,1,1,3,3,4,5,5,1,0,0.0,satisfied
29303,Female,Loyal Customer,37,Personal Travel,Eco,834,4,4,5,2,2,5,2,2,4,5,5,5,4,2,1,1.0,satisfied
85574,Female,disloyal Customer,21,Business travel,Eco,192,4,0,4,4,1,4,4,1,5,4,4,5,4,1,0,0.0,satisfied
42240,Male,disloyal Customer,10,Business travel,Eco,834,2,2,2,3,2,2,2,2,2,4,4,4,3,2,0,12.0,neutral or dissatisfied
119278,Male,Loyal Customer,51,Business travel,Eco,214,2,4,4,4,1,2,1,1,2,3,4,2,4,1,0,5.0,neutral or dissatisfied
9693,Female,Loyal Customer,64,Business travel,Business,1857,2,1,1,1,3,3,4,1,1,1,2,1,1,3,38,41.0,neutral or dissatisfied
121258,Male,Loyal Customer,54,Business travel,Eco,314,1,4,4,4,2,1,2,2,4,1,3,4,4,2,0,21.0,neutral or dissatisfied
55205,Female,Loyal Customer,42,Personal Travel,Eco Plus,1379,3,5,3,5,2,5,1,4,4,3,4,4,4,4,19,19.0,neutral or dissatisfied
126102,Female,Loyal Customer,60,Business travel,Eco,631,2,2,2,2,2,2,2,3,3,3,2,2,1,2,296,286.0,neutral or dissatisfied
76574,Male,Loyal Customer,38,Business travel,Business,2205,5,4,5,5,5,5,5,5,2,5,4,5,5,5,104,147.0,satisfied
75141,Female,Loyal Customer,49,Business travel,Business,1723,5,5,5,5,4,5,5,4,4,4,4,5,4,5,0,0.0,satisfied
57296,Male,Loyal Customer,40,Business travel,Business,414,2,2,2,2,2,4,4,5,5,5,5,3,5,5,7,7.0,satisfied
51135,Male,Loyal Customer,11,Personal Travel,Eco,262,2,5,0,4,3,0,3,3,2,1,4,1,4,3,0,0.0,neutral or dissatisfied
123015,Male,Loyal Customer,45,Business travel,Business,2139,3,3,5,3,5,5,5,5,5,5,5,3,5,5,0,0.0,satisfied
5915,Female,Loyal Customer,53,Personal Travel,Eco,173,1,4,1,3,1,1,1,4,4,1,4,1,4,1,81,85.0,neutral or dissatisfied
35703,Female,Loyal Customer,67,Personal Travel,Eco,2586,2,4,2,3,2,1,1,4,3,4,5,1,3,1,0,0.0,neutral or dissatisfied
53101,Female,Loyal Customer,44,Business travel,Business,1628,2,2,2,2,1,4,1,5,5,5,5,5,5,3,16,3.0,satisfied
114067,Female,Loyal Customer,50,Business travel,Eco,1892,2,1,1,1,1,2,4,2,2,2,2,2,2,4,0,0.0,neutral or dissatisfied
87038,Female,Loyal Customer,46,Business travel,Business,594,1,1,1,1,4,5,4,5,5,5,5,3,5,3,37,32.0,satisfied
57438,Female,Loyal Customer,54,Business travel,Business,1735,2,4,4,4,3,4,4,2,2,2,2,4,2,1,7,9.0,neutral or dissatisfied
117474,Male,Loyal Customer,46,Business travel,Business,2453,4,4,4,4,5,5,5,3,3,4,3,3,3,5,0,3.0,satisfied
68757,Male,Loyal Customer,40,Business travel,Business,3693,2,2,4,2,5,4,4,4,4,4,4,5,4,5,0,0.0,satisfied
95516,Female,disloyal Customer,38,Business travel,Eco Plus,323,1,1,1,3,2,1,2,2,1,2,4,4,3,2,16,18.0,neutral or dissatisfied
86382,Male,Loyal Customer,40,Business travel,Business,2687,4,2,4,4,4,4,5,5,5,5,5,4,5,5,1,0.0,satisfied
41467,Female,disloyal Customer,20,Business travel,Eco,929,4,4,4,2,4,4,4,4,1,2,2,3,3,4,0,0.0,satisfied
43274,Male,disloyal Customer,38,Business travel,Eco,387,2,0,2,4,5,2,5,5,3,5,2,3,5,5,0,0.0,neutral or dissatisfied
63718,Male,Loyal Customer,55,Business travel,Business,1660,1,1,1,1,2,4,5,3,3,3,3,3,3,5,15,0.0,satisfied
27012,Female,Loyal Customer,9,Personal Travel,Eco,867,3,4,3,1,5,3,5,5,3,2,5,5,5,5,4,2.0,neutral or dissatisfied
56012,Male,Loyal Customer,42,Business travel,Business,2475,3,3,4,3,5,5,5,4,4,4,4,5,4,5,6,0.0,satisfied
82973,Female,Loyal Customer,36,Business travel,Business,3918,3,3,1,3,2,5,4,4,4,4,4,3,4,4,0,0.0,satisfied
129081,Male,disloyal Customer,39,Business travel,Business,2583,4,5,5,4,5,5,5,5,2,4,5,5,3,5,0,0.0,neutral or dissatisfied
45364,Male,Loyal Customer,24,Personal Travel,Eco,222,2,1,2,4,5,2,5,5,4,5,3,3,3,5,0,0.0,neutral or dissatisfied
54868,Male,Loyal Customer,63,Business travel,Eco,462,2,5,5,5,2,2,2,2,4,1,2,4,1,2,0,0.0,satisfied
95153,Male,Loyal Customer,41,Personal Travel,Eco,248,4,4,4,5,5,4,5,5,5,3,5,3,4,5,0,0.0,neutral or dissatisfied
112538,Male,Loyal Customer,66,Personal Travel,Eco,862,3,5,3,1,5,3,5,5,3,4,5,4,5,5,31,16.0,neutral or dissatisfied
24095,Male,Loyal Customer,48,Personal Travel,Eco,625,3,3,3,5,3,3,3,3,2,1,3,4,5,3,68,99.0,neutral or dissatisfied
35085,Male,Loyal Customer,40,Business travel,Eco,1035,5,1,1,1,5,5,5,5,5,4,4,3,4,5,74,58.0,satisfied
112234,Male,disloyal Customer,25,Business travel,Business,1506,1,3,1,2,3,1,3,3,3,3,3,4,2,3,0,2.0,neutral or dissatisfied
126239,Female,Loyal Customer,55,Business travel,Business,1535,0,3,0,4,4,4,4,1,1,1,1,3,1,1,20,30.0,satisfied
71538,Male,Loyal Customer,46,Business travel,Eco,1005,2,3,3,3,2,2,2,2,4,3,2,1,3,2,0,0.0,neutral or dissatisfied
87806,Male,Loyal Customer,42,Business travel,Business,2256,1,1,1,1,5,4,4,5,5,5,4,4,5,4,9,5.0,satisfied
104526,Female,Loyal Customer,42,Business travel,Business,3163,4,4,5,4,3,5,5,5,5,4,5,3,5,4,0,0.0,satisfied
112902,Female,Loyal Customer,57,Business travel,Business,1390,2,2,2,2,3,5,4,4,4,4,4,3,4,4,0,0.0,satisfied
16324,Male,disloyal Customer,29,Business travel,Eco,602,4,3,4,3,5,4,5,5,4,2,4,2,4,5,15,8.0,neutral or dissatisfied
53004,Female,disloyal Customer,26,Business travel,Eco,1208,3,4,4,4,5,4,5,5,4,3,1,4,4,5,0,0.0,neutral or dissatisfied
30712,Male,Loyal Customer,19,Personal Travel,Eco,464,2,5,2,3,3,2,3,3,3,3,5,3,5,3,28,16.0,neutral or dissatisfied
94865,Female,disloyal Customer,26,Business travel,Business,187,2,5,2,4,4,2,5,4,5,3,5,3,5,4,4,3.0,neutral or dissatisfied
55156,Male,Loyal Customer,15,Personal Travel,Eco,1303,1,4,2,1,1,2,1,1,4,4,5,4,5,1,0,22.0,neutral or dissatisfied
23512,Male,Loyal Customer,56,Business travel,Business,3750,4,4,4,4,4,2,4,5,5,5,5,1,5,4,0,0.0,satisfied
18183,Female,disloyal Customer,37,Business travel,Eco,228,2,0,2,2,2,2,4,2,2,5,2,4,2,2,0,0.0,neutral or dissatisfied
72278,Male,disloyal Customer,28,Business travel,Eco,519,3,4,2,4,5,2,5,5,5,1,5,4,2,5,0,0.0,neutral or dissatisfied
13974,Female,disloyal Customer,59,Business travel,Eco Plus,192,3,4,4,4,2,3,2,2,1,5,3,3,3,2,16,18.0,neutral or dissatisfied
91253,Male,Loyal Customer,43,Personal Travel,Eco,581,4,5,4,2,5,4,5,5,4,3,4,3,4,5,0,0.0,neutral or dissatisfied
90661,Female,Loyal Customer,30,Business travel,Business,545,2,5,5,5,2,2,2,2,4,2,3,4,3,2,0,0.0,neutral or dissatisfied
32319,Male,Loyal Customer,35,Business travel,Business,1627,0,5,0,5,3,5,5,3,3,3,3,1,3,5,0,0.0,satisfied
111053,Male,Loyal Customer,36,Business travel,Business,1937,1,1,1,1,1,3,3,4,4,4,5,2,4,4,0,0.0,satisfied
101183,Male,Loyal Customer,10,Personal Travel,Eco,1235,3,5,3,2,3,3,5,3,3,3,4,4,5,3,9,0.0,neutral or dissatisfied
58158,Male,Loyal Customer,25,Business travel,Business,3018,1,1,1,1,5,5,5,5,4,5,4,5,5,5,4,8.0,satisfied
54130,Female,Loyal Customer,22,Business travel,Business,1400,5,5,5,5,5,5,5,5,2,3,2,5,3,5,0,14.0,satisfied
75293,Female,Loyal Customer,65,Personal Travel,Eco Plus,1846,0,4,0,2,3,4,1,2,2,0,2,5,2,2,0,0.0,satisfied
117419,Male,Loyal Customer,51,Business travel,Business,1460,2,2,2,2,4,4,5,4,4,5,4,5,4,5,35,28.0,satisfied
28106,Male,Loyal Customer,36,Business travel,Eco,569,4,5,5,5,4,4,4,4,5,3,4,4,5,4,0,0.0,satisfied
21334,Male,Loyal Customer,58,Business travel,Eco,761,3,5,5,5,2,3,2,2,2,5,4,3,4,2,82,85.0,satisfied
11616,Male,Loyal Customer,39,Personal Travel,Eco,468,3,5,3,3,3,3,4,3,3,4,4,4,5,3,0,9.0,neutral or dissatisfied
19465,Female,Loyal Customer,40,Business travel,Business,177,5,5,5,5,2,5,4,5,5,5,4,5,5,1,0,0.0,satisfied
32396,Female,Loyal Customer,32,Business travel,Business,163,3,3,3,3,5,4,3,5,1,2,3,1,3,5,0,0.0,satisfied
93114,Female,Loyal Customer,52,Business travel,Business,3734,4,4,4,4,3,4,5,5,5,5,5,5,5,4,0,0.0,satisfied
79645,Female,Loyal Customer,53,Business travel,Business,3075,1,0,0,4,1,3,3,5,5,0,5,1,5,1,0,0.0,neutral or dissatisfied
77963,Male,Loyal Customer,26,Business travel,Business,214,1,1,1,1,4,4,5,4,3,4,5,3,4,4,0,0.0,satisfied
18540,Male,Loyal Customer,37,Business travel,Business,190,2,2,2,2,4,4,5,4,4,4,5,4,4,1,3,46.0,satisfied
87461,Male,Loyal Customer,51,Business travel,Business,3173,3,3,2,3,3,5,4,3,3,4,3,4,3,5,2,0.0,satisfied
63348,Female,disloyal Customer,38,Business travel,Eco,337,4,4,3,1,2,3,2,2,2,4,4,1,2,2,0,0.0,neutral or dissatisfied
108903,Female,Loyal Customer,53,Business travel,Business,3610,3,5,5,5,2,2,3,3,3,3,3,3,3,4,13,7.0,neutral or dissatisfied
31727,Female,Loyal Customer,20,Personal Travel,Eco,853,1,5,2,1,2,2,2,2,3,3,5,4,4,2,5,0.0,neutral or dissatisfied
63396,Male,Loyal Customer,52,Personal Travel,Eco,372,2,5,2,2,1,2,1,1,5,3,4,3,4,1,12,6.0,neutral or dissatisfied
115203,Male,Loyal Customer,45,Business travel,Business,2576,5,5,5,5,3,5,5,5,5,5,5,3,5,5,7,13.0,satisfied
54301,Male,Loyal Customer,23,Personal Travel,Eco,1075,2,2,2,4,4,2,4,4,4,1,3,4,4,4,4,0.0,neutral or dissatisfied
21200,Male,Loyal Customer,35,Business travel,Business,192,4,4,4,4,1,1,1,4,4,4,4,2,4,3,0,0.0,satisfied
57922,Female,Loyal Customer,22,Personal Travel,Eco,305,4,5,4,1,1,4,4,1,1,3,4,5,4,1,61,58.0,neutral or dissatisfied
84874,Male,Loyal Customer,43,Personal Travel,Eco,516,3,2,4,3,2,4,2,2,3,5,3,3,3,2,1,0.0,neutral or dissatisfied
102356,Female,Loyal Customer,37,Business travel,Business,3336,4,3,1,3,4,4,3,4,4,4,4,3,4,4,32,30.0,neutral or dissatisfied
12340,Male,Loyal Customer,61,Business travel,Eco,201,5,1,1,1,5,5,5,5,3,1,2,4,1,5,0,0.0,satisfied
35983,Female,Loyal Customer,37,Personal Travel,Business,2496,2,2,2,3,2,4,4,3,4,2,3,4,2,4,0,0.0,neutral or dissatisfied
95452,Female,Loyal Customer,58,Business travel,Business,189,4,4,4,4,3,4,4,4,4,4,4,3,4,5,5,0.0,satisfied
46936,Female,disloyal Customer,63,Personal Travel,Eco,776,5,5,4,4,3,4,3,3,5,2,5,3,5,3,7,,satisfied
118801,Female,Loyal Customer,51,Personal Travel,Eco,647,4,5,4,1,5,5,3,5,5,4,1,1,5,3,22,11.0,neutral or dissatisfied
69844,Male,Loyal Customer,9,Personal Travel,Eco,1345,2,1,2,2,5,2,5,5,4,4,3,3,2,5,0,0.0,neutral or dissatisfied
108218,Male,Loyal Customer,33,Personal Travel,Eco,777,1,5,1,5,1,1,1,1,3,4,5,4,4,1,6,0.0,neutral or dissatisfied
102540,Female,Loyal Customer,67,Personal Travel,Eco,407,1,4,1,1,1,3,5,5,5,1,5,1,5,3,8,1.0,neutral or dissatisfied
35025,Male,Loyal Customer,49,Business travel,Eco Plus,740,5,4,4,4,5,5,5,5,4,1,1,4,3,5,2,9.0,satisfied
125195,Male,disloyal Customer,23,Business travel,Eco,651,0,0,1,4,3,1,3,3,4,3,5,5,5,3,2,0.0,satisfied
24464,Male,Loyal Customer,45,Business travel,Eco,481,4,2,2,2,4,4,4,4,3,4,2,3,2,4,0,0.0,satisfied
80073,Female,Loyal Customer,49,Business travel,Business,944,4,4,5,4,3,5,4,3,3,4,3,4,3,4,29,20.0,satisfied
103545,Male,Loyal Customer,48,Business travel,Business,2236,3,4,4,4,2,3,3,3,3,3,3,4,3,1,3,0.0,neutral or dissatisfied
27926,Male,Loyal Customer,34,Business travel,Eco Plus,689,5,3,3,3,5,5,5,5,4,4,1,5,4,5,0,,satisfied
57471,Male,Loyal Customer,50,Business travel,Business,3353,2,2,2,2,4,4,5,5,5,5,5,3,5,3,0,2.0,satisfied
129816,Female,Loyal Customer,54,Personal Travel,Eco,308,1,5,1,4,2,4,5,2,2,1,3,4,2,3,7,0.0,neutral or dissatisfied
128617,Male,disloyal Customer,28,Business travel,Business,679,0,0,0,4,2,0,2,2,5,2,4,3,5,2,3,0.0,satisfied
5792,Female,Loyal Customer,55,Business travel,Business,3482,4,4,4,4,4,5,4,5,2,5,5,4,4,4,135,167.0,satisfied
119779,Female,Loyal Customer,61,Personal Travel,Business,936,4,5,4,2,1,4,1,3,3,4,3,1,3,2,3,0.0,neutral or dissatisfied
58885,Male,Loyal Customer,54,Business travel,Eco,1081,2,1,1,1,2,2,2,2,3,1,3,4,3,2,49,58.0,neutral or dissatisfied
120827,Female,Loyal Customer,17,Business travel,Business,2535,4,4,4,4,4,4,4,4,3,3,4,3,4,4,0,1.0,satisfied
16500,Male,disloyal Customer,38,Business travel,Business,282,1,1,1,4,1,1,1,1,3,4,5,3,2,1,26,21.0,neutral or dissatisfied
40600,Female,Loyal Customer,68,Personal Travel,Eco,391,3,4,3,3,2,4,4,1,1,3,5,3,1,5,12,0.0,neutral or dissatisfied
56852,Female,Loyal Customer,49,Business travel,Business,2565,3,2,3,3,4,4,4,4,3,5,4,4,4,4,2,16.0,satisfied
125728,Female,disloyal Customer,45,Business travel,Business,814,4,4,4,4,3,4,1,3,3,4,4,3,5,3,6,5.0,satisfied
44062,Female,Loyal Customer,48,Business travel,Business,456,1,1,1,1,4,2,2,5,5,5,5,2,5,1,0,0.0,satisfied
129444,Male,Loyal Customer,62,Personal Travel,Eco,236,4,4,4,4,1,4,1,1,3,5,5,3,4,1,0,0.0,satisfied
40295,Male,Loyal Customer,63,Personal Travel,Eco,358,3,4,3,3,5,3,5,5,5,2,5,3,4,5,0,0.0,neutral or dissatisfied
59765,Female,Loyal Customer,38,Business travel,Business,3889,5,5,1,5,4,4,4,4,4,5,4,3,4,4,0,0.0,satisfied
108191,Male,Loyal Customer,40,Business travel,Business,1105,5,5,5,5,4,3,3,3,3,5,4,3,5,3,271,270.0,satisfied
30766,Male,Loyal Customer,37,Personal Travel,Eco Plus,683,1,4,1,1,4,1,3,4,5,3,5,4,4,4,8,8.0,neutral or dissatisfied
42548,Female,Loyal Customer,29,Personal Travel,Eco,1174,2,4,1,1,5,1,5,5,3,4,3,3,2,5,0,0.0,neutral or dissatisfied
127254,Male,Loyal Customer,31,Business travel,Business,1107,4,4,4,4,5,5,5,5,4,2,4,4,5,5,14,1.0,satisfied
53661,Male,Loyal Customer,38,Personal Travel,Business,1190,2,5,2,2,3,5,4,4,4,2,4,3,4,5,0,0.0,neutral or dissatisfied
54703,Female,Loyal Customer,79,Business travel,Eco,564,5,5,5,5,3,1,1,5,5,5,5,3,5,2,2,20.0,satisfied
12498,Female,Loyal Customer,18,Business travel,Eco Plus,253,5,2,2,2,5,5,4,5,5,2,2,1,4,5,5,0.0,satisfied
113049,Male,disloyal Customer,23,Business travel,Business,543,4,5,4,3,3,4,3,3,5,2,5,4,4,3,0,1.0,satisfied
118242,Female,disloyal Customer,55,Business travel,Eco Plus,1587,2,2,2,2,2,2,2,2,4,5,3,3,3,2,0,9.0,neutral or dissatisfied
65941,Female,Loyal Customer,44,Business travel,Business,569,3,3,3,3,5,4,4,4,4,4,4,5,4,4,1,2.0,satisfied
61029,Female,Loyal Customer,19,Personal Travel,Eco Plus,3365,2,5,2,4,2,3,3,5,5,3,2,3,3,3,0,0.0,neutral or dissatisfied
34490,Female,Loyal Customer,46,Business travel,Business,1990,5,5,5,5,2,5,3,2,2,2,2,5,2,4,0,0.0,satisfied
12847,Female,Loyal Customer,30,Personal Travel,Eco,641,3,5,3,1,4,3,4,4,4,2,4,3,4,4,55,44.0,neutral or dissatisfied
47956,Female,Loyal Customer,54,Personal Travel,Eco,784,1,4,1,3,2,3,3,2,2,1,2,2,2,4,0,13.0,neutral or dissatisfied
20260,Female,Loyal Customer,22,Business travel,Business,3518,5,5,5,5,5,5,3,5,2,3,5,2,1,5,0,23.0,satisfied
41515,Female,Loyal Customer,29,Business travel,Business,1428,2,2,2,2,3,3,3,3,3,5,3,4,1,3,0,0.0,satisfied
112467,Female,Loyal Customer,40,Business travel,Eco,446,2,5,2,5,2,2,2,2,2,2,1,2,2,2,3,10.0,neutral or dissatisfied
27302,Female,Loyal Customer,25,Business travel,Eco,987,4,2,2,2,4,4,4,4,4,3,3,4,2,4,0,0.0,satisfied
32996,Male,Loyal Customer,64,Personal Travel,Eco,101,3,5,3,3,1,3,1,1,5,4,5,4,5,1,0,2.0,neutral or dissatisfied
120000,Male,disloyal Customer,32,Business travel,Business,328,1,1,1,5,4,1,4,4,4,2,5,3,4,4,0,0.0,neutral or dissatisfied
50656,Female,Loyal Customer,54,Personal Travel,Eco,363,4,4,4,3,3,5,5,5,5,4,5,3,5,5,0,0.0,satisfied
50832,Male,Loyal Customer,49,Personal Travel,Eco,209,3,2,3,2,4,3,4,4,4,4,1,3,2,4,2,2.0,neutral or dissatisfied
35257,Male,Loyal Customer,52,Business travel,Business,3581,4,4,4,4,4,4,4,2,1,3,3,4,2,4,256,274.0,satisfied
62108,Male,Loyal Customer,30,Business travel,Eco,2434,2,3,3,3,2,2,2,2,4,3,3,4,4,2,4,0.0,neutral or dissatisfied
57197,Female,Loyal Customer,42,Business travel,Business,1514,2,2,2,2,2,5,4,5,5,5,5,5,5,5,0,0.0,satisfied
65873,Female,Loyal Customer,48,Personal Travel,Eco,1389,0,4,0,4,2,2,2,3,3,0,3,4,3,1,0,0.0,satisfied
105364,Male,Loyal Customer,48,Personal Travel,Business,369,0,1,0,4,2,3,3,5,5,0,1,3,5,3,14,13.0,satisfied
72564,Female,Loyal Customer,63,Business travel,Business,1121,1,3,5,3,3,4,4,1,1,1,1,4,1,1,10,10.0,neutral or dissatisfied
8727,Female,Loyal Customer,20,Personal Travel,Eco,227,3,4,3,4,2,3,2,2,5,2,5,5,5,2,40,64.0,neutral or dissatisfied
86535,Male,Loyal Customer,33,Personal Travel,Eco,760,3,5,3,1,1,3,1,1,5,2,5,3,5,1,0,16.0,neutral or dissatisfied
82001,Male,Loyal Customer,16,Business travel,Business,1532,4,4,4,4,4,4,4,4,5,4,4,4,4,4,0,0.0,satisfied
37676,Female,Loyal Customer,50,Personal Travel,Eco,828,3,5,3,3,5,5,4,2,2,3,2,5,2,4,81,79.0,neutral or dissatisfied
73176,Female,Loyal Customer,41,Business travel,Business,3768,3,3,3,3,4,4,4,4,4,4,4,5,4,4,0,0.0,satisfied
31382,Male,Loyal Customer,53,Business travel,Eco,895,3,3,3,3,3,3,3,3,1,4,3,1,4,3,23,26.0,neutral or dissatisfied
23657,Male,Loyal Customer,59,Business travel,Business,1756,2,2,2,2,1,3,1,4,4,4,4,4,4,1,26,15.0,satisfied
118177,Female,Loyal Customer,48,Business travel,Eco,1444,1,2,2,2,4,4,3,1,1,1,1,2,1,3,0,0.0,neutral or dissatisfied
16527,Female,Loyal Customer,45,Business travel,Eco,209,1,2,2,2,5,4,3,1,1,1,1,1,1,4,7,4.0,neutral or dissatisfied
43312,Female,disloyal Customer,24,Business travel,Business,402,4,4,4,3,1,4,1,1,3,1,2,4,3,1,0,3.0,satisfied
50852,Female,Loyal Customer,41,Personal Travel,Eco,250,1,5,1,3,3,1,3,3,4,4,3,2,5,3,45,32.0,neutral or dissatisfied
69993,Male,Loyal Customer,45,Personal Travel,Eco,236,0,4,0,5,2,0,2,2,3,2,4,5,5,2,2,1.0,satisfied
108877,Female,Loyal Customer,44,Personal Travel,Eco,1587,4,4,4,4,5,4,4,2,2,4,2,4,2,5,18,22.0,neutral or dissatisfied
21703,Female,Loyal Customer,65,Personal Travel,Eco,746,2,5,2,3,5,5,4,3,3,2,1,4,3,4,4,0.0,neutral or dissatisfied
39318,Male,Loyal Customer,27,Personal Travel,Eco,67,2,5,2,3,4,2,4,4,3,3,5,3,4,4,6,15.0,neutral or dissatisfied
39423,Female,Loyal Customer,60,Business travel,Eco,129,5,3,3,3,4,1,5,5,5,5,5,2,5,1,0,1.0,satisfied
54035,Male,Loyal Customer,9,Personal Travel,Business,1416,2,4,1,3,1,4,4,4,4,4,4,4,3,4,147,147.0,neutral or dissatisfied
67433,Male,Loyal Customer,55,Business travel,Eco,641,3,1,5,1,3,3,3,3,3,1,4,1,3,3,38,85.0,neutral or dissatisfied
102175,Male,disloyal Customer,38,Business travel,Business,223,3,3,3,4,5,3,5,5,3,2,4,3,5,5,0,0.0,neutral or dissatisfied
125765,Male,Loyal Customer,44,Business travel,Business,920,5,5,5,5,2,5,4,4,4,4,4,4,4,3,0,0.0,satisfied
2609,Female,Loyal Customer,32,Personal Travel,Eco,227,4,4,0,2,5,0,5,5,3,2,5,4,5,5,0,8.0,neutral or dissatisfied
96691,Male,Loyal Customer,39,Business travel,Business,3421,3,3,4,3,4,5,4,4,4,4,4,4,4,5,0,0.0,satisfied
101459,Male,Loyal Customer,39,Business travel,Business,345,5,5,2,5,3,4,5,4,4,4,4,4,4,4,0,0.0,satisfied
88808,Female,disloyal Customer,9,Business travel,Eco Plus,515,3,3,3,3,3,3,3,3,3,1,4,3,4,3,3,0.0,neutral or dissatisfied
124264,Male,Loyal Customer,45,Business travel,Business,601,1,1,1,1,3,5,5,4,4,4,4,4,4,4,14,0.0,satisfied
117013,Male,disloyal Customer,23,Business travel,Eco,647,4,0,4,1,5,4,5,5,3,2,4,3,4,5,6,0.0,neutral or dissatisfied
81876,Male,Loyal Customer,32,Business travel,Business,2305,1,1,1,1,4,4,4,4,5,3,4,3,4,4,0,0.0,satisfied
52099,Male,Loyal Customer,52,Personal Travel,Eco,639,0,4,0,3,4,0,4,4,3,2,4,3,4,4,64,53.0,satisfied
81773,Male,Loyal Customer,37,Business travel,Business,2711,4,4,4,4,2,4,5,4,4,4,4,4,4,4,0,0.0,satisfied
62675,Male,Loyal Customer,31,Personal Travel,Eco Plus,1744,3,4,3,3,5,3,5,5,5,5,4,3,4,5,0,0.0,neutral or dissatisfied
11764,Male,disloyal Customer,20,Business travel,Eco,395,4,0,4,3,1,4,2,1,4,4,3,1,1,1,0,0.0,neutral or dissatisfied
15314,Female,disloyal Customer,40,Business travel,Business,589,2,2,2,3,4,2,4,4,3,3,4,4,3,4,0,0.0,neutral or dissatisfied
97556,Female,Loyal Customer,38,Business travel,Business,3474,2,4,4,4,4,3,4,2,2,2,2,2,2,3,0,0.0,neutral or dissatisfied
54779,Female,Loyal Customer,65,Personal Travel,Eco Plus,787,2,5,2,3,4,1,4,3,3,2,3,5,3,5,0,0.0,neutral or dissatisfied
128833,Female,disloyal Customer,21,Business travel,Eco,975,5,5,5,2,5,1,3,1,4,1,4,3,3,3,0,0.0,satisfied
3160,Female,Loyal Customer,39,Business travel,Business,3576,3,2,3,3,2,4,4,3,3,4,3,4,3,3,20,115.0,satisfied
9301,Male,disloyal Customer,29,Business travel,Business,542,1,2,2,3,2,2,2,2,3,5,3,4,3,2,0,0.0,neutral or dissatisfied
123784,Male,Loyal Customer,49,Business travel,Business,544,3,3,3,3,4,4,5,4,4,5,4,5,4,3,0,0.0,satisfied
44720,Male,Loyal Customer,51,Personal Travel,Eco,268,3,2,3,3,3,3,3,3,4,3,3,4,4,3,0,0.0,neutral or dissatisfied
82925,Male,Loyal Customer,42,Business travel,Business,594,3,3,3,3,4,4,5,4,4,4,4,3,4,5,0,0.0,satisfied
20696,Female,Loyal Customer,29,Business travel,Business,584,1,0,0,3,4,0,4,4,4,1,4,3,3,4,2,0.0,neutral or dissatisfied
37217,Female,Loyal Customer,47,Business travel,Business,1144,4,4,4,4,5,4,4,4,4,5,4,3,4,3,8,1.0,satisfied
38101,Female,Loyal Customer,35,Business travel,Business,2838,2,3,3,3,2,3,3,2,2,2,2,3,2,1,0,0.0,neutral or dissatisfied
2863,Female,Loyal Customer,42,Business travel,Business,1568,3,5,5,5,2,3,3,3,3,3,3,3,3,2,0,7.0,neutral or dissatisfied
19139,Male,Loyal Customer,37,Personal Travel,Eco Plus,323,4,5,4,2,5,4,5,5,1,4,2,1,5,5,0,0.0,satisfied
9746,Male,Loyal Customer,44,Business travel,Eco,508,3,5,5,5,2,3,2,2,2,3,3,3,4,2,77,71.0,neutral or dissatisfied
70629,Female,Loyal Customer,47,Personal Travel,Eco,1217,1,0,1,3,4,4,4,4,4,1,2,3,4,4,0,0.0,neutral or dissatisfied
125568,Male,Loyal Customer,19,Personal Travel,Eco,226,3,5,3,5,3,3,3,3,5,3,5,3,4,3,0,0.0,neutral or dissatisfied
103816,Male,disloyal Customer,21,Business travel,Eco,882,2,2,2,3,3,2,5,3,4,5,3,3,3,3,14,6.0,neutral or dissatisfied
109577,Female,Loyal Customer,60,Personal Travel,Eco,834,3,2,3,3,3,4,3,1,1,3,3,3,1,1,48,32.0,neutral or dissatisfied
122385,Male,Loyal Customer,49,Personal Travel,Eco,529,2,4,2,3,4,2,4,4,3,4,4,4,4,4,119,111.0,neutral or dissatisfied
57709,Male,Loyal Customer,46,Personal Travel,Eco,867,2,3,2,3,5,2,5,5,1,5,2,3,3,5,0,0.0,neutral or dissatisfied
62099,Female,Loyal Customer,33,Business travel,Business,2565,2,4,4,4,5,4,4,2,2,2,2,2,2,1,0,0.0,neutral or dissatisfied
119254,Male,disloyal Customer,25,Business travel,Business,214,2,5,2,4,2,2,2,2,5,3,4,3,5,2,0,0.0,neutral or dissatisfied
25735,Male,Loyal Customer,63,Personal Travel,Eco,432,2,5,2,3,1,2,1,1,4,3,4,4,5,1,0,0.0,neutral or dissatisfied
36688,Female,Loyal Customer,17,Personal Travel,Eco,1237,2,3,1,3,5,1,5,5,2,2,3,1,4,5,0,58.0,neutral or dissatisfied
38517,Male,Loyal Customer,26,Business travel,Business,2586,1,3,3,3,1,1,1,1,1,4,2,3,2,1,46,20.0,neutral or dissatisfied
104045,Male,Loyal Customer,17,Business travel,Eco,1044,5,2,2,2,5,5,4,5,2,2,3,4,5,5,0,0.0,satisfied
55285,Male,disloyal Customer,29,Business travel,Business,1608,3,3,3,1,5,3,5,5,3,3,4,4,5,5,0,0.0,neutral or dissatisfied
103553,Female,Loyal Customer,43,Personal Travel,Eco,967,3,1,3,2,4,3,2,4,4,3,4,1,4,1,0,0.0,neutral or dissatisfied
98373,Female,Loyal Customer,14,Personal Travel,Eco,1046,3,4,4,5,5,4,3,5,3,5,4,3,4,5,50,48.0,neutral or dissatisfied
36103,Female,Loyal Customer,56,Personal Travel,Eco,474,2,4,2,5,5,4,2,3,3,2,3,5,3,3,0,0.0,neutral or dissatisfied
27589,Female,Loyal Customer,29,Personal Travel,Eco,1050,2,4,2,3,2,2,2,2,5,4,4,5,5,2,0,0.0,neutral or dissatisfied
33759,Female,Loyal Customer,38,Personal Travel,Eco,266,2,0,0,3,5,0,5,5,5,2,4,4,4,5,85,105.0,neutral or dissatisfied
54609,Female,Loyal Customer,30,Business travel,Business,3499,1,1,1,1,5,5,5,5,5,4,2,3,4,5,32,9.0,satisfied
101653,Female,disloyal Customer,35,Business travel,Eco Plus,1733,2,2,2,4,3,2,3,3,4,1,3,2,4,3,6,0.0,neutral or dissatisfied
2829,Male,Loyal Customer,58,Business travel,Business,409,2,2,2,2,2,5,4,4,4,4,4,5,4,3,11,25.0,satisfied
98741,Female,Loyal Customer,38,Personal Travel,Eco,1558,3,4,3,3,2,3,2,2,5,2,5,4,5,2,16,17.0,neutral or dissatisfied
38505,Female,Loyal Customer,47,Business travel,Business,2586,4,4,4,4,3,4,3,4,4,4,4,4,4,2,0,0.0,satisfied
53216,Female,Loyal Customer,53,Business travel,Eco,589,3,3,3,3,3,2,3,3,3,3,3,2,3,3,22,45.0,neutral or dissatisfied
25817,Male,Loyal Customer,47,Business travel,Eco,1747,5,4,4,4,5,5,5,5,2,1,4,5,4,5,22,23.0,satisfied
120188,Female,Loyal Customer,53,Business travel,Business,1430,1,1,1,1,5,5,4,5,5,5,5,3,5,4,12,18.0,satisfied
51984,Female,Loyal Customer,28,Personal Travel,Eco,936,4,5,4,2,3,4,3,3,3,2,4,5,4,3,41,39.0,neutral or dissatisfied
36692,Female,Loyal Customer,34,Personal Travel,Eco,1237,3,4,3,2,5,3,5,5,5,3,5,3,4,5,0,7.0,neutral or dissatisfied
17752,Male,Loyal Customer,70,Personal Travel,Eco,383,1,1,1,4,4,1,4,4,1,2,4,4,3,4,40,26.0,neutral or dissatisfied
79927,Female,Loyal Customer,29,Business travel,Business,1089,1,4,4,4,1,1,1,1,1,2,4,4,4,1,0,0.0,neutral or dissatisfied
3373,Male,Loyal Customer,39,Business travel,Business,3169,3,2,3,3,2,4,5,4,4,4,4,5,4,3,0,0.0,satisfied
40084,Female,disloyal Customer,22,Business travel,Eco,493,1,5,1,2,3,1,3,3,1,1,3,1,5,3,0,0.0,neutral or dissatisfied
72119,Male,Loyal Customer,43,Business travel,Business,731,2,3,3,3,1,3,3,2,2,2,2,2,2,2,62,77.0,neutral or dissatisfied
114942,Female,disloyal Customer,22,Business travel,Business,417,0,0,0,5,4,0,4,4,5,2,4,5,5,4,96,98.0,satisfied
93749,Female,disloyal Customer,21,Business travel,Eco,368,4,1,4,3,3,4,3,3,3,1,4,2,4,3,24,15.0,neutral or dissatisfied
7986,Male,disloyal Customer,26,Business travel,Business,294,2,4,3,3,5,3,5,5,4,2,4,2,4,5,0,0.0,neutral or dissatisfied
65861,Female,Loyal Customer,29,Personal Travel,Eco,1389,3,5,3,1,4,3,4,4,4,5,5,4,4,4,37,38.0,neutral or dissatisfied
126329,Male,Loyal Customer,69,Personal Travel,Eco,507,2,4,2,3,4,2,4,4,3,5,4,3,4,4,30,11.0,neutral or dissatisfied
101018,Male,Loyal Customer,45,Business travel,Eco,164,5,3,3,3,5,5,5,5,2,1,3,2,1,5,0,0.0,satisfied
55217,Male,Loyal Customer,35,Business travel,Business,1009,5,5,5,5,2,4,5,4,4,4,4,3,4,5,0,0.0,satisfied
52441,Female,Loyal Customer,8,Personal Travel,Eco,493,2,5,2,1,2,2,2,2,4,5,4,3,4,2,61,73.0,neutral or dissatisfied
94921,Female,Loyal Customer,52,Business travel,Eco,248,4,2,2,2,3,2,3,4,4,4,4,1,4,3,0,0.0,satisfied
7371,Female,Loyal Customer,18,Personal Travel,Eco,783,2,4,2,2,3,2,4,3,5,4,4,5,4,3,32,41.0,neutral or dissatisfied
94753,Female,disloyal Customer,30,Business travel,Eco,189,4,2,4,3,3,4,3,3,4,1,4,2,4,3,0,35.0,neutral or dissatisfied
71984,Male,Loyal Customer,51,Business travel,Business,1440,5,5,5,5,3,3,4,4,4,4,4,3,4,3,9,3.0,satisfied
82323,Female,Loyal Customer,65,Business travel,Business,2193,2,4,4,4,1,2,3,2,2,2,2,2,2,1,14,12.0,neutral or dissatisfied
129345,Male,Loyal Customer,51,Personal Travel,Eco,2475,1,1,1,3,5,1,5,5,2,1,3,4,3,5,12,12.0,neutral or dissatisfied
87042,Female,Loyal Customer,53,Business travel,Business,1672,2,2,2,2,3,4,5,5,5,5,5,5,5,3,3,22.0,satisfied
124912,Male,Loyal Customer,47,Business travel,Business,728,4,4,2,4,2,4,5,4,4,4,4,4,4,5,0,0.0,satisfied
10362,Female,disloyal Customer,39,Business travel,Business,247,2,2,2,1,2,2,2,2,4,2,5,4,4,2,0,0.0,neutral or dissatisfied
4563,Male,Loyal Customer,38,Personal Travel,Eco,561,4,5,4,5,5,4,5,5,5,4,5,5,5,5,0,0.0,satisfied
114683,Male,Loyal Customer,43,Business travel,Business,3774,1,1,1,1,4,4,5,5,5,5,5,3,5,4,67,72.0,satisfied
126912,Male,Loyal Customer,57,Business travel,Business,3285,3,1,1,1,4,4,3,3,3,2,3,2,3,1,0,0.0,neutral or dissatisfied
53488,Male,Loyal Customer,63,Business travel,Eco,788,3,2,2,2,3,3,3,3,4,2,1,2,5,3,6,0.0,satisfied
63441,Female,Loyal Customer,27,Personal Travel,Eco,372,1,5,1,3,2,1,4,2,3,2,3,5,2,2,0,0.0,neutral or dissatisfied
97205,Female,Loyal Customer,45,Personal Travel,Eco,1211,1,0,1,2,4,5,5,1,1,1,1,4,1,4,32,18.0,neutral or dissatisfied
11729,Male,disloyal Customer,32,Business travel,Business,395,4,4,4,4,4,4,4,4,4,3,5,4,4,4,0,0.0,neutral or dissatisfied
127054,Male,disloyal Customer,25,Business travel,Eco,651,2,4,2,3,5,2,3,5,4,4,3,3,3,5,0,0.0,neutral or dissatisfied
3387,Female,disloyal Customer,21,Business travel,Eco,296,1,2,1,4,1,1,1,1,3,5,4,2,4,1,0,0.0,neutral or dissatisfied
118648,Male,Loyal Customer,59,Business travel,Eco,325,2,4,4,4,2,2,2,2,4,2,3,3,3,2,23,17.0,neutral or dissatisfied
8303,Female,disloyal Customer,21,Business travel,Eco,402,5,2,5,1,4,2,4,4,3,2,5,5,5,4,0,0.0,satisfied
106415,Male,Loyal Customer,20,Personal Travel,Eco,674,5,4,5,4,5,5,3,5,5,5,4,5,4,5,15,5.0,satisfied
21048,Female,Loyal Customer,34,Business travel,Eco,227,4,4,4,4,4,4,4,4,1,4,3,1,2,4,0,0.0,satisfied
19679,Male,disloyal Customer,38,Business travel,Eco,475,0,5,0,4,1,0,1,1,4,3,2,5,1,1,0,0.0,satisfied
71589,Female,Loyal Customer,31,Business travel,Business,1012,3,5,5,5,3,3,3,3,1,4,2,1,3,3,75,83.0,neutral or dissatisfied
63536,Male,Loyal Customer,59,Business travel,Eco,1009,4,4,4,4,4,4,4,4,3,5,1,2,2,4,0,0.0,satisfied
19540,Female,Loyal Customer,37,Business travel,Eco,160,5,1,1,1,5,5,5,5,1,4,3,2,3,5,87,78.0,satisfied
22110,Male,disloyal Customer,39,Business travel,Eco,694,3,3,3,2,3,3,3,3,2,3,4,3,3,3,67,67.0,neutral or dissatisfied
67626,Female,Loyal Customer,24,Business travel,Business,1438,5,5,5,5,5,5,5,5,5,4,5,3,5,5,32,40.0,satisfied
121518,Female,Loyal Customer,65,Personal Travel,Business,912,2,5,2,2,3,4,5,5,5,2,5,3,5,3,7,11.0,neutral or dissatisfied
42100,Female,Loyal Customer,9,Business travel,Eco,898,1,3,3,3,1,3,1,4,5,3,2,1,2,1,323,311.0,neutral or dissatisfied
92909,Female,Loyal Customer,49,Business travel,Business,2729,3,3,3,3,5,3,2,1,1,1,3,1,1,2,0,0.0,neutral or dissatisfied
77323,Male,Loyal Customer,56,Business travel,Business,588,2,2,2,2,4,4,5,4,4,4,4,3,4,5,0,0.0,satisfied
25908,Female,Loyal Customer,52,Business travel,Business,3309,5,5,5,5,4,4,5,5,5,5,5,5,5,3,32,28.0,satisfied
36569,Female,disloyal Customer,49,Business travel,Eco,1121,4,4,4,2,4,4,4,4,1,3,5,2,1,4,0,0.0,neutral or dissatisfied
26023,Male,Loyal Customer,55,Business travel,Business,321,0,0,0,4,5,5,5,5,5,5,5,4,5,4,25,25.0,satisfied
21254,Female,Loyal Customer,30,Personal Travel,Eco Plus,192,2,4,0,4,4,0,2,4,2,3,1,1,2,4,21,13.0,neutral or dissatisfied
28947,Male,Loyal Customer,47,Business travel,Eco,956,5,3,4,3,5,5,5,5,4,4,4,2,3,5,0,0.0,satisfied
9372,Female,Loyal Customer,41,Business travel,Business,2852,1,1,1,1,1,3,4,4,4,4,4,1,4,4,8,7.0,satisfied
111529,Male,disloyal Customer,38,Business travel,Business,794,2,3,3,2,2,3,2,2,3,4,5,3,5,2,20,14.0,satisfied
36823,Male,Loyal Customer,36,Business travel,Business,369,5,2,5,5,3,2,2,5,5,5,5,3,5,2,0,0.0,satisfied
122626,Female,Loyal Customer,24,Personal Travel,Eco,728,4,4,3,2,3,3,3,3,4,5,2,3,2,3,0,0.0,satisfied
5136,Female,Loyal Customer,58,Business travel,Business,184,2,1,1,1,3,4,3,3,3,3,2,3,3,3,14,,neutral or dissatisfied
10500,Male,disloyal Customer,44,Business travel,Business,396,3,3,3,4,4,3,4,4,4,4,5,4,5,4,0,3.0,satisfied
66416,Male,Loyal Customer,40,Personal Travel,Eco,1562,3,1,3,4,3,3,3,3,3,3,4,3,4,3,0,0.0,neutral or dissatisfied
17243,Female,disloyal Customer,14,Business travel,Eco,872,1,1,1,4,3,1,3,3,2,5,4,2,4,3,61,33.0,neutral or dissatisfied
87731,Female,Loyal Customer,47,Business travel,Business,4502,3,3,2,3,4,4,4,4,5,5,5,4,4,4,0,20.0,satisfied
42355,Male,Loyal Customer,43,Personal Travel,Eco,726,4,5,4,3,3,4,3,3,4,4,4,1,2,3,0,0.0,neutral or dissatisfied
70863,Female,disloyal Customer,44,Business travel,Eco,361,3,2,3,3,2,3,2,2,2,1,3,4,3,2,0,9.0,neutral or dissatisfied
105764,Male,Loyal Customer,21,Business travel,Business,1753,4,4,4,4,4,4,4,4,4,3,3,1,4,4,5,0.0,neutral or dissatisfied
111788,Male,Loyal Customer,70,Personal Travel,Eco,1620,4,5,4,4,2,4,2,2,4,4,5,4,4,2,0,0.0,neutral or dissatisfied
85044,Male,Loyal Customer,45,Business travel,Business,1968,2,2,5,2,2,5,5,4,4,4,4,3,4,3,10,1.0,satisfied
104860,Male,Loyal Customer,34,Business travel,Business,327,4,5,5,5,2,2,3,4,4,4,4,2,4,3,30,20.0,neutral or dissatisfied
77712,Male,disloyal Customer,34,Business travel,Eco,696,1,1,1,3,3,1,3,3,3,3,4,1,4,3,0,0.0,neutral or dissatisfied
120269,Male,disloyal Customer,30,Business travel,Business,1576,4,4,4,2,2,4,2,2,4,3,5,4,4,2,0,0.0,neutral or dissatisfied
106538,Male,Loyal Customer,54,Personal Travel,Eco,321,4,5,4,4,3,4,1,3,2,5,2,2,5,3,7,24.0,neutral or dissatisfied
108860,Female,Loyal Customer,10,Personal Travel,Eco,1892,0,4,0,3,3,0,4,3,2,1,4,2,3,3,7,0.0,satisfied
32194,Female,Loyal Customer,52,Business travel,Eco,102,4,4,4,4,3,5,4,4,4,4,4,4,4,3,0,0.0,satisfied
115338,Male,Loyal Customer,42,Business travel,Business,446,1,1,1,1,4,4,5,4,4,4,4,3,4,3,77,79.0,satisfied
82687,Male,Loyal Customer,52,Business travel,Business,2634,2,5,2,2,5,5,5,4,4,4,4,3,4,5,0,0.0,satisfied
125743,Female,disloyal Customer,14,Business travel,Eco,920,2,2,2,4,4,2,4,4,5,2,4,5,4,4,0,0.0,neutral or dissatisfied
30580,Male,Loyal Customer,43,Business travel,Business,3917,4,2,2,2,2,3,4,4,4,4,4,3,4,3,0,0.0,neutral or dissatisfied
105908,Female,Loyal Customer,37,Business travel,Business,283,2,2,2,2,5,4,4,4,4,4,4,5,4,3,0,0.0,satisfied
3673,Female,disloyal Customer,24,Business travel,Eco,431,1,0,1,4,4,1,4,4,3,4,4,5,4,4,10,1.0,neutral or dissatisfied
37800,Male,Loyal Customer,17,Personal Travel,Eco Plus,1069,2,2,2,4,5,2,4,5,4,4,3,3,4,5,31,29.0,neutral or dissatisfied
94840,Male,Loyal Customer,33,Business travel,Eco,319,4,5,5,5,4,3,4,4,1,1,4,1,4,4,3,1.0,neutral or dissatisfied
27285,Male,disloyal Customer,22,Business travel,Eco,937,4,4,4,1,3,4,3,3,4,4,4,4,2,3,0,0.0,satisfied
58208,Male,Loyal Customer,56,Business travel,Eco,925,2,3,3,3,2,2,2,2,3,3,3,1,3,2,1,0.0,neutral or dissatisfied
43405,Female,disloyal Customer,44,Business travel,Eco Plus,402,2,2,2,2,5,2,5,5,2,1,1,2,4,5,0,0.0,neutral or dissatisfied
2936,Female,disloyal Customer,20,Business travel,Eco,737,1,1,1,3,5,1,2,5,4,4,5,3,4,5,2,0.0,neutral or dissatisfied
123399,Male,Loyal Customer,49,Business travel,Business,1337,5,5,5,5,5,4,5,5,5,5,5,3,5,4,26,58.0,satisfied
105227,Male,disloyal Customer,58,Business travel,Eco,377,1,1,1,3,3,1,2,3,3,1,3,3,2,3,65,111.0,neutral or dissatisfied
44167,Male,Loyal Customer,45,Business travel,Eco Plus,229,3,1,1,1,4,3,4,4,3,5,4,3,4,4,0,3.0,satisfied
10991,Female,disloyal Customer,21,Business travel,Business,308,2,2,2,4,3,2,3,3,2,3,3,2,4,3,11,10.0,neutral or dissatisfied
56264,Male,Loyal Customer,20,Business travel,Business,404,1,3,3,3,1,2,1,1,1,5,4,2,3,1,60,46.0,neutral or dissatisfied
86564,Female,Loyal Customer,63,Personal Travel,Eco Plus,712,1,4,1,3,5,4,5,2,2,1,2,5,2,4,30,16.0,neutral or dissatisfied
126536,Male,Loyal Customer,41,Business travel,Business,1741,4,4,4,4,5,5,5,2,2,2,2,4,2,5,0,0.0,satisfied
126218,Male,disloyal Customer,20,Business travel,Eco,507,2,4,2,3,3,2,3,3,1,5,4,2,4,3,34,36.0,neutral or dissatisfied
5816,Female,Loyal Customer,48,Personal Travel,Eco,157,3,3,3,4,1,4,3,4,4,3,1,2,4,4,0,0.0,neutral or dissatisfied
29951,Male,disloyal Customer,27,Business travel,Eco,183,3,3,3,3,2,3,2,2,3,3,3,4,2,2,0,0.0,neutral or dissatisfied
29814,Female,Loyal Customer,61,Business travel,Business,3507,1,1,4,1,4,4,5,4,4,4,5,2,4,1,0,0.0,satisfied
75285,Female,disloyal Customer,24,Business travel,Business,1081,4,0,4,1,2,4,2,2,4,5,4,5,5,2,0,0.0,satisfied
94271,Female,Loyal Customer,50,Business travel,Business,3728,5,5,5,5,5,5,4,4,4,4,4,4,4,3,0,0.0,satisfied
13729,Female,Loyal Customer,44,Business travel,Business,441,3,3,3,3,1,2,5,4,4,4,4,2,4,5,23,4.0,satisfied
82797,Female,disloyal Customer,25,Business travel,Business,235,1,4,1,1,4,1,4,4,5,4,4,5,5,4,0,13.0,neutral or dissatisfied
84715,Male,Loyal Customer,16,Personal Travel,Business,481,2,4,2,2,1,2,1,1,5,5,5,2,3,1,0,0.0,neutral or dissatisfied
16673,Male,Loyal Customer,69,Personal Travel,Eco,488,3,1,3,4,5,3,5,5,3,1,3,4,4,5,12,14.0,neutral or dissatisfied
99665,Male,Loyal Customer,55,Personal Travel,Eco,1050,1,5,1,2,4,1,4,4,4,2,5,4,4,4,0,0.0,neutral or dissatisfied
48821,Male,Loyal Customer,67,Personal Travel,Business,158,2,5,0,4,5,5,5,2,2,0,2,4,2,5,36,34.0,neutral or dissatisfied
56050,Male,disloyal Customer,40,Business travel,Eco,975,1,2,2,4,2,3,3,4,1,3,1,3,3,3,18,47.0,neutral or dissatisfied
33213,Male,Loyal Customer,38,Business travel,Eco Plus,102,3,2,2,2,3,3,3,3,4,3,3,2,3,3,0,10.0,neutral or dissatisfied
28823,Male,Loyal Customer,19,Business travel,Business,2147,4,4,3,4,4,4,4,4,5,3,2,1,1,4,54,58.0,satisfied
97250,Male,Loyal Customer,66,Business travel,Business,393,2,3,3,3,4,3,4,2,2,2,2,3,2,1,0,0.0,neutral or dissatisfied
911,Female,disloyal Customer,23,Business travel,Eco,282,1,4,1,4,4,1,4,4,4,1,3,2,3,4,34,30.0,neutral or dissatisfied
79075,Female,Loyal Customer,53,Business travel,Eco,356,3,3,3,3,2,3,3,3,3,3,3,3,3,4,0,6.0,neutral or dissatisfied
36995,Female,disloyal Customer,36,Business travel,Eco,359,3,1,3,4,3,3,3,3,3,1,4,3,4,3,42,35.0,neutral or dissatisfied
97951,Female,Loyal Customer,56,Business travel,Business,3738,2,2,2,2,3,5,5,5,5,5,5,4,5,4,9,0.0,satisfied
117838,Male,Loyal Customer,33,Business travel,Eco Plus,328,4,3,3,3,4,4,4,4,4,4,4,2,4,4,17,11.0,neutral or dissatisfied
38346,Female,Loyal Customer,50,Business travel,Business,1050,3,1,1,1,4,3,2,3,3,3,3,4,3,4,0,0.0,neutral or dissatisfied
2,Female,Loyal Customer,35,Business travel,Business,821,2,2,2,2,3,5,4,5,5,5,5,3,5,5,26,39.0,satisfied
98896,Male,Loyal Customer,42,Business travel,Business,1811,2,2,2,2,4,4,5,5,5,4,5,3,5,3,0,0.0,satisfied
17731,Female,Loyal Customer,32,Business travel,Business,501,1,1,1,1,5,5,5,5,3,2,5,5,2,5,55,41.0,satisfied
108870,Male,Loyal Customer,34,Personal Travel,Eco Plus,1892,3,2,3,2,5,3,5,5,4,1,2,1,3,5,10,9.0,neutral or dissatisfied
4189,Female,Loyal Customer,59,Business travel,Business,2584,4,4,2,4,3,5,4,5,5,5,5,4,5,3,96,73.0,satisfied
13152,Female,Loyal Customer,30,Personal Travel,Eco,562,3,4,3,5,3,3,3,3,4,2,5,3,5,3,7,0.0,neutral or dissatisfied
82989,Male,disloyal Customer,24,Business travel,Eco,1084,3,2,2,2,1,2,1,1,4,5,4,5,5,1,45,42.0,neutral or dissatisfied
121552,Female,disloyal Customer,52,Business travel,Eco,912,2,2,2,3,5,2,5,5,2,1,2,2,2,5,0,0.0,neutral or dissatisfied
85268,Male,Loyal Customer,46,Personal Travel,Eco,813,2,4,2,3,1,2,1,1,4,3,5,3,4,1,0,0.0,neutral or dissatisfied
13472,Female,disloyal Customer,72,Business travel,Eco Plus,475,2,2,2,3,4,2,1,4,4,2,4,3,4,4,70,58.0,neutral or dissatisfied
60621,Female,Loyal Customer,46,Business travel,Business,1201,4,4,4,4,5,3,3,4,4,4,4,4,4,3,3,0.0,neutral or dissatisfied
61533,Female,Loyal Customer,67,Personal Travel,Eco,2419,3,2,3,4,1,4,3,5,5,3,3,2,5,2,6,2.0,neutral or dissatisfied
94885,Female,disloyal Customer,50,Business travel,Eco,458,3,0,3,4,4,3,4,4,3,4,3,4,4,4,0,0.0,neutral or dissatisfied
110290,Female,Loyal Customer,38,Business travel,Business,3433,1,1,1,1,4,4,5,4,4,5,4,4,4,5,36,29.0,satisfied
50811,Female,Loyal Customer,54,Personal Travel,Eco,363,4,2,4,4,3,4,4,3,3,4,3,2,3,1,0,0.0,neutral or dissatisfied
96936,Female,Loyal Customer,42,Business travel,Business,794,1,1,5,1,3,4,4,5,5,5,5,4,5,4,0,0.0,satisfied
39507,Female,Loyal Customer,21,Business travel,Business,2438,3,2,2,2,3,3,3,3,1,1,2,3,4,3,0,0.0,neutral or dissatisfied
16868,Male,disloyal Customer,22,Business travel,Eco,746,1,1,1,1,1,1,1,4,4,2,5,1,5,1,213,221.0,neutral or dissatisfied
88379,Male,Loyal Customer,51,Business travel,Business,2435,3,3,3,3,5,4,5,5,5,4,5,3,5,5,0,0.0,satisfied
112491,Female,Loyal Customer,19,Personal Travel,Eco,967,2,2,1,3,1,1,1,1,3,5,3,2,3,1,14,0.0,neutral or dissatisfied
41470,Male,Loyal Customer,56,Business travel,Eco,715,5,5,5,5,5,5,5,5,1,1,1,2,4,5,0,0.0,satisfied
41660,Female,Loyal Customer,25,Business travel,Eco,936,3,5,5,5,3,3,4,3,2,4,3,3,3,3,21,16.0,neutral or dissatisfied
110549,Male,Loyal Customer,48,Business travel,Business,2491,5,5,5,5,5,4,5,5,5,5,5,3,5,5,0,0.0,satisfied
54460,Male,Loyal Customer,18,Business travel,Business,925,3,3,3,3,5,5,5,5,3,1,1,1,5,5,12,0.0,satisfied
77997,Male,Loyal Customer,47,Business travel,Business,3836,0,4,0,4,5,4,4,5,5,5,5,5,5,3,0,7.0,satisfied
91901,Male,Loyal Customer,42,Business travel,Business,2475,3,3,3,3,4,3,4,5,5,5,5,4,5,5,0,0.0,satisfied
124494,Female,Loyal Customer,51,Business travel,Business,3541,3,3,4,3,3,5,4,3,3,3,3,4,3,3,0,0.0,satisfied
3732,Female,Loyal Customer,45,Personal Travel,Eco,431,2,1,3,3,2,3,3,2,2,3,2,3,2,4,0,0.0,neutral or dissatisfied
83154,Male,Loyal Customer,38,Business travel,Business,2209,5,5,3,5,3,5,5,5,5,5,5,4,5,5,3,9.0,satisfied
18967,Female,Loyal Customer,36,Personal Travel,Eco Plus,448,3,5,3,3,3,3,3,3,4,2,5,3,4,3,0,0.0,neutral or dissatisfied
109450,Female,disloyal Customer,23,Business travel,Business,861,0,0,0,3,3,0,3,3,3,4,4,3,4,3,0,10.0,satisfied
57907,Female,Loyal Customer,61,Business travel,Business,305,2,2,3,2,5,1,1,3,3,4,3,2,3,4,15,8.0,satisfied
120291,Female,Loyal Customer,66,Personal Travel,Eco,1576,5,4,5,2,2,3,5,3,3,5,3,4,3,3,0,0.0,satisfied
33903,Female,Loyal Customer,30,Personal Travel,Eco,1226,2,1,2,3,2,2,2,2,2,2,3,4,3,2,34,31.0,neutral or dissatisfied
1412,Male,Loyal Customer,20,Personal Travel,Eco Plus,247,3,4,3,1,4,3,4,4,5,3,5,5,5,4,0,0.0,neutral or dissatisfied
121368,Male,Loyal Customer,55,Personal Travel,Eco,1670,2,1,2,3,3,2,3,3,1,2,2,1,2,3,0,0.0,neutral or dissatisfied
24401,Male,disloyal Customer,28,Business travel,Business,634,4,4,4,4,3,4,2,3,4,2,4,3,4,3,0,9.0,satisfied
18922,Female,Loyal Customer,36,Personal Travel,Eco,448,3,3,3,4,5,3,1,5,1,3,4,2,4,5,0,0.0,neutral or dissatisfied
30362,Female,Loyal Customer,44,Business travel,Business,862,3,3,3,3,4,2,3,4,4,4,4,1,4,5,0,0.0,satisfied
4773,Female,Loyal Customer,56,Business travel,Business,1575,1,1,1,1,3,4,4,5,5,5,5,4,5,3,0,4.0,satisfied
79881,Male,Loyal Customer,47,Business travel,Business,1076,1,1,1,1,3,4,5,2,2,2,2,3,2,4,95,60.0,satisfied
30495,Male,Loyal Customer,18,Personal Travel,Eco,516,2,1,2,3,1,2,1,1,4,2,3,2,3,1,0,6.0,neutral or dissatisfied
59517,Male,Loyal Customer,20,Personal Travel,Business,965,4,4,4,4,4,4,4,1,4,4,3,4,1,4,368,357.0,satisfied
90802,Male,Loyal Customer,46,Business travel,Eco,406,3,3,3,3,3,3,3,3,1,1,3,3,3,3,89,74.0,neutral or dissatisfied
27346,Female,Loyal Customer,42,Business travel,Eco,956,4,1,1,1,5,1,4,3,3,4,3,5,3,2,0,0.0,satisfied
65752,Female,disloyal Customer,26,Personal Travel,Eco,936,2,2,3,3,2,3,3,2,4,2,3,1,4,2,0,0.0,neutral or dissatisfied
126631,Female,disloyal Customer,22,Business travel,Eco,602,1,4,1,4,4,1,4,4,2,1,4,3,4,4,35,27.0,neutral or dissatisfied
86450,Female,Loyal Customer,48,Business travel,Business,760,1,1,1,1,4,5,4,5,5,5,5,3,5,5,0,0.0,satisfied
13783,Female,Loyal Customer,36,Business travel,Business,2721,1,5,5,5,4,3,4,1,1,1,1,4,1,4,0,13.0,neutral or dissatisfied
51237,Female,Loyal Customer,47,Business travel,Eco Plus,109,4,1,5,5,2,2,3,4,4,4,4,5,4,4,0,0.0,satisfied
10148,Female,Loyal Customer,34,Personal Travel,Eco,1190,4,5,4,1,5,4,5,5,3,4,3,5,4,5,0,0.0,satisfied
72360,Male,disloyal Customer,25,Business travel,Business,1017,5,0,5,3,3,5,3,3,5,3,4,3,5,3,0,0.0,satisfied
127887,Female,Loyal Customer,54,Personal Travel,Eco Plus,1276,3,4,2,3,3,5,5,3,3,2,3,3,3,5,4,16.0,neutral or dissatisfied
112923,Female,Loyal Customer,49,Personal Travel,Eco,1211,2,2,2,3,2,1,3,2,2,2,2,1,2,3,1,0.0,neutral or dissatisfied
88274,Female,Loyal Customer,26,Business travel,Business,2607,3,5,5,5,3,3,3,3,4,3,3,2,4,3,0,0.0,neutral or dissatisfied
98601,Female,Loyal Customer,45,Business travel,Business,834,2,4,4,4,3,3,4,2,2,2,2,2,2,3,0,0.0,neutral or dissatisfied
113127,Male,disloyal Customer,22,Business travel,Eco Plus,479,3,2,3,3,1,3,4,1,3,4,2,2,3,1,33,26.0,neutral or dissatisfied
99568,Male,Loyal Customer,36,Business travel,Business,829,2,3,3,3,1,4,3,2,2,2,2,1,2,1,18,10.0,neutral or dissatisfied
83068,Female,disloyal Customer,32,Business travel,Eco,983,3,3,3,3,4,3,5,4,3,3,3,2,3,4,0,7.0,neutral or dissatisfied
25078,Female,Loyal Customer,48,Business travel,Business,557,3,3,3,3,5,2,1,5,5,5,5,2,5,2,13,31.0,satisfied
24293,Female,Loyal Customer,34,Personal Travel,Eco,147,4,4,0,3,4,0,4,4,5,4,5,5,4,4,0,0.0,satisfied
129352,Male,Loyal Customer,57,Personal Travel,Eco,2475,4,4,4,4,1,4,1,1,3,2,4,4,3,1,0,1.0,satisfied
18359,Male,Loyal Customer,36,Personal Travel,Business,169,4,4,4,4,4,5,5,4,4,4,4,5,4,3,0,0.0,neutral or dissatisfied
19705,Male,Loyal Customer,48,Business travel,Business,475,2,2,2,2,3,4,5,5,5,5,5,4,5,2,0,0.0,satisfied
88297,Male,Loyal Customer,47,Business travel,Business,2900,1,1,1,1,2,5,4,4,4,4,4,3,4,5,4,5.0,satisfied
25246,Female,Loyal Customer,47,Personal Travel,Eco,787,1,5,1,5,2,4,5,1,1,1,1,3,1,5,0,0.0,neutral or dissatisfied
127384,Male,Loyal Customer,53,Business travel,Business,2114,3,3,3,3,2,5,4,4,4,4,4,4,4,3,0,0.0,satisfied
95794,Female,disloyal Customer,32,Business travel,Business,419,2,2,2,1,2,2,2,2,3,4,5,4,5,2,1,0.0,neutral or dissatisfied
58946,Female,disloyal Customer,31,Business travel,Eco Plus,888,3,3,3,4,1,3,2,1,4,2,3,4,3,1,8,26.0,neutral or dissatisfied
82617,Male,Loyal Customer,20,Personal Travel,Eco,528,5,4,5,2,2,5,2,2,3,5,4,3,5,2,5,28.0,satisfied
9574,Female,Loyal Customer,58,Business travel,Eco,296,3,2,2,2,1,4,4,3,3,3,3,4,3,4,17,16.0,neutral or dissatisfied
127413,Male,Loyal Customer,51,Personal Travel,Eco,1009,5,3,4,1,4,4,4,4,5,2,5,4,4,4,0,0.0,satisfied
124482,Male,Loyal Customer,56,Business travel,Business,930,4,4,4,4,5,5,5,2,2,2,2,3,2,3,0,0.0,satisfied
101630,Male,Loyal Customer,47,Personal Travel,Eco,1371,3,4,3,1,2,3,2,2,3,5,4,5,4,2,1,0.0,neutral or dissatisfied
41219,Female,Loyal Customer,39,Business travel,Eco Plus,1091,4,2,2,2,4,4,4,4,3,1,4,1,3,4,0,20.0,satisfied
19824,Male,disloyal Customer,25,Business travel,Eco,654,2,2,2,3,5,2,5,5,3,2,4,3,4,5,0,0.0,neutral or dissatisfied
55944,Male,Loyal Customer,59,Business travel,Business,1620,5,2,5,5,5,4,4,4,4,4,4,4,4,5,0,0.0,satisfied
37309,Male,Loyal Customer,28,Business travel,Eco,944,0,0,0,2,5,0,5,5,2,5,2,1,3,5,0,13.0,satisfied
30786,Female,Loyal Customer,34,Business travel,Business,2944,3,1,1,1,2,4,3,3,3,3,3,1,3,2,0,0.0,neutral or dissatisfied
10539,Female,Loyal Customer,57,Business travel,Business,270,1,1,3,1,3,5,5,5,5,5,5,5,5,5,36,27.0,satisfied
79463,Male,Loyal Customer,23,Business travel,Business,2389,2,2,2,2,5,5,5,5,5,5,1,3,1,5,0,0.0,satisfied
104718,Female,Loyal Customer,42,Business travel,Business,1407,1,1,1,1,2,4,4,5,5,5,5,3,5,5,5,27.0,satisfied
61485,Male,Loyal Customer,43,Business travel,Business,2419,5,5,5,5,2,3,5,4,4,4,4,5,4,3,47,31.0,satisfied
115200,Male,Loyal Customer,45,Business travel,Eco,333,3,2,2,2,3,3,3,3,2,1,4,4,3,3,0,0.0,neutral or dissatisfied
103759,Female,Loyal Customer,49,Personal Travel,Eco,484,3,0,3,3,5,4,5,4,4,3,4,3,4,3,12,8.0,neutral or dissatisfied
124526,Male,Loyal Customer,51,Business travel,Eco,1276,4,3,2,2,4,4,4,4,3,5,4,3,3,4,0,0.0,neutral or dissatisfied
116390,Male,Loyal Customer,66,Personal Travel,Eco,358,2,5,2,3,1,2,1,1,3,4,4,4,5,1,0,0.0,neutral or dissatisfied
79152,Male,Loyal Customer,70,Personal Travel,Eco Plus,306,2,4,2,2,1,2,1,1,5,2,5,3,4,1,0,5.0,neutral or dissatisfied
122373,Female,disloyal Customer,17,Business travel,Eco,529,2,4,2,3,3,2,3,3,2,5,4,4,4,3,0,0.0,neutral or dissatisfied
125186,Female,Loyal Customer,46,Business travel,Business,1977,4,4,4,4,3,5,5,4,4,4,4,5,4,4,1,0.0,satisfied
48045,Female,Loyal Customer,41,Business travel,Eco,677,3,3,3,3,3,3,3,3,3,1,3,1,3,3,0,0.0,neutral or dissatisfied
7768,Male,Loyal Customer,55,Business travel,Business,3930,3,3,3,3,3,5,5,3,3,3,3,3,3,3,0,3.0,satisfied
68591,Male,Loyal Customer,13,Personal Travel,Eco,1616,1,5,1,1,3,1,3,3,4,5,4,3,4,3,23,0.0,neutral or dissatisfied
6013,Male,Loyal Customer,43,Business travel,Business,3042,1,1,1,1,3,5,5,5,5,5,5,5,5,3,0,3.0,satisfied
40251,Male,Loyal Customer,38,Business travel,Business,347,2,2,2,2,5,4,3,2,2,2,2,2,2,4,0,4.0,neutral or dissatisfied
97721,Male,Loyal Customer,46,Business travel,Business,3579,3,3,3,3,3,4,5,5,5,5,5,4,5,4,9,2.0,satisfied
127994,Female,Loyal Customer,37,Business travel,Business,1488,1,4,4,4,2,3,2,1,1,1,1,2,1,1,0,0.0,neutral or dissatisfied
80673,Female,Loyal Customer,62,Personal Travel,Eco,821,2,2,2,4,3,3,4,4,4,2,5,4,4,4,4,13.0,neutral or dissatisfied
16913,Female,Loyal Customer,60,Business travel,Eco Plus,746,5,2,2,2,4,2,4,5,5,5,5,2,5,5,7,0.0,satisfied
7197,Female,disloyal Customer,38,Business travel,Eco,139,1,1,1,3,1,1,1,1,1,5,3,1,4,1,1,14.0,neutral or dissatisfied
104764,Male,Loyal Customer,18,Personal Travel,Eco,1407,1,4,1,3,1,1,1,1,3,4,5,3,5,1,34,50.0,neutral or dissatisfied
68179,Male,Loyal Customer,29,Personal Travel,Eco,603,1,4,1,4,4,1,4,4,4,4,4,4,4,4,0,0.0,neutral or dissatisfied
52956,Male,Loyal Customer,30,Business travel,Business,2306,2,2,2,2,4,4,4,4,4,3,5,4,1,4,6,8.0,satisfied
51420,Male,Loyal Customer,23,Personal Travel,Eco Plus,209,1,3,0,3,3,0,1,3,1,2,3,1,3,3,0,2.0,neutral or dissatisfied
115490,Male,Loyal Customer,41,Business travel,Eco,337,4,1,1,1,4,4,4,4,1,2,3,4,4,4,16,7.0,neutral or dissatisfied
71712,Male,Loyal Customer,42,Business travel,Business,1631,4,4,4,4,4,5,5,5,5,4,5,5,5,5,239,238.0,satisfied
80201,Male,Loyal Customer,51,Personal Travel,Eco,2586,3,5,3,1,3,5,5,1,5,4,4,5,2,5,0,0.0,neutral or dissatisfied
117277,Female,disloyal Customer,44,Business travel,Business,369,4,4,4,3,5,4,5,5,3,3,4,3,4,5,1,1.0,satisfied
43123,Female,Loyal Customer,35,Business travel,Eco Plus,173,5,1,1,1,5,5,5,5,4,2,1,4,3,5,0,0.0,satisfied
82144,Male,Loyal Customer,47,Business travel,Business,237,3,3,3,3,4,5,5,4,4,4,4,4,4,3,0,0.0,satisfied
119639,Female,Loyal Customer,58,Business travel,Business,507,4,4,4,4,5,5,4,5,5,5,5,5,5,3,1,0.0,satisfied
27980,Female,disloyal Customer,38,Business travel,Eco,878,3,3,3,4,3,1,1,2,5,4,3,1,4,1,0,13.0,neutral or dissatisfied
50188,Male,disloyal Customer,34,Business travel,Eco,337,3,0,4,1,2,4,2,2,1,2,2,3,1,2,0,1.0,neutral or dissatisfied
19963,Female,Loyal Customer,31,Personal Travel,Eco Plus,296,2,5,2,2,3,2,3,3,3,2,4,4,4,3,0,0.0,neutral or dissatisfied
38462,Female,disloyal Customer,17,Business travel,Eco,1226,4,4,4,3,4,4,4,4,2,1,3,4,4,4,0,0.0,neutral or dissatisfied
73845,Male,Loyal Customer,61,Business travel,Business,1810,5,5,5,5,5,3,5,2,2,3,2,3,2,3,0,0.0,satisfied
26018,Male,Loyal Customer,57,Personal Travel,Eco,425,4,4,4,3,5,4,5,5,5,3,4,5,5,5,1,0.0,neutral or dissatisfied
129177,Female,Loyal Customer,66,Personal Travel,Eco,679,5,3,5,4,3,3,3,4,4,5,1,2,4,2,0,0.0,satisfied
5790,Male,disloyal Customer,38,Business travel,Business,273,4,4,4,3,5,4,5,5,3,5,4,5,4,5,0,0.0,satisfied
990,Male,Loyal Customer,40,Business travel,Eco,396,4,4,4,4,4,4,4,4,1,1,3,1,2,4,7,30.0,satisfied
94667,Male,Loyal Customer,39,Business travel,Business,2208,3,4,4,4,1,2,1,3,3,3,3,4,3,4,79,74.0,neutral or dissatisfied
9136,Female,Loyal Customer,46,Business travel,Business,2356,2,1,1,1,3,3,3,2,2,2,2,3,2,3,23,9.0,neutral or dissatisfied
1512,Male,Loyal Customer,50,Business travel,Business,862,4,4,4,4,2,4,4,5,5,5,5,5,5,4,0,0.0,satisfied
44407,Male,Loyal Customer,61,Personal Travel,Eco,323,3,5,3,1,4,3,3,4,4,4,5,1,5,4,21,39.0,neutral or dissatisfied
125062,Female,Loyal Customer,46,Business travel,Business,1935,2,2,2,2,5,4,4,5,5,5,4,3,5,3,0,0.0,satisfied
27400,Female,Loyal Customer,31,Business travel,Business,937,5,5,5,5,2,3,2,2,1,4,4,1,2,2,3,0.0,satisfied
93553,Male,disloyal Customer,27,Business travel,Business,719,2,2,2,4,3,2,3,3,4,3,4,4,5,3,0,0.0,neutral or dissatisfied
65372,Male,Loyal Customer,67,Business travel,Business,432,1,1,1,1,2,4,4,4,4,4,4,4,4,4,0,4.0,satisfied
54242,Female,Loyal Customer,22,Business travel,Business,1682,1,1,1,1,4,4,4,4,5,5,3,5,3,4,2,4.0,satisfied
103383,Female,Loyal Customer,57,Business travel,Business,237,5,5,5,5,4,4,4,5,5,5,5,3,5,5,0,0.0,satisfied
48069,Male,Loyal Customer,50,Business travel,Business,3378,2,2,4,2,2,5,4,4,4,4,4,5,4,3,0,0.0,satisfied
127842,Female,Loyal Customer,20,Business travel,Eco Plus,1262,0,3,0,5,1,0,1,1,1,5,5,3,4,1,0,0.0,satisfied
90509,Female,Loyal Customer,31,Business travel,Business,250,1,1,1,1,5,5,5,5,5,4,4,3,4,5,0,0.0,satisfied
95351,Male,Loyal Customer,67,Personal Travel,Eco,239,2,4,2,5,2,2,2,2,4,4,4,4,4,2,2,0.0,neutral or dissatisfied
24557,Female,disloyal Customer,30,Business travel,Eco,696,4,5,5,4,1,5,1,1,3,5,1,3,2,1,1,2.0,neutral or dissatisfied
71374,Male,Loyal Customer,34,Business travel,Business,3281,4,3,2,2,2,3,3,4,4,4,4,4,4,1,5,3.0,neutral or dissatisfied
80320,Male,Loyal Customer,49,Personal Travel,Eco,746,2,4,2,3,3,2,3,3,3,2,4,3,4,3,0,9.0,neutral or dissatisfied
9739,Male,disloyal Customer,25,Business travel,Business,908,1,0,1,2,3,1,3,3,4,4,5,4,5,3,0,0.0,neutral or dissatisfied
34048,Male,Loyal Customer,27,Business travel,Business,1674,5,5,5,5,5,5,5,5,2,1,4,4,1,5,30,1.0,satisfied
109117,Female,Loyal Customer,40,Business travel,Eco Plus,705,5,4,4,4,5,5,5,5,3,3,4,2,3,5,34,13.0,satisfied
121180,Male,Loyal Customer,33,Personal Travel,Eco,2521,1,2,2,4,2,2,1,1,5,4,3,1,3,1,24,23.0,neutral or dissatisfied
109349,Female,Loyal Customer,24,Business travel,Business,2174,2,2,2,2,5,5,5,5,5,4,5,4,4,5,14,16.0,satisfied
18111,Female,Loyal Customer,33,Business travel,Business,2884,4,5,4,4,3,3,4,4,4,4,4,3,4,3,0,4.0,satisfied
129172,Male,Loyal Customer,41,Personal Travel,Eco,679,2,4,2,3,1,2,1,1,3,2,4,4,4,1,5,12.0,neutral or dissatisfied
12253,Female,disloyal Customer,42,Business travel,Eco,253,1,0,1,4,4,1,4,4,5,3,3,3,3,4,0,0.0,neutral or dissatisfied
38252,Male,disloyal Customer,11,Business travel,Eco,1111,2,2,2,4,2,3,3,3,3,3,3,3,2,3,327,303.0,neutral or dissatisfied
43526,Female,Loyal Customer,36,Business travel,Eco,807,4,5,5,5,4,4,4,4,2,5,4,3,4,4,28,39.0,neutral or dissatisfied
91164,Female,Loyal Customer,35,Personal Travel,Eco,223,3,4,3,3,3,3,3,3,5,5,4,5,4,3,0,7.0,neutral or dissatisfied
116215,Male,Loyal Customer,47,Personal Travel,Eco,325,3,3,3,2,2,3,2,2,3,4,3,3,3,2,0,0.0,neutral or dissatisfied
104559,Female,Loyal Customer,53,Business travel,Business,2360,3,3,3,3,5,5,5,3,3,3,3,3,3,4,8,6.0,satisfied
55287,Male,Loyal Customer,43,Business travel,Eco,1585,2,5,5,5,2,3,3,1,4,4,3,3,4,3,112,133.0,neutral or dissatisfied
32078,Male,Loyal Customer,58,Business travel,Business,3407,4,4,4,4,4,1,1,4,4,4,4,1,4,5,2,4.0,satisfied
30507,Female,disloyal Customer,43,Business travel,Eco,1346,3,3,3,2,5,3,5,5,3,3,3,1,2,5,0,4.0,neutral or dissatisfied
50437,Female,disloyal Customer,21,Business travel,Eco,337,2,0,2,5,1,2,1,1,5,3,1,5,4,1,1,0.0,neutral or dissatisfied
16752,Female,Loyal Customer,27,Business travel,Business,2976,2,1,1,1,2,2,2,2,1,2,3,1,4,2,0,44.0,neutral or dissatisfied
1258,Male,Loyal Customer,23,Personal Travel,Eco,309,2,4,2,5,1,2,1,1,5,4,5,4,5,1,0,0.0,neutral or dissatisfied
126288,Male,Loyal Customer,21,Personal Travel,Eco,631,1,5,1,3,1,1,1,1,4,2,5,4,5,1,0,0.0,neutral or dissatisfied
85794,Female,disloyal Customer,59,Business travel,Eco,526,2,2,2,2,4,2,4,4,4,4,3,1,2,4,0,0.0,neutral or dissatisfied
41230,Male,Loyal Customer,38,Business travel,Business,744,2,2,2,2,1,2,4,5,5,5,5,3,5,5,18,26.0,satisfied
33306,Female,Loyal Customer,64,Personal Travel,Eco Plus,163,3,5,3,4,5,4,5,4,4,3,5,5,4,3,0,0.0,neutral or dissatisfied
112767,Female,disloyal Customer,10,Business travel,Eco,588,4,5,4,4,4,4,4,4,3,2,4,4,5,4,0,0.0,neutral or dissatisfied
60180,Female,Loyal Customer,19,Personal Travel,Eco,1050,2,5,1,2,3,1,3,3,3,5,4,4,5,3,0,0.0,neutral or dissatisfied
66992,Male,Loyal Customer,52,Business travel,Business,2071,3,3,3,3,3,5,4,4,4,4,4,3,4,4,0,0.0,satisfied
67487,Male,Loyal Customer,40,Business travel,Business,1744,1,1,1,1,3,5,5,5,5,5,5,5,5,4,0,0.0,satisfied
24979,Male,Loyal Customer,35,Business travel,Eco,484,1,2,2,2,1,1,1,1,4,2,3,4,3,1,0,0.0,neutral or dissatisfied
117798,Female,Loyal Customer,46,Business travel,Business,328,4,4,4,4,3,5,4,3,3,4,3,3,3,5,0,3.0,satisfied
126128,Female,disloyal Customer,18,Business travel,Eco,328,3,1,3,4,5,3,5,5,3,5,4,4,4,5,0,0.0,neutral or dissatisfied
67372,Male,Loyal Customer,57,Business travel,Business,769,5,5,3,5,5,4,5,4,4,4,4,5,4,5,0,3.0,satisfied
73386,Male,Loyal Customer,30,Business travel,Business,2307,4,4,4,4,4,3,4,4,2,1,2,2,3,4,7,16.0,neutral or dissatisfied
97560,Male,Loyal Customer,58,Business travel,Business,448,3,3,3,3,3,4,5,4,4,4,4,4,4,4,17,11.0,satisfied
42286,Female,Loyal Customer,36,Business travel,Business,3569,2,1,1,1,1,4,4,2,2,2,2,2,2,3,0,0.0,neutral or dissatisfied
51005,Female,Loyal Customer,52,Personal Travel,Eco,190,2,5,2,1,5,4,4,2,2,2,2,4,2,3,115,102.0,neutral or dissatisfied
27704,Male,Loyal Customer,42,Personal Travel,Eco Plus,1107,3,1,3,1,1,3,1,1,1,4,2,3,1,1,0,0.0,neutral or dissatisfied
16389,Female,Loyal Customer,39,Business travel,Business,2790,3,3,3,3,5,2,1,3,3,3,3,4,3,3,0,5.0,neutral or dissatisfied
33944,Female,disloyal Customer,31,Business travel,Eco,1072,2,2,2,3,4,2,4,4,2,2,4,3,4,4,0,0.0,neutral or dissatisfied
48107,Male,Loyal Customer,45,Business travel,Eco,236,5,1,1,1,5,5,5,5,1,4,1,4,2,5,1,4.0,satisfied
117245,Female,Loyal Customer,15,Personal Travel,Eco,621,1,5,2,1,3,2,3,3,4,3,5,3,5,3,25,14.0,neutral or dissatisfied
112242,Male,disloyal Customer,22,Business travel,Eco,733,3,3,3,4,4,3,2,4,4,2,5,4,5,4,19,1.0,neutral or dissatisfied
82510,Male,Loyal Customer,45,Business travel,Business,1749,4,4,3,4,3,4,5,4,4,5,4,5,4,3,19,6.0,satisfied
8027,Male,Loyal Customer,38,Business travel,Business,125,2,5,5,5,3,3,4,2,2,2,2,4,2,1,0,0.0,neutral or dissatisfied
26791,Male,disloyal Customer,36,Business travel,Business,226,4,4,4,3,1,4,1,1,3,4,4,3,4,1,0,0.0,neutral or dissatisfied
62391,Female,Loyal Customer,24,Business travel,Business,2662,3,5,5,5,3,3,3,3,3,3,3,2,4,3,52,32.0,neutral or dissatisfied
94210,Female,Loyal Customer,23,Business travel,Business,3671,4,4,4,4,5,5,5,5,5,5,5,4,5,5,74,84.0,satisfied
76494,Female,disloyal Customer,20,Business travel,Eco,357,4,3,4,3,3,4,3,3,3,1,4,2,3,3,0,20.0,neutral or dissatisfied
68683,Male,Loyal Customer,54,Business travel,Business,3974,1,1,1,1,2,2,1,4,4,4,5,3,4,2,0,0.0,satisfied
41872,Male,Loyal Customer,59,Personal Travel,Eco Plus,483,1,2,1,2,2,1,2,2,1,3,3,1,2,2,82,71.0,neutral or dissatisfied
4398,Female,Loyal Customer,39,Personal Travel,Eco,607,1,5,1,1,3,1,3,3,5,5,4,5,4,3,0,0.0,neutral or dissatisfied
128490,Female,Loyal Customer,56,Personal Travel,Eco,646,2,4,2,4,1,2,1,3,3,2,5,3,3,3,6,24.0,neutral or dissatisfied
100497,Male,disloyal Customer,25,Business travel,Eco,580,3,3,3,4,4,3,4,4,4,4,3,3,4,4,0,0.0,neutral or dissatisfied
89478,Female,Loyal Customer,57,Business travel,Business,1931,2,4,4,4,3,4,4,2,2,2,2,3,2,1,0,0.0,neutral or dissatisfied
123023,Female,Loyal Customer,53,Business travel,Business,468,4,4,5,4,5,4,5,4,4,4,4,5,4,5,32,29.0,satisfied
68172,Female,disloyal Customer,19,Business travel,Eco,603,3,1,3,4,1,3,1,1,3,3,3,2,4,1,0,0.0,neutral or dissatisfied
11391,Female,disloyal Customer,34,Business travel,Business,301,1,1,1,5,2,1,2,2,3,5,5,4,4,2,0,0.0,neutral or dissatisfied
79876,Female,Loyal Customer,40,Business travel,Business,1069,2,2,2,2,4,4,4,4,4,4,4,4,4,4,56,58.0,satisfied
12134,Female,Loyal Customer,44,Business travel,Business,2951,2,2,2,2,4,4,5,5,5,5,5,3,5,3,0,0.0,satisfied
77573,Male,disloyal Customer,23,Business travel,Eco,874,5,4,4,2,2,4,4,2,5,2,4,3,5,2,0,0.0,satisfied
47199,Female,disloyal Customer,18,Business travel,Eco,954,3,3,3,3,1,3,4,1,5,1,4,5,4,1,0,0.0,neutral or dissatisfied
20887,Male,Loyal Customer,45,Personal Travel,Eco Plus,508,3,4,3,3,3,3,2,3,3,4,5,5,5,3,29,20.0,neutral or dissatisfied
35545,Female,Loyal Customer,10,Personal Travel,Eco,1005,2,5,3,2,5,3,5,5,3,4,5,3,5,5,25,12.0,neutral or dissatisfied
90880,Female,Loyal Customer,49,Business travel,Business,581,2,5,5,5,3,3,3,2,2,2,2,2,2,1,0,0.0,neutral or dissatisfied
4244,Male,disloyal Customer,35,Business travel,Eco,1020,2,3,3,1,2,3,2,2,1,4,1,1,5,2,0,2.0,neutral or dissatisfied
107472,Female,Loyal Customer,21,Personal Travel,Eco Plus,1121,2,4,2,2,5,2,1,5,5,2,4,4,5,5,23,0.0,neutral or dissatisfied
101504,Male,Loyal Customer,56,Business travel,Business,345,1,4,3,4,3,3,3,1,1,2,1,2,1,2,56,53.0,neutral or dissatisfied
17038,Female,Loyal Customer,42,Business travel,Business,1134,5,5,5,5,3,5,4,4,4,5,4,3,4,5,0,0.0,satisfied
72381,Female,Loyal Customer,43,Business travel,Business,1559,3,3,3,3,4,5,5,5,5,4,5,4,5,5,0,0.0,satisfied
6738,Female,Loyal Customer,36,Business travel,Eco Plus,268,3,5,5,5,3,3,3,3,3,3,3,1,3,3,10,7.0,neutral or dissatisfied
18033,Female,disloyal Customer,24,Business travel,Business,488,0,0,0,2,4,0,4,4,4,4,4,1,5,4,7,0.0,satisfied
29092,Female,Loyal Customer,45,Personal Travel,Eco,956,3,4,3,4,5,4,5,4,4,3,1,5,4,4,0,0.0,neutral or dissatisfied
111142,Male,Loyal Customer,37,Business travel,Business,3621,3,3,3,3,2,4,4,3,3,3,3,1,3,1,0,0.0,neutral or dissatisfied
6612,Female,Loyal Customer,39,Business travel,Business,3199,4,4,4,4,5,4,4,4,4,4,4,4,4,4,13,5.0,satisfied
45656,Male,Loyal Customer,43,Personal Travel,Eco,406,3,4,3,1,3,3,3,3,3,2,5,3,5,3,0,9.0,neutral or dissatisfied
126673,Male,disloyal Customer,26,Business travel,Business,2276,2,2,2,4,3,2,3,3,3,3,3,3,4,3,33,50.0,neutral or dissatisfied
10740,Male,Loyal Customer,37,Business travel,Eco,308,1,3,3,3,1,1,1,1,2,3,3,4,3,1,25,33.0,neutral or dissatisfied
43855,Female,Loyal Customer,63,Business travel,Business,199,4,4,4,4,5,4,4,3,3,3,4,3,3,4,0,0.0,neutral or dissatisfied
83073,Female,disloyal Customer,22,Business travel,Eco,957,2,3,3,3,5,3,5,5,2,3,3,3,4,5,0,6.0,neutral or dissatisfied
96464,Female,Loyal Customer,57,Business travel,Eco,436,3,2,2,2,4,1,2,3,3,3,3,4,3,2,1,0.0,neutral or dissatisfied
72220,Female,disloyal Customer,22,Business travel,Eco,919,3,3,3,1,4,3,4,4,4,3,1,1,1,4,17,76.0,neutral or dissatisfied
12556,Female,Loyal Customer,18,Personal Travel,Eco,871,1,3,1,2,2,1,2,2,3,4,4,4,5,2,2,0.0,neutral or dissatisfied
28003,Male,Loyal Customer,32,Business travel,Business,763,5,5,5,5,5,5,5,5,1,2,1,2,4,5,0,0.0,satisfied
51308,Male,Loyal Customer,41,Business travel,Eco Plus,109,3,3,3,3,3,3,3,3,3,4,3,3,3,3,0,1.0,neutral or dissatisfied
92172,Female,Loyal Customer,47,Business travel,Business,1956,1,1,1,1,4,5,4,5,5,5,5,5,5,3,1,18.0,satisfied
13959,Male,Loyal Customer,15,Personal Travel,Eco,192,2,1,2,3,4,2,4,4,4,3,2,4,2,4,49,50.0,neutral or dissatisfied
125995,Male,Loyal Customer,54,Personal Travel,Business,507,4,1,4,4,2,4,4,3,3,4,3,4,3,4,0,0.0,satisfied
105697,Male,Loyal Customer,46,Business travel,Business,787,4,4,4,4,4,5,5,5,5,5,5,5,5,4,0,20.0,satisfied
40533,Male,disloyal Customer,47,Business travel,Eco,391,2,0,2,1,3,2,3,3,5,4,3,3,4,3,0,0.0,neutral or dissatisfied
29665,Female,Loyal Customer,14,Personal Travel,Eco,1448,1,5,2,4,4,2,4,4,5,1,2,5,5,4,0,0.0,neutral or dissatisfied
47618,Male,Loyal Customer,44,Business travel,Business,715,2,2,2,2,2,5,1,4,4,5,4,3,4,3,39,53.0,satisfied
90380,Female,Loyal Customer,49,Business travel,Business,270,2,4,3,4,2,4,4,2,2,2,2,3,2,3,8,0.0,neutral or dissatisfied
72416,Male,Loyal Customer,30,Business travel,Business,1119,4,4,4,4,5,4,5,5,3,4,4,4,5,5,0,18.0,satisfied
35089,Female,Loyal Customer,48,Business travel,Business,2285,4,4,4,4,2,2,2,5,5,5,5,2,5,4,0,31.0,satisfied
125041,Male,Loyal Customer,39,Business travel,Eco,800,1,0,0,3,0,3,3,4,5,4,3,3,3,3,0,18.0,neutral or dissatisfied
17802,Male,Loyal Customer,32,Business travel,Business,2443,4,4,4,4,5,5,5,5,3,2,2,1,3,5,0,0.0,satisfied
114515,Female,disloyal Customer,47,Business travel,Business,325,5,5,5,4,1,5,1,1,5,3,5,3,5,1,9,0.0,satisfied
106639,Male,Loyal Customer,19,Business travel,Eco Plus,306,3,1,4,4,3,3,4,3,4,1,3,2,3,3,11,11.0,neutral or dissatisfied
3837,Female,Loyal Customer,16,Personal Travel,Eco,710,2,4,2,4,1,2,1,1,5,5,4,3,5,1,14,21.0,neutral or dissatisfied
127595,Female,Loyal Customer,47,Business travel,Business,1773,5,5,5,5,4,4,4,4,4,4,4,5,4,4,2,0.0,satisfied
118687,Male,Loyal Customer,63,Personal Travel,Eco,370,1,3,1,4,2,1,2,2,2,2,2,1,3,2,3,3.0,neutral or dissatisfied
108700,Male,Loyal Customer,57,Personal Travel,Eco Plus,577,4,4,4,3,3,4,3,3,4,2,5,5,4,3,33,28.0,neutral or dissatisfied
121222,Male,Loyal Customer,44,Business travel,Business,2075,1,1,1,1,3,4,5,4,4,4,4,3,4,4,0,0.0,satisfied
59397,Male,Loyal Customer,48,Personal Travel,Eco,2556,1,4,1,4,1,1,1,3,3,2,2,1,2,1,626,604.0,neutral or dissatisfied
33153,Female,Loyal Customer,14,Personal Travel,Eco,102,2,1,2,3,3,2,3,3,1,5,3,3,3,3,2,2.0,neutral or dissatisfied
80639,Male,Loyal Customer,31,Personal Travel,Eco,282,1,4,3,4,2,3,2,2,5,5,4,5,4,2,0,0.0,neutral or dissatisfied
127579,Male,Loyal Customer,40,Business travel,Business,1773,3,3,3,3,4,4,4,4,4,4,4,4,4,4,0,0.0,satisfied
32872,Female,Loyal Customer,18,Personal Travel,Eco,216,2,2,2,4,5,2,5,5,2,5,2,1,4,5,0,0.0,neutral or dissatisfied
119993,Female,Loyal Customer,35,Personal Travel,Business,328,3,0,3,2,5,4,5,4,4,3,4,3,4,5,0,0.0,neutral or dissatisfied
86917,Female,Loyal Customer,47,Personal Travel,Eco,341,2,5,2,1,3,4,4,4,4,2,4,5,4,3,0,0.0,neutral or dissatisfied
85837,Male,Loyal Customer,26,Personal Travel,Eco,526,1,2,1,4,2,1,2,2,3,2,3,1,4,2,0,0.0,neutral or dissatisfied
123633,Female,disloyal Customer,36,Business travel,Business,214,3,3,3,4,5,3,1,5,4,5,5,4,5,5,0,0.0,neutral or dissatisfied
59285,Male,disloyal Customer,22,Business travel,Business,3365,0,5,0,1,0,3,3,1,1,2,2,3,3,3,6,0.0,satisfied
92603,Male,Loyal Customer,42,Business travel,Eco,718,4,3,3,3,4,4,4,4,4,5,2,3,5,4,1,0.0,satisfied
2865,Male,disloyal Customer,44,Business travel,Eco,491,5,0,5,4,4,5,4,4,3,3,3,2,4,4,0,27.0,satisfied
59175,Male,Loyal Customer,62,Personal Travel,Eco Plus,1846,2,4,2,1,1,2,1,1,3,4,5,1,5,1,12,3.0,neutral or dissatisfied
35283,Male,Loyal Customer,47,Business travel,Business,3892,1,1,1,1,1,5,1,5,5,5,5,3,5,2,4,0.0,satisfied
109039,Female,disloyal Customer,21,Business travel,Eco,488,4,0,4,4,1,4,1,1,5,2,5,5,5,1,34,31.0,satisfied
60110,Male,disloyal Customer,26,Business travel,Business,1012,0,0,0,3,3,2,5,3,4,4,5,5,5,3,11,10.0,satisfied
956,Female,disloyal Customer,21,Business travel,Eco,89,1,4,0,3,4,0,4,4,2,2,3,3,3,4,0,0.0,neutral or dissatisfied
112607,Male,Loyal Customer,55,Business travel,Business,1796,5,5,5,5,3,1,2,4,4,4,4,1,4,5,0,0.0,satisfied
118790,Male,Loyal Customer,35,Personal Travel,Eco,370,2,4,2,2,4,2,5,4,1,5,4,4,4,4,0,0.0,neutral or dissatisfied
38254,Female,Loyal Customer,56,Business travel,Eco,1133,2,5,5,5,3,4,5,2,2,2,2,4,2,1,11,0.0,satisfied
89650,Female,Loyal Customer,49,Business travel,Business,2243,1,3,3,3,1,3,3,1,1,1,1,2,1,1,0,0.0,neutral or dissatisfied
21784,Male,Loyal Customer,53,Business travel,Business,3402,3,3,3,3,3,5,4,4,4,4,4,4,4,3,20,10.0,satisfied
35258,Male,Loyal Customer,56,Business travel,Business,1634,3,3,1,3,4,2,1,4,4,4,4,5,4,5,0,0.0,satisfied
77787,Female,Loyal Customer,31,Personal Travel,Eco,689,5,3,5,4,5,5,5,5,2,2,3,1,3,5,0,2.0,satisfied
4722,Male,disloyal Customer,40,Business travel,Business,888,2,2,2,3,2,2,5,2,2,2,3,1,4,2,21,4.0,neutral or dissatisfied
49588,Male,Loyal Customer,31,Business travel,Business,2460,4,4,4,4,5,5,3,5,4,4,5,5,1,5,12,12.0,satisfied
17963,Male,Loyal Customer,51,Personal Travel,Eco,460,4,1,4,4,5,4,5,5,1,3,3,2,3,5,0,0.0,satisfied
79186,Male,Loyal Customer,62,Personal Travel,Eco,2422,2,4,2,3,2,4,4,3,3,3,5,4,3,4,0,4.0,neutral or dissatisfied
29953,Male,disloyal Customer,26,Business travel,Eco,253,3,1,3,3,5,3,5,5,3,3,3,1,4,5,73,72.0,neutral or dissatisfied
125675,Female,disloyal Customer,21,Business travel,Eco,814,3,3,3,3,2,3,2,2,1,5,3,4,4,2,0,0.0,neutral or dissatisfied
41601,Female,Loyal Customer,33,Personal Travel,Eco,1464,3,5,3,1,2,3,5,2,5,5,4,4,4,2,24,19.0,neutral or dissatisfied
49620,Female,disloyal Customer,33,Business travel,Eco,373,1,0,1,2,2,1,3,2,3,2,5,4,5,2,0,0.0,neutral or dissatisfied
97736,Male,disloyal Customer,35,Business travel,Business,787,3,3,3,4,4,3,4,4,4,5,5,3,4,4,0,0.0,neutral or dissatisfied
97052,Female,Loyal Customer,60,Business travel,Business,3752,1,1,1,1,5,5,4,4,4,4,4,4,4,5,18,24.0,satisfied
119474,Male,disloyal Customer,47,Business travel,Business,857,2,2,2,5,5,2,5,5,3,4,5,3,5,5,0,0.0,neutral or dissatisfied
17499,Male,Loyal Customer,35,Business travel,Business,3477,4,1,3,1,1,3,3,4,4,3,4,2,4,1,0,0.0,neutral or dissatisfied
38674,Female,Loyal Customer,26,Personal Travel,Eco,2611,3,4,3,4,5,3,5,5,1,1,4,2,3,5,10,0.0,neutral or dissatisfied
41131,Male,Loyal Customer,46,Business travel,Eco,224,5,4,4,4,4,5,4,4,3,5,5,1,5,4,0,0.0,satisfied
40680,Female,disloyal Customer,22,Business travel,Eco,588,0,0,0,4,3,0,3,3,5,3,5,1,2,3,0,11.0,satisfied
54194,Male,Loyal Customer,52,Personal Travel,Eco,1400,3,2,3,3,3,3,3,3,3,5,3,4,4,3,38,3.0,neutral or dissatisfied
126014,Male,Loyal Customer,55,Business travel,Business,3210,5,5,4,5,4,5,4,4,4,4,4,5,4,3,6,5.0,satisfied
98901,Female,Loyal Customer,70,Personal Travel,Business,543,1,5,1,4,5,4,5,4,4,1,4,5,4,5,30,20.0,neutral or dissatisfied
26635,Female,disloyal Customer,58,Business travel,Eco,270,2,1,2,3,3,2,1,3,2,2,4,2,4,3,0,25.0,neutral or dissatisfied
4998,Female,disloyal Customer,21,Business travel,Eco,502,3,1,2,2,2,2,2,2,3,5,3,3,3,2,43,49.0,neutral or dissatisfied
110669,Male,Loyal Customer,29,Business travel,Business,2283,3,4,4,4,3,3,3,3,3,1,1,4,2,3,44,37.0,neutral or dissatisfied
22367,Male,Loyal Customer,34,Business travel,Business,1507,2,4,4,4,1,3,4,3,3,2,2,4,3,2,8,11.0,neutral or dissatisfied
62016,Female,Loyal Customer,36,Business travel,Business,2475,1,3,3,3,1,4,3,1,1,1,1,1,1,1,10,0.0,neutral or dissatisfied
30856,Female,Loyal Customer,59,Business travel,Business,1703,1,1,2,1,3,5,5,4,4,4,4,5,4,5,0,0.0,satisfied
106678,Female,disloyal Customer,38,Business travel,Eco,451,2,0,2,4,5,2,5,5,1,3,3,3,4,5,40,39.0,neutral or dissatisfied
29596,Male,Loyal Customer,56,Business travel,Eco,1448,4,1,1,1,4,4,4,4,3,3,2,2,4,4,0,4.0,satisfied
125014,Female,Loyal Customer,36,Personal Travel,Eco,184,2,5,2,1,1,2,1,1,4,2,5,4,5,1,0,14.0,neutral or dissatisfied
14198,Female,disloyal Customer,24,Business travel,Eco,620,4,0,4,3,4,4,4,4,3,5,3,1,2,4,0,7.0,satisfied
77725,Male,disloyal Customer,62,Business travel,Eco,813,2,2,2,3,5,2,5,5,3,1,3,4,2,5,0,0.0,neutral or dissatisfied
49868,Female,disloyal Customer,25,Business travel,Eco,266,2,2,2,3,4,2,4,4,2,5,4,4,3,4,0,6.0,neutral or dissatisfied
90945,Female,Loyal Customer,46,Business travel,Eco,194,2,1,3,1,5,4,4,2,2,2,2,1,2,3,0,0.0,neutral or dissatisfied
129606,Male,Loyal Customer,43,Business travel,Business,1863,0,0,0,1,5,4,5,1,1,1,1,5,1,5,0,0.0,satisfied
127395,Female,Loyal Customer,57,Business travel,Business,868,3,3,3,3,5,5,5,5,5,5,5,4,5,5,1,0.0,satisfied
71133,Male,Loyal Customer,60,Personal Travel,Eco,1739,3,4,3,3,2,3,2,2,4,2,4,3,4,2,39,20.0,neutral or dissatisfied
84464,Male,Loyal Customer,45,Business travel,Business,2968,1,1,1,1,3,5,4,5,5,5,5,5,5,5,0,0.0,satisfied
127748,Female,Loyal Customer,36,Business travel,Eco,255,2,1,1,1,2,2,2,2,3,5,4,1,3,2,0,0.0,neutral or dissatisfied
106060,Male,Loyal Customer,68,Personal Travel,Eco,903,1,4,1,5,4,1,4,4,3,1,5,1,2,4,2,0.0,neutral or dissatisfied
99494,Male,Loyal Customer,41,Personal Travel,Eco,283,2,4,2,3,4,2,4,4,3,4,4,3,5,4,15,9.0,neutral or dissatisfied
126119,Male,disloyal Customer,24,Business travel,Eco,590,4,0,4,2,4,4,2,4,5,5,5,3,4,4,0,1.0,satisfied
27716,Female,disloyal Customer,38,Business travel,Business,1048,3,3,3,3,3,3,3,3,3,4,3,1,4,3,0,0.0,neutral or dissatisfied
87934,Female,disloyal Customer,12,Business travel,Business,581,3,1,3,4,2,3,2,2,3,1,3,1,4,2,0,12.0,neutral or dissatisfied
85348,Male,disloyal Customer,22,Business travel,Eco,813,2,2,2,3,5,2,4,5,3,2,4,3,4,5,5,0.0,neutral or dissatisfied
89629,Female,Loyal Customer,39,Business travel,Business,2554,5,5,5,5,4,5,5,4,4,4,4,5,4,3,0,0.0,satisfied
42451,Female,disloyal Customer,57,Business travel,Eco,466,3,0,3,5,4,3,4,4,5,3,3,3,2,4,0,0.0,neutral or dissatisfied
88790,Female,Loyal Customer,23,Business travel,Business,2996,1,1,1,1,2,2,2,2,5,3,4,4,4,2,1,0.0,satisfied
119000,Male,Loyal Customer,43,Business travel,Business,479,4,3,4,4,5,5,5,5,3,4,5,5,5,5,272,267.0,satisfied
43053,Male,Loyal Customer,55,Business travel,Business,3381,1,1,1,1,2,1,5,3,3,3,3,4,3,1,8,0.0,satisfied
108528,Male,disloyal Customer,45,Business travel,Eco,649,1,4,1,3,5,1,5,5,4,2,3,2,3,5,0,0.0,neutral or dissatisfied
92080,Male,Loyal Customer,49,Business travel,Business,1535,1,1,1,1,2,4,5,4,4,4,4,5,4,3,8,0.0,satisfied
15122,Male,Loyal Customer,33,Business travel,Business,2939,4,4,4,4,5,5,5,5,2,4,2,1,3,5,2,0.0,satisfied
22599,Female,Loyal Customer,41,Business travel,Business,300,1,2,2,2,1,3,3,1,1,1,1,1,1,1,26,15.0,neutral or dissatisfied
86925,Female,Loyal Customer,58,Personal Travel,Eco,341,2,4,2,1,3,5,5,2,2,2,2,4,2,5,0,0.0,neutral or dissatisfied
56397,Male,Loyal Customer,58,Business travel,Business,3052,1,1,1,1,2,4,4,4,4,4,4,4,4,4,0,17.0,satisfied
102750,Male,Loyal Customer,44,Business travel,Business,2335,5,5,5,5,2,4,4,4,4,4,4,4,4,3,6,0.0,satisfied
103594,Male,Loyal Customer,44,Personal Travel,Eco,451,1,5,4,3,4,4,3,4,4,3,4,5,4,4,0,0.0,neutral or dissatisfied
107317,Female,Loyal Customer,47,Business travel,Business,2425,4,4,4,4,4,4,4,5,5,5,5,3,5,5,73,70.0,satisfied
36143,Female,Loyal Customer,42,Business travel,Eco Plus,1562,4,3,3,3,5,2,4,4,4,4,4,2,4,5,13,15.0,satisfied
84439,Male,Loyal Customer,10,Business travel,Eco Plus,606,4,5,5,5,4,4,1,4,3,1,3,1,3,4,6,5.0,neutral or dissatisfied
67518,Female,disloyal Customer,37,Business travel,Business,1235,4,4,4,1,5,4,5,5,5,3,4,5,5,5,1,4.0,satisfied
93151,Male,Loyal Customer,32,Business travel,Business,2768,4,1,1,1,4,3,4,4,4,4,4,3,3,4,45,30.0,neutral or dissatisfied
83140,Male,Loyal Customer,65,Personal Travel,Eco,957,2,3,2,3,5,2,5,5,2,3,4,2,3,5,0,0.0,neutral or dissatisfied
23075,Female,Loyal Customer,38,Business travel,Eco,1174,4,4,4,4,4,4,4,4,1,1,1,2,3,4,30,14.0,satisfied
122880,Male,Loyal Customer,12,Personal Travel,Eco,226,2,5,2,3,1,2,1,1,5,3,4,5,5,1,0,0.0,neutral or dissatisfied
110041,Male,Loyal Customer,60,Business travel,Business,2173,1,1,1,1,5,4,5,5,5,5,5,5,5,3,123,121.0,satisfied
96322,Male,Loyal Customer,46,Business travel,Business,2562,3,2,3,3,4,4,5,4,4,4,4,3,4,4,16,8.0,satisfied
23638,Male,Loyal Customer,11,Personal Travel,Eco,911,2,2,3,2,4,3,4,4,1,2,3,1,3,4,0,0.0,neutral or dissatisfied
8769,Male,Loyal Customer,51,Business travel,Business,2908,2,2,2,2,2,5,4,4,4,4,4,5,4,5,3,0.0,satisfied
117274,Male,Loyal Customer,51,Business travel,Business,2228,0,0,0,4,4,4,4,1,1,1,1,3,1,5,1,0.0,satisfied
14598,Female,Loyal Customer,23,Personal Travel,Eco,986,3,5,3,3,5,3,5,5,3,5,4,4,5,5,0,8.0,neutral or dissatisfied
76346,Female,Loyal Customer,46,Business travel,Business,1851,4,4,4,4,2,3,5,4,4,4,4,5,4,4,22,21.0,satisfied
106994,Male,Loyal Customer,51,Personal Travel,Eco,937,2,5,2,1,1,2,1,1,3,5,4,4,5,1,27,4.0,neutral or dissatisfied
117650,Male,Loyal Customer,38,Personal Travel,Eco Plus,872,1,5,1,4,5,1,5,5,4,4,5,4,4,5,1,13.0,neutral or dissatisfied
71419,Male,disloyal Customer,11,Business travel,Eco,867,2,2,2,1,4,2,4,4,5,5,5,4,4,4,0,0.0,neutral or dissatisfied
31514,Female,Loyal Customer,34,Business travel,Business,862,1,1,1,1,3,1,4,3,3,3,3,3,3,1,0,0.0,satisfied
16036,Male,Loyal Customer,51,Business travel,Eco Plus,853,4,4,4,4,3,4,3,3,3,2,4,2,5,3,0,0.0,satisfied
62127,Female,Loyal Customer,49,Business travel,Business,2565,4,4,4,4,3,5,5,5,5,5,5,5,5,3,0,0.0,satisfied
85127,Female,Loyal Customer,42,Business travel,Business,2038,2,5,2,2,3,4,5,4,4,4,4,3,4,3,10,0.0,satisfied
95879,Female,Loyal Customer,45,Business travel,Eco,580,1,5,5,5,3,4,4,1,1,1,1,4,1,2,23,16.0,neutral or dissatisfied
77079,Female,Loyal Customer,21,Personal Travel,Eco,991,3,4,3,5,5,3,5,5,3,3,4,5,4,5,0,0.0,neutral or dissatisfied
114651,Male,Loyal Customer,58,Business travel,Business,1842,2,2,2,2,2,5,4,5,5,5,5,5,5,3,0,0.0,satisfied
88001,Female,Loyal Customer,40,Business travel,Business,3698,1,1,1,1,3,4,4,5,5,5,5,3,5,3,121,123.0,satisfied
19763,Male,Loyal Customer,46,Business travel,Eco Plus,462,4,3,3,3,4,4,4,4,5,3,1,2,3,4,29,33.0,satisfied
89434,Female,Loyal Customer,69,Personal Travel,Eco,134,3,3,0,1,3,3,5,1,1,0,1,2,1,3,15,6.0,neutral or dissatisfied
101077,Female,disloyal Customer,28,Business travel,Business,583,4,4,4,3,3,4,3,3,4,4,4,4,5,3,55,54.0,satisfied
91926,Female,Loyal Customer,56,Business travel,Business,2475,1,1,1,1,2,4,4,5,5,5,5,3,5,5,3,0.0,satisfied
119256,Male,Loyal Customer,43,Business travel,Business,214,1,1,1,1,5,4,3,4,4,4,1,3,4,2,39,14.0,neutral or dissatisfied
92090,Male,disloyal Customer,27,Business travel,Eco,766,1,1,1,3,2,1,2,2,3,3,3,2,2,2,0,0.0,neutral or dissatisfied
25155,Female,Loyal Customer,40,Business travel,Eco,2106,4,4,4,4,4,4,4,5,1,4,5,4,1,4,143,145.0,satisfied
2006,Female,Loyal Customer,57,Personal Travel,Eco Plus,383,1,2,1,3,2,3,3,4,4,1,4,4,4,2,0,0.0,neutral or dissatisfied
86512,Female,Loyal Customer,34,Personal Travel,Eco,762,1,3,1,5,3,1,3,3,5,5,5,4,1,3,47,31.0,neutral or dissatisfied
60352,Female,Loyal Customer,7,Personal Travel,Eco,836,4,5,4,2,3,4,3,3,3,2,4,5,5,3,0,0.0,satisfied
58363,Female,Loyal Customer,66,Personal Travel,Eco,599,3,3,3,3,3,2,2,3,2,4,4,2,2,2,158,153.0,neutral or dissatisfied
64776,Male,Loyal Customer,77,Business travel,Business,1629,3,4,3,3,3,2,2,3,3,3,3,3,3,4,0,6.0,neutral or dissatisfied
123639,Female,disloyal Customer,21,Business travel,Eco,214,4,0,4,1,4,4,4,4,3,5,5,4,4,4,0,0.0,neutral or dissatisfied
10662,Male,Loyal Customer,55,Business travel,Business,2601,3,1,3,1,1,3,3,3,3,3,3,1,3,2,0,0.0,neutral or dissatisfied
11008,Female,Loyal Customer,67,Business travel,Business,2699,2,2,2,2,3,3,3,3,3,3,2,2,3,3,47,38.0,neutral or dissatisfied
49466,Female,disloyal Customer,49,Business travel,Eco,308,4,4,4,3,2,4,2,2,4,4,3,5,2,2,0,14.0,satisfied
127007,Male,Loyal Customer,59,Business travel,Business,2659,5,5,5,5,4,4,5,5,5,4,5,5,5,5,0,0.0,satisfied
76956,Male,Loyal Customer,42,Business travel,Business,1990,2,2,2,2,5,3,4,4,4,4,4,3,4,5,0,0.0,satisfied
65316,Male,Loyal Customer,10,Personal Travel,Business,432,0,5,0,3,3,0,4,3,4,2,5,3,5,3,0,0.0,satisfied
17105,Female,Loyal Customer,68,Personal Travel,Eco,416,1,1,1,3,1,2,2,3,3,1,3,4,3,3,108,131.0,neutral or dissatisfied
23424,Female,Loyal Customer,51,Business travel,Eco,1154,5,1,1,1,1,1,3,5,5,5,5,1,5,2,66,67.0,satisfied
78764,Female,Loyal Customer,35,Business travel,Business,3428,4,2,2,2,4,3,3,4,4,4,4,2,4,3,0,0.0,neutral or dissatisfied
111452,Female,Loyal Customer,39,Business travel,Business,1024,4,5,5,5,2,4,4,4,4,4,4,1,4,3,37,45.0,neutral or dissatisfied
75912,Male,Loyal Customer,16,Personal Travel,Eco,603,3,4,3,3,5,3,5,5,3,4,5,4,5,5,0,0.0,neutral or dissatisfied
41854,Male,Loyal Customer,32,Business travel,Eco,483,5,3,3,3,5,5,5,5,3,4,1,2,3,5,0,0.0,satisfied
97281,Female,Loyal Customer,68,Personal Travel,Business,347,3,5,3,5,3,4,4,1,1,3,1,3,1,3,1,0.0,neutral or dissatisfied
71297,Female,disloyal Customer,26,Business travel,Business,1514,1,0,1,2,5,1,5,5,3,4,5,5,5,5,0,0.0,neutral or dissatisfied
95181,Male,Loyal Customer,42,Personal Travel,Eco,239,2,5,2,3,1,2,1,1,3,4,5,5,5,1,61,61.0,neutral or dissatisfied
6488,Male,Loyal Customer,29,Business travel,Business,3256,4,3,2,2,4,4,4,4,4,1,3,2,4,4,31,44.0,neutral or dissatisfied
49144,Female,Loyal Customer,53,Business travel,Business,421,2,3,2,2,4,1,5,4,4,4,4,4,4,4,1,0.0,satisfied
111183,Male,Loyal Customer,45,Business travel,Business,1546,1,1,1,1,4,4,5,4,4,4,4,5,4,4,17,15.0,satisfied
32221,Male,Loyal Customer,51,Business travel,Eco,163,2,2,2,2,2,2,2,2,1,2,3,2,3,2,0,0.0,neutral or dissatisfied
96546,Female,Loyal Customer,34,Personal Travel,Eco,302,2,5,2,2,2,2,2,2,5,2,5,5,5,2,7,3.0,neutral or dissatisfied
110239,Female,Loyal Customer,52,Business travel,Eco,1011,4,4,4,4,3,2,2,5,5,4,5,2,5,4,0,0.0,neutral or dissatisfied
65800,Male,Loyal Customer,31,Business travel,Business,1389,3,5,3,3,4,4,4,4,5,2,5,3,4,4,0,0.0,satisfied
26498,Male,Loyal Customer,32,Business travel,Eco,829,5,2,2,2,5,4,5,5,4,1,2,1,2,5,4,0.0,neutral or dissatisfied
2989,Male,Loyal Customer,43,Business travel,Business,1793,4,4,4,4,5,5,5,4,4,4,4,4,4,5,0,0.0,satisfied
18755,Female,Loyal Customer,36,Personal Travel,Eco,1167,4,5,5,2,5,5,5,5,3,3,5,5,5,5,0,0.0,satisfied
38265,Female,disloyal Customer,29,Business travel,Eco,1133,3,3,3,2,4,3,4,4,2,3,2,2,3,4,74,70.0,neutral or dissatisfied
16623,Male,Loyal Customer,29,Personal Travel,Eco,1008,4,5,4,3,1,4,1,1,5,5,1,3,3,1,37,38.0,neutral or dissatisfied
47248,Female,Loyal Customer,20,Business travel,Business,590,4,4,4,4,5,5,5,5,3,5,5,5,4,5,0,0.0,satisfied
56833,Female,Loyal Customer,66,Personal Travel,Eco,1725,1,5,1,3,3,5,4,3,3,1,4,4,3,4,77,83.0,neutral or dissatisfied
79750,Male,Loyal Customer,65,Personal Travel,Eco Plus,760,1,4,1,3,5,1,5,5,3,3,4,3,4,5,72,121.0,neutral or dissatisfied
111000,Female,Loyal Customer,53,Business travel,Business,2022,1,1,1,1,3,4,4,4,4,4,4,3,4,5,0,4.0,satisfied
77058,Male,Loyal Customer,56,Personal Travel,Business,991,2,5,3,4,3,4,5,1,1,3,1,4,1,4,0,8.0,neutral or dissatisfied
41869,Male,Loyal Customer,27,Personal Travel,Eco,483,3,5,3,4,1,3,1,1,2,2,2,4,2,1,0,0.0,neutral or dissatisfied
129850,Female,Loyal Customer,12,Personal Travel,Eco,447,2,4,2,3,3,2,3,3,4,3,3,1,3,3,0,0.0,neutral or dissatisfied
1731,Female,Loyal Customer,38,Business travel,Business,327,2,2,2,2,5,3,4,5,5,5,5,4,5,2,34,40.0,satisfied
122248,Male,Loyal Customer,63,Business travel,Eco,144,1,2,2,2,1,1,1,1,1,4,3,4,3,1,16,20.0,neutral or dissatisfied
80281,Female,Loyal Customer,49,Business travel,Business,2049,5,5,5,5,2,5,5,4,4,4,4,4,4,5,0,0.0,satisfied
67074,Female,disloyal Customer,20,Business travel,Eco,1119,3,3,3,4,5,3,5,5,1,3,4,4,4,5,10,51.0,neutral or dissatisfied
83295,Male,Loyal Customer,26,Personal Travel,Eco,1979,3,4,3,4,3,3,3,3,2,2,2,3,2,3,43,30.0,neutral or dissatisfied
42009,Female,Loyal Customer,49,Business travel,Business,116,4,4,4,4,2,1,3,4,4,4,5,2,4,4,0,2.0,satisfied
17252,Male,disloyal Customer,55,Business travel,Eco,692,3,3,3,3,1,3,1,1,3,1,4,4,3,1,37,41.0,neutral or dissatisfied
2779,Male,Loyal Customer,52,Business travel,Business,764,3,3,3,3,3,4,5,5,5,5,5,5,5,5,3,0.0,satisfied
36070,Female,disloyal Customer,26,Business travel,Eco,399,4,1,4,4,3,4,3,3,3,5,4,1,4,3,21,3.0,neutral or dissatisfied
26784,Female,Loyal Customer,23,Personal Travel,Eco,1199,2,3,3,4,5,3,5,5,4,2,1,4,3,5,2,0.0,neutral or dissatisfied
23497,Female,Loyal Customer,47,Personal Travel,Business,349,2,3,2,3,3,2,3,5,5,2,5,2,5,1,0,0.0,neutral or dissatisfied
41233,Female,Loyal Customer,17,Personal Travel,Eco,744,2,1,2,4,1,2,1,1,2,2,3,2,4,1,39,34.0,neutral or dissatisfied
55947,Male,disloyal Customer,20,Business travel,Business,1620,5,0,5,3,4,5,4,4,3,2,4,3,4,4,1,0.0,satisfied
23481,Male,Loyal Customer,10,Personal Travel,Eco,576,4,4,4,2,3,4,3,3,3,2,4,4,5,3,0,2.0,neutral or dissatisfied
5841,Male,Loyal Customer,33,Business travel,Eco Plus,177,1,3,3,3,1,1,1,1,1,4,4,2,4,1,34,55.0,neutral or dissatisfied
56183,Male,Loyal Customer,62,Personal Travel,Eco,1400,1,3,1,5,2,1,3,2,2,2,4,1,3,2,0,0.0,neutral or dissatisfied
30510,Female,Loyal Customer,70,Personal Travel,Eco,1620,3,4,3,4,5,3,5,5,5,3,5,5,5,3,0,0.0,neutral or dissatisfied
97809,Female,Loyal Customer,39,Business travel,Business,480,3,3,3,3,2,5,4,5,5,5,5,3,5,3,0,0.0,satisfied
48187,Female,Loyal Customer,17,Business travel,Eco,192,0,3,1,3,2,1,2,2,5,4,1,1,2,2,0,0.0,satisfied
59754,Male,disloyal Customer,29,Business travel,Business,1025,2,2,2,2,5,2,5,5,5,5,5,4,5,5,8,2.0,neutral or dissatisfied
107129,Female,Loyal Customer,35,Personal Travel,Eco,842,2,5,2,4,5,2,2,5,1,2,5,2,1,5,14,7.0,neutral or dissatisfied
34360,Female,Loyal Customer,33,Business travel,Business,2423,2,4,1,4,1,3,3,2,2,2,2,2,2,3,9,2.0,neutral or dissatisfied
49707,Male,Loyal Customer,42,Business travel,Business,199,5,5,5,5,4,2,1,4,4,4,5,5,4,3,0,0.0,satisfied
20032,Male,Loyal Customer,25,Business travel,Eco,607,2,2,2,2,2,2,3,2,3,2,4,2,3,2,13,16.0,neutral or dissatisfied
100365,Female,Loyal Customer,33,Personal Travel,Eco,1053,1,5,1,4,1,1,1,1,5,2,4,3,4,1,0,0.0,neutral or dissatisfied
33160,Male,Loyal Customer,60,Personal Travel,Eco,84,2,4,2,3,3,2,3,3,3,4,5,5,4,3,0,0.0,neutral or dissatisfied
96588,Female,Loyal Customer,53,Business travel,Business,1896,1,5,5,5,2,3,3,1,1,1,1,3,1,1,5,7.0,neutral or dissatisfied
59971,Female,Loyal Customer,44,Business travel,Eco,665,5,2,2,2,3,2,4,5,5,5,5,3,5,4,0,0.0,satisfied
78707,Female,Loyal Customer,41,Business travel,Business,2377,1,2,2,2,4,2,2,1,1,1,1,1,1,2,0,0.0,neutral or dissatisfied
46441,Male,Loyal Customer,38,Personal Travel,Eco,1304,3,4,3,3,3,3,3,3,3,3,5,4,5,3,1,0.0,neutral or dissatisfied
25557,Female,Loyal Customer,40,Business travel,Business,696,3,3,3,3,2,5,5,4,4,4,4,5,4,3,1,0.0,satisfied
55149,Female,Loyal Customer,52,Personal Travel,Eco,1346,2,4,2,4,2,2,4,3,3,2,3,4,3,3,0,0.0,neutral or dissatisfied
111718,Male,Loyal Customer,61,Personal Travel,Eco,541,3,5,3,1,4,3,2,4,5,4,4,3,5,4,15,4.0,neutral or dissatisfied
75225,Male,disloyal Customer,15,Business travel,Eco,1846,3,3,3,3,5,3,5,5,4,5,4,4,4,5,0,0.0,neutral or dissatisfied
43119,Female,Loyal Customer,38,Personal Travel,Eco,391,2,5,2,4,5,2,5,5,5,4,5,4,5,5,0,0.0,neutral or dissatisfied
63009,Female,disloyal Customer,32,Business travel,Eco,967,1,1,1,4,2,1,2,2,4,2,3,4,4,2,0,0.0,neutral or dissatisfied
14418,Male,Loyal Customer,52,Business travel,Business,2484,3,3,3,3,2,4,4,4,4,4,4,4,4,5,0,0.0,satisfied
121808,Male,Loyal Customer,49,Business travel,Business,366,3,3,3,3,4,4,5,5,5,5,5,5,5,3,0,0.0,satisfied
56285,Male,Loyal Customer,25,Business travel,Business,2227,3,5,5,5,3,3,3,3,2,5,2,4,3,3,0,0.0,neutral or dissatisfied
1712,Female,Loyal Customer,53,Business travel,Business,2566,5,5,5,5,5,5,5,5,5,5,5,4,5,5,56,64.0,satisfied
113235,Female,disloyal Customer,63,Business travel,Business,236,2,2,2,3,2,2,2,2,5,3,5,4,4,2,34,30.0,neutral or dissatisfied
73233,Female,Loyal Customer,9,Personal Travel,Eco,946,2,3,2,3,3,2,3,3,2,4,4,1,4,3,0,0.0,neutral or dissatisfied
102210,Female,Loyal Customer,38,Business travel,Business,3173,1,1,1,1,4,4,5,4,4,4,4,5,4,3,1,0.0,satisfied
120221,Female,Loyal Customer,53,Business travel,Business,2824,1,3,3,3,3,3,3,1,1,2,1,2,1,2,0,3.0,neutral or dissatisfied
32610,Female,disloyal Customer,22,Business travel,Eco,216,5,4,5,3,3,5,3,3,1,3,1,3,2,3,12,11.0,satisfied
73677,Female,disloyal Customer,25,Business travel,Eco,192,2,2,2,2,4,2,4,4,2,1,3,1,3,4,21,23.0,neutral or dissatisfied
9842,Female,Loyal Customer,52,Business travel,Business,3994,1,1,1,1,2,4,4,4,4,5,4,5,4,5,0,0.0,satisfied
80015,Male,Loyal Customer,69,Personal Travel,Eco,1005,1,4,1,4,4,1,4,4,4,5,5,3,4,4,0,0.0,neutral or dissatisfied
43144,Male,Loyal Customer,54,Personal Travel,Eco Plus,236,1,3,1,3,1,1,1,1,3,2,2,1,3,1,0,0.0,neutral or dissatisfied
23703,Male,Loyal Customer,64,Business travel,Eco,212,5,5,5,5,5,5,5,5,2,3,1,5,3,5,0,0.0,satisfied
13584,Female,Loyal Customer,26,Personal Travel,Eco,106,3,4,0,4,4,0,4,4,4,5,4,4,5,4,47,36.0,neutral or dissatisfied
102235,Female,Loyal Customer,48,Business travel,Business,3080,4,2,2,2,1,3,2,4,4,4,4,3,4,3,23,11.0,neutral or dissatisfied
51714,Female,Loyal Customer,28,Personal Travel,Eco,370,4,4,4,2,1,4,1,1,4,1,5,4,5,1,0,0.0,satisfied
127116,Male,Loyal Customer,25,Personal Travel,Eco,338,1,4,1,3,4,1,4,4,1,4,4,4,3,4,0,0.0,neutral or dissatisfied
70087,Female,Loyal Customer,44,Business travel,Business,550,3,3,3,3,2,5,4,5,5,5,5,3,5,5,15,0.0,satisfied
45662,Male,Loyal Customer,34,Business travel,Eco Plus,391,4,2,2,2,4,4,4,4,1,4,4,2,2,4,20,24.0,satisfied
86251,Female,Loyal Customer,47,Personal Travel,Eco,164,1,4,0,1,3,5,5,1,1,0,1,1,1,5,71,75.0,neutral or dissatisfied
61635,Female,Loyal Customer,44,Business travel,Business,1379,5,5,5,5,3,5,4,3,3,2,3,4,3,5,4,0.0,satisfied
109541,Male,Loyal Customer,61,Personal Travel,Eco,861,4,5,4,2,1,4,1,1,4,3,4,4,5,1,0,1.0,neutral or dissatisfied
97858,Female,disloyal Customer,28,Business travel,Business,612,1,1,1,3,5,1,5,5,5,4,5,5,4,5,0,0.0,neutral or dissatisfied
44006,Male,Loyal Customer,36,Business travel,Eco,397,3,3,3,3,3,3,3,3,2,2,4,2,3,3,0,0.0,neutral or dissatisfied
83861,Male,Loyal Customer,10,Personal Travel,Eco,425,3,4,3,2,5,3,5,5,3,4,5,4,4,5,15,17.0,neutral or dissatisfied
59600,Male,disloyal Customer,27,Business travel,Business,854,5,5,5,2,1,5,1,1,5,3,5,5,4,1,10,15.0,satisfied
31099,Male,Loyal Customer,25,Personal Travel,Eco,1014,3,4,3,4,2,3,2,2,5,5,5,4,5,2,0,0.0,neutral or dissatisfied
14129,Male,Loyal Customer,39,Business travel,Eco,413,3,1,1,1,3,3,3,3,3,3,3,3,2,3,0,14.0,neutral or dissatisfied
35010,Male,Loyal Customer,45,Business travel,Eco Plus,1182,5,4,4,4,5,5,5,5,1,2,2,4,3,5,0,0.0,satisfied
98322,Male,disloyal Customer,25,Business travel,Eco,774,2,2,2,2,1,2,1,1,4,4,4,4,5,1,0,0.0,neutral or dissatisfied
23098,Female,Loyal Customer,32,Business travel,Business,300,0,0,0,2,4,4,4,4,3,2,5,4,4,4,0,1.0,satisfied
66285,Male,Loyal Customer,61,Personal Travel,Eco Plus,550,4,3,4,4,3,4,3,3,1,3,3,4,4,3,0,11.0,satisfied
66618,Female,disloyal Customer,25,Business travel,Business,802,1,4,1,4,5,1,4,5,4,5,4,5,4,5,10,0.0,neutral or dissatisfied
59949,Female,Loyal Customer,56,Business travel,Eco,1068,3,5,1,1,3,2,3,3,3,3,3,2,3,3,0,0.0,neutral or dissatisfied
91570,Female,Loyal Customer,58,Business travel,Business,2220,4,4,4,4,4,5,5,5,5,5,5,3,5,5,79,72.0,satisfied
95560,Male,Loyal Customer,59,Personal Travel,Eco Plus,187,1,1,1,4,1,1,4,1,1,4,4,2,4,1,25,44.0,neutral or dissatisfied
54250,Female,Loyal Customer,60,Business travel,Business,3573,3,3,3,3,4,4,3,3,3,3,3,4,3,3,0,0.0,neutral or dissatisfied
72176,Male,Loyal Customer,51,Business travel,Business,594,3,3,3,3,2,5,4,4,4,4,4,4,4,4,0,0.0,satisfied
50380,Female,disloyal Customer,45,Business travel,Eco,109,3,2,3,3,3,3,2,3,3,3,4,3,4,3,0,0.0,neutral or dissatisfied
46452,Male,Loyal Customer,60,Business travel,Business,2712,4,4,4,4,5,4,4,4,4,4,5,3,4,5,0,5.0,satisfied
119838,Male,Loyal Customer,51,Business travel,Eco,912,1,0,0,4,1,1,1,1,1,4,3,4,4,1,9,23.0,neutral or dissatisfied
78022,Female,Loyal Customer,33,Business travel,Eco,227,5,2,2,2,5,5,5,5,5,1,5,2,3,5,0,0.0,satisfied
113557,Female,Loyal Customer,27,Business travel,Business,236,2,4,4,4,2,2,2,2,2,1,3,2,3,2,9,12.0,neutral or dissatisfied
65687,Female,Loyal Customer,22,Business travel,Business,1724,5,5,4,5,4,4,4,4,5,3,4,3,4,4,2,0.0,satisfied
101278,Male,Loyal Customer,54,Business travel,Business,444,1,1,1,1,5,4,4,3,3,4,3,3,3,3,0,0.0,satisfied
63558,Male,Loyal Customer,31,Personal Travel,Eco Plus,1009,2,5,2,5,2,2,2,2,2,1,1,4,1,2,9,6.0,neutral or dissatisfied
77182,Male,disloyal Customer,38,Business travel,Business,290,2,2,2,4,1,2,1,1,3,2,5,3,4,1,0,5.0,neutral or dissatisfied
17093,Female,Loyal Customer,56,Business travel,Eco,416,5,1,1,1,1,4,4,5,5,5,5,2,5,5,0,0.0,satisfied
17950,Female,Loyal Customer,35,Business travel,Business,460,1,1,1,1,3,4,5,4,4,5,4,3,4,3,0,0.0,satisfied
8849,Female,Loyal Customer,51,Personal Travel,Eco,1371,3,5,3,1,2,5,5,5,5,3,5,4,5,4,30,21.0,neutral or dissatisfied
43429,Female,Loyal Customer,57,Business travel,Eco,748,3,4,4,4,4,4,3,3,3,3,3,4,3,2,0,0.0,neutral or dissatisfied
94221,Male,disloyal Customer,25,Business travel,Business,441,5,4,4,3,3,4,3,3,4,4,4,3,5,3,65,61.0,satisfied
31693,Male,Loyal Customer,40,Business travel,Business,1992,4,2,2,2,2,4,4,4,4,4,4,1,4,1,87,84.0,neutral or dissatisfied
94805,Female,Loyal Customer,71,Business travel,Eco,239,3,5,4,5,1,4,4,3,3,3,3,3,3,3,0,0.0,neutral or dissatisfied
22392,Female,Loyal Customer,59,Business travel,Eco,143,2,4,4,4,5,3,3,2,2,2,2,3,2,4,0,0.0,neutral or dissatisfied
55063,Male,Loyal Customer,42,Business travel,Business,1635,1,1,1,1,5,5,4,4,4,4,4,4,4,3,7,0.0,satisfied
47862,Male,Loyal Customer,34,Business travel,Business,2527,2,3,4,3,3,3,3,2,2,2,2,3,2,4,0,0.0,neutral or dissatisfied
98876,Male,disloyal Customer,18,Business travel,Eco,991,2,2,2,3,1,2,1,1,1,4,3,1,3,1,21,17.0,neutral or dissatisfied
18593,Female,disloyal Customer,37,Business travel,Eco,383,3,4,4,3,2,4,2,2,1,4,3,4,3,2,0,14.0,neutral or dissatisfied
35929,Male,Loyal Customer,27,Business travel,Business,2381,1,4,4,4,1,1,1,1,1,2,4,1,4,1,4,0.0,neutral or dissatisfied
21446,Female,Loyal Customer,47,Business travel,Eco,331,3,5,5,5,4,3,3,3,3,3,3,1,3,3,97,96.0,neutral or dissatisfied
100632,Female,Loyal Customer,28,Business travel,Business,3138,3,3,3,3,4,4,4,4,4,3,5,4,5,4,7,5.0,satisfied
80489,Male,Loyal Customer,44,Business travel,Business,1749,3,2,2,2,2,2,3,3,3,2,3,2,3,1,0,0.0,neutral or dissatisfied
5267,Female,Loyal Customer,68,Personal Travel,Eco,295,3,4,5,2,3,4,5,4,4,5,4,5,4,3,8,11.0,neutral or dissatisfied
128157,Male,Loyal Customer,47,Business travel,Business,1788,1,1,1,1,5,5,4,5,5,5,5,3,5,5,0,0.0,satisfied
88919,Male,Loyal Customer,16,Personal Travel,Eco,859,5,1,5,2,3,1,3,3,1,4,2,2,2,3,0,0.0,satisfied
37070,Female,disloyal Customer,23,Business travel,Eco,1072,2,2,2,4,4,2,3,4,4,4,4,3,3,4,0,0.0,neutral or dissatisfied
87803,Male,disloyal Customer,57,Business travel,Business,214,1,1,1,2,3,1,3,3,4,1,3,4,3,3,0,0.0,neutral or dissatisfied
47102,Female,Loyal Customer,49,Business travel,Eco Plus,438,5,1,1,1,5,1,1,5,5,5,5,1,5,1,0,0.0,satisfied
51925,Female,Loyal Customer,37,Business travel,Eco Plus,507,4,3,3,3,4,4,4,4,2,2,4,1,3,4,0,0.0,neutral or dissatisfied
83345,Male,Loyal Customer,11,Personal Travel,Eco,187,1,5,1,5,4,1,4,4,4,2,4,5,4,4,0,0.0,neutral or dissatisfied
55460,Female,Loyal Customer,22,Personal Travel,Business,1825,3,4,4,3,5,4,5,5,3,3,4,4,5,5,18,0.0,neutral or dissatisfied
100573,Female,Loyal Customer,53,Business travel,Business,486,1,1,1,1,5,4,4,5,5,5,5,3,5,4,0,0.0,satisfied
20123,Male,Loyal Customer,49,Personal Travel,Eco,466,1,3,3,2,5,3,5,5,1,5,2,3,1,5,0,0.0,neutral or dissatisfied
27448,Female,disloyal Customer,22,Business travel,Eco,1050,1,1,1,3,3,1,3,3,2,2,2,2,2,3,0,1.0,neutral or dissatisfied
50289,Male,Loyal Customer,47,Business travel,Eco,308,4,1,1,1,4,4,4,4,3,4,1,3,2,4,0,1.0,satisfied
16734,Male,Loyal Customer,71,Business travel,Business,767,1,5,5,5,2,3,4,1,1,1,1,3,1,3,5,0.0,neutral or dissatisfied
48480,Female,Loyal Customer,23,Business travel,Business,776,1,1,1,1,4,4,4,4,5,2,1,3,1,4,1,2.0,satisfied
89044,Male,Loyal Customer,47,Business travel,Business,2116,4,4,4,4,2,4,5,4,4,4,4,5,4,4,24,12.0,satisfied
18161,Male,Loyal Customer,58,Personal Travel,Eco,430,2,5,2,3,4,2,4,4,5,2,4,4,4,4,0,0.0,neutral or dissatisfied
34145,Female,disloyal Customer,20,Business travel,Eco,1046,1,0,0,3,2,0,2,2,4,1,3,3,3,2,0,0.0,neutral or dissatisfied
65801,Female,disloyal Customer,25,Business travel,Business,1389,3,0,3,1,1,3,1,1,3,2,5,4,5,1,0,0.0,neutral or dissatisfied
27254,Female,disloyal Customer,23,Business travel,Eco,954,2,2,2,2,2,2,2,2,5,4,5,5,5,2,0,0.0,neutral or dissatisfied
108290,Male,disloyal Customer,14,Business travel,Eco,866,2,3,3,3,3,2,3,3,4,5,1,1,3,3,5,22.0,neutral or dissatisfied
122951,Female,disloyal Customer,24,Business travel,Eco,328,3,4,3,4,1,3,1,1,3,5,5,5,4,1,27,8.0,neutral or dissatisfied
121925,Male,disloyal Customer,27,Business travel,Business,449,0,0,0,5,2,0,5,2,3,3,4,4,4,2,0,2.0,satisfied
7070,Male,disloyal Customer,50,Business travel,Business,157,2,2,2,3,2,2,2,2,4,4,4,4,4,2,4,15.0,neutral or dissatisfied
104649,Male,Loyal Customer,64,Personal Travel,Eco,1754,2,5,2,3,1,2,1,1,1,5,2,2,3,1,0,0.0,neutral or dissatisfied
43808,Female,Loyal Customer,51,Business travel,Business,76,3,3,3,3,5,5,5,4,4,4,5,5,4,5,6,6.0,satisfied
12083,Female,Loyal Customer,8,Personal Travel,Eco Plus,376,1,5,1,1,5,1,5,5,5,2,4,3,4,5,1,0.0,neutral or dissatisfied
75475,Female,Loyal Customer,13,Personal Travel,Eco,2342,4,1,4,3,3,4,3,3,4,3,3,4,3,3,0,0.0,neutral or dissatisfied
18349,Male,Loyal Customer,45,Business travel,Eco,200,1,3,3,3,1,1,1,1,2,2,3,1,3,1,0,0.0,neutral or dissatisfied
35451,Male,Loyal Customer,8,Personal Travel,Eco,1056,2,3,2,3,4,2,4,4,2,5,4,3,3,4,0,0.0,neutral or dissatisfied
74827,Female,Loyal Customer,55,Personal Travel,Eco Plus,1205,2,2,2,3,2,4,4,3,3,2,5,1,3,2,0,0.0,neutral or dissatisfied
45166,Female,disloyal Customer,22,Business travel,Eco,174,2,2,2,3,5,2,5,5,2,4,3,2,4,5,17,60.0,neutral or dissatisfied
100075,Female,Loyal Customer,34,Business travel,Eco Plus,289,2,4,3,3,2,2,2,2,4,1,4,3,3,2,0,0.0,neutral or dissatisfied
53090,Male,Loyal Customer,39,Business travel,Eco Plus,2327,5,2,2,2,5,5,5,5,5,4,3,1,3,5,16,0.0,satisfied
103388,Male,disloyal Customer,23,Business travel,Eco,237,2,5,2,3,2,2,2,2,4,4,4,5,5,2,1,0.0,neutral or dissatisfied
56839,Male,Loyal Customer,67,Personal Travel,Eco Plus,1605,3,5,3,3,2,3,2,2,5,5,4,3,4,2,0,0.0,neutral or dissatisfied
43907,Female,Loyal Customer,36,Personal Travel,Eco,114,2,4,2,4,2,1,1,2,1,5,2,1,3,1,178,163.0,neutral or dissatisfied
6462,Female,disloyal Customer,20,Business travel,Eco Plus,296,3,1,3,3,4,3,2,4,2,1,4,3,3,4,0,0.0,neutral or dissatisfied
120628,Male,Loyal Customer,41,Business travel,Business,1785,2,2,2,2,4,5,5,5,5,5,5,4,5,5,12,9.0,satisfied
41171,Female,disloyal Customer,39,Business travel,Business,216,4,4,4,3,4,4,1,4,1,1,4,4,4,4,89,89.0,neutral or dissatisfied
22241,Female,Loyal Customer,58,Business travel,Business,208,2,5,5,5,5,3,2,3,3,3,2,3,3,2,0,0.0,neutral or dissatisfied
10006,Female,Loyal Customer,57,Personal Travel,Eco,457,3,2,3,3,4,3,4,4,4,3,4,4,4,4,0,0.0,neutral or dissatisfied
112311,Female,Loyal Customer,37,Business travel,Business,1876,1,5,1,1,2,5,5,2,2,2,2,5,2,4,16,12.0,satisfied
27884,Male,Loyal Customer,49,Business travel,Business,2329,3,1,1,1,2,4,3,3,3,4,3,4,3,2,0,0.0,neutral or dissatisfied
85041,Female,Loyal Customer,45,Business travel,Business,813,1,1,1,1,2,5,4,5,5,5,5,4,5,4,15,10.0,satisfied
93785,Male,Loyal Customer,16,Personal Travel,Business,1259,2,5,2,4,5,2,5,5,4,5,3,4,5,5,0,0.0,neutral or dissatisfied
127048,Female,Loyal Customer,48,Business travel,Business,370,3,3,3,3,2,4,4,4,4,4,4,3,4,5,0,0.0,satisfied
73319,Male,disloyal Customer,23,Business travel,Eco,1012,3,3,3,3,3,3,2,3,3,3,4,4,5,3,0,0.0,neutral or dissatisfied
121326,Male,Loyal Customer,10,Personal Travel,Eco,1009,0,2,0,3,4,0,4,4,1,3,4,2,3,4,0,0.0,satisfied
99668,Female,Loyal Customer,69,Personal Travel,Eco,1050,2,5,3,5,3,5,4,2,2,3,4,3,2,5,0,0.0,neutral or dissatisfied
92344,Female,Loyal Customer,47,Business travel,Business,2615,4,5,2,2,3,4,4,2,4,4,4,4,1,4,214,190.0,neutral or dissatisfied
124583,Male,Loyal Customer,55,Business travel,Business,1629,4,4,4,4,3,4,4,2,2,2,2,5,2,3,0,0.0,satisfied
122585,Male,Loyal Customer,44,Business travel,Business,728,1,1,1,1,3,5,5,4,4,4,4,4,4,5,35,15.0,satisfied
94069,Male,disloyal Customer,45,Business travel,Business,441,1,1,1,4,3,1,3,3,3,2,5,3,5,3,0,0.0,neutral or dissatisfied
29004,Male,Loyal Customer,52,Business travel,Business,2342,1,1,1,1,4,5,4,4,4,5,4,1,4,4,1,0.0,satisfied
110374,Male,Loyal Customer,35,Business travel,Business,883,3,3,5,3,5,4,5,4,4,4,4,4,4,5,0,0.0,satisfied
40740,Female,Loyal Customer,37,Business travel,Business,2300,1,0,0,4,2,4,3,1,1,0,1,1,1,1,0,0.0,neutral or dissatisfied
106266,Male,Loyal Customer,39,Business travel,Business,1869,2,2,2,2,1,4,5,5,5,5,5,2,5,1,2,0.0,satisfied
8101,Female,Loyal Customer,49,Business travel,Business,125,4,4,4,4,2,4,5,4,4,4,4,5,4,4,0,0.0,satisfied
74929,Female,Loyal Customer,42,Business travel,Business,2475,4,4,4,4,5,5,5,5,5,5,5,5,5,4,0,0.0,satisfied
86712,Male,Loyal Customer,36,Business travel,Business,1747,2,4,4,4,5,3,2,2,2,3,2,2,2,1,35,19.0,neutral or dissatisfied
61173,Male,Loyal Customer,48,Business travel,Business,862,3,3,4,3,3,5,5,3,3,3,3,3,3,5,0,0.0,satisfied
85099,Male,disloyal Customer,22,Business travel,Business,696,4,0,4,3,1,4,1,1,4,5,4,5,5,1,27,16.0,satisfied
116958,Female,Loyal Customer,31,Business travel,Eco,325,2,2,3,2,2,2,2,2,2,5,3,3,3,2,2,0.0,neutral or dissatisfied
43541,Female,Loyal Customer,66,Personal Travel,Eco,643,2,5,2,4,4,5,5,3,3,2,3,3,3,3,0,0.0,neutral or dissatisfied
100916,Female,Loyal Customer,54,Business travel,Eco Plus,377,4,2,2,2,5,4,4,4,4,4,4,1,4,2,7,16.0,neutral or dissatisfied
45913,Female,Loyal Customer,42,Business travel,Eco,563,4,1,1,1,2,3,1,4,4,4,4,5,4,3,3,0.0,satisfied
110085,Male,Loyal Customer,38,Business travel,Business,2868,2,2,2,2,4,4,4,5,5,5,5,5,5,4,0,0.0,satisfied
85852,Female,Loyal Customer,28,Business travel,Eco Plus,666,3,4,1,4,3,3,3,3,4,2,3,3,4,3,15,8.0,neutral or dissatisfied
6632,Male,Loyal Customer,60,Personal Travel,Eco,719,1,4,1,2,2,1,2,2,5,2,5,5,4,2,0,0.0,neutral or dissatisfied
16347,Male,Loyal Customer,17,Business travel,Eco,160,4,5,5,5,4,4,3,4,3,3,4,3,4,4,0,0.0,neutral or dissatisfied
66573,Female,Loyal Customer,47,Business travel,Business,624,2,2,4,2,4,5,4,5,5,5,5,4,5,3,39,36.0,satisfied
63607,Female,disloyal Customer,41,Business travel,Eco,1440,3,3,3,3,3,3,3,3,3,5,4,2,3,3,9,0.0,neutral or dissatisfied
82535,Male,Loyal Customer,43,Business travel,Business,629,4,4,4,4,5,4,4,4,4,4,4,3,4,4,63,50.0,satisfied
85919,Female,Loyal Customer,35,Personal Travel,Eco,674,2,4,2,3,4,2,4,4,4,3,5,4,4,4,130,119.0,neutral or dissatisfied
27608,Female,Loyal Customer,54,Personal Travel,Eco,937,4,4,4,4,5,5,5,2,2,4,4,5,2,5,0,0.0,neutral or dissatisfied
128556,Male,Loyal Customer,15,Business travel,Business,1800,1,1,1,1,4,4,4,4,4,5,5,4,5,4,0,0.0,satisfied
55166,Male,Loyal Customer,67,Personal Travel,Eco,1608,2,5,3,2,2,3,2,2,5,5,5,4,5,2,0,1.0,neutral or dissatisfied
16198,Male,Loyal Customer,65,Personal Travel,Eco,199,2,4,0,2,4,0,4,4,3,3,4,3,5,4,0,12.0,neutral or dissatisfied
85449,Female,Loyal Customer,26,Business travel,Business,1607,3,1,3,1,2,2,3,2,4,5,3,4,3,2,8,9.0,neutral or dissatisfied
87163,Male,Loyal Customer,44,Business travel,Business,946,1,1,1,1,5,5,4,5,5,5,5,3,5,3,28,2.0,satisfied
91058,Male,Loyal Customer,57,Personal Travel,Eco,270,3,5,0,3,4,0,5,4,4,3,5,5,4,4,28,18.0,neutral or dissatisfied
109401,Male,Loyal Customer,24,Business travel,Eco Plus,1189,2,2,5,2,2,2,1,2,1,3,3,3,3,2,8,0.0,neutral or dissatisfied
80242,Male,Loyal Customer,40,Business travel,Business,2214,4,4,4,4,2,5,5,3,3,3,3,5,3,5,0,0.0,satisfied
75596,Male,Loyal Customer,27,Personal Travel,Eco,337,5,5,5,5,3,5,3,3,5,2,5,3,4,3,1,0.0,satisfied
128353,Female,Loyal Customer,41,Business travel,Business,325,3,3,3,3,3,5,4,5,5,5,5,5,5,3,0,0.0,satisfied
102592,Female,Loyal Customer,36,Business travel,Eco Plus,258,5,4,4,4,5,5,5,5,5,2,5,5,5,5,12,9.0,satisfied
11385,Male,Loyal Customer,42,Business travel,Business,3866,4,4,4,4,3,5,4,5,5,5,5,5,5,5,44,41.0,satisfied
103658,Male,Loyal Customer,39,Business travel,Business,2336,3,3,3,3,3,5,5,4,4,4,4,5,4,4,0,0.0,satisfied
38473,Female,disloyal Customer,21,Business travel,Eco,846,3,3,3,2,1,3,1,1,2,1,3,4,3,1,0,0.0,neutral or dissatisfied
104627,Male,Loyal Customer,47,Business travel,Business,861,2,2,3,2,2,3,3,2,2,2,2,4,2,3,0,7.0,neutral or dissatisfied
6119,Female,Loyal Customer,46,Business travel,Business,2407,3,3,3,3,2,5,5,4,4,5,4,4,4,5,0,0.0,satisfied
103605,Male,Loyal Customer,64,Business travel,Business,3607,2,1,1,1,3,4,3,2,2,2,2,4,2,3,0,2.0,neutral or dissatisfied
63232,Female,Loyal Customer,49,Business travel,Business,2119,2,2,2,2,2,4,5,5,5,5,5,3,5,5,0,0.0,satisfied
22575,Male,Loyal Customer,51,Business travel,Business,3358,0,0,0,3,2,5,3,4,4,4,4,1,4,3,31,24.0,satisfied
67655,Male,Loyal Customer,41,Business travel,Business,1205,3,4,4,4,2,4,4,3,3,4,3,1,3,3,0,0.0,neutral or dissatisfied
103454,Female,Loyal Customer,37,Business travel,Business,1752,3,3,3,3,1,4,3,3,3,3,3,4,3,2,0,0.0,neutral or dissatisfied
715,Male,Loyal Customer,35,Business travel,Business,3640,4,4,4,4,2,4,5,5,5,5,5,4,5,4,31,47.0,satisfied
75833,Female,Loyal Customer,54,Business travel,Business,1440,4,4,4,4,3,4,4,4,4,4,4,3,4,4,12,0.0,satisfied
114873,Male,Loyal Customer,51,Business travel,Business,373,5,5,5,5,3,4,5,5,5,5,5,3,5,3,1,9.0,satisfied
5983,Male,Loyal Customer,35,Business travel,Business,2999,2,3,2,2,5,4,4,4,4,4,4,4,4,4,39,30.0,satisfied
60399,Male,Loyal Customer,12,Personal Travel,Eco,1476,1,4,1,1,4,1,1,4,4,2,4,4,4,4,69,85.0,neutral or dissatisfied
112061,Female,Loyal Customer,31,Business travel,Eco,1754,2,1,1,1,2,2,2,2,4,4,3,4,3,2,27,32.0,neutral or dissatisfied
127993,Male,Loyal Customer,54,Business travel,Business,1488,3,3,3,3,5,5,5,5,5,5,5,4,5,3,1,6.0,satisfied
5036,Male,Loyal Customer,36,Business travel,Business,3163,4,4,4,4,5,4,4,4,4,4,4,4,4,3,102,103.0,satisfied
17155,Female,Loyal Customer,55,Business travel,Business,2375,3,3,3,3,5,3,4,3,3,2,3,2,3,1,0,4.0,neutral or dissatisfied
122735,Male,disloyal Customer,29,Business travel,Eco,651,3,4,3,4,1,3,1,1,4,2,3,2,3,1,0,0.0,neutral or dissatisfied
103498,Female,Loyal Customer,31,Business travel,Business,1047,2,2,2,2,5,5,5,5,3,2,5,3,5,5,65,63.0,satisfied
119535,Male,Loyal Customer,54,Personal Travel,Eco,814,4,2,4,3,4,4,4,4,2,2,4,2,3,4,0,16.0,neutral or dissatisfied
31328,Male,Loyal Customer,42,Personal Travel,Eco,1123,1,5,2,3,5,2,3,5,4,4,5,4,5,5,0,0.0,neutral or dissatisfied
77052,Male,Loyal Customer,29,Personal Travel,Eco,920,2,4,2,2,3,2,3,3,5,3,4,5,5,3,0,0.0,neutral or dissatisfied
76980,Female,Loyal Customer,52,Personal Travel,Eco,1969,3,4,3,3,1,4,4,4,4,3,4,4,4,4,0,0.0,neutral or dissatisfied
19820,Female,Loyal Customer,62,Business travel,Eco,413,4,4,4,4,2,4,3,4,4,4,4,4,4,4,23,27.0,satisfied
56888,Male,disloyal Customer,22,Business travel,Business,2565,4,0,4,3,4,1,1,4,2,3,4,1,5,1,0,11.0,satisfied
79457,Male,Loyal Customer,27,Business travel,Business,2251,3,3,3,3,4,4,4,4,4,2,4,3,4,4,0,0.0,satisfied
36827,Male,Loyal Customer,23,Business travel,Business,2167,4,4,4,4,4,4,4,4,5,3,2,1,5,4,0,0.0,satisfied
100398,Female,Loyal Customer,43,Business travel,Business,1052,2,2,2,2,2,4,5,5,5,5,5,4,5,5,77,119.0,satisfied
21040,Male,Loyal Customer,38,Business travel,Business,1836,5,5,2,5,2,5,1,5,5,5,5,3,5,2,0,0.0,satisfied
26041,Male,Loyal Customer,40,Business travel,Business,432,5,5,1,5,5,1,5,4,4,4,4,4,4,1,6,0.0,satisfied
103428,Female,Loyal Customer,61,Personal Travel,Eco,237,3,5,3,3,4,4,4,5,5,3,1,3,5,5,16,6.0,neutral or dissatisfied
108752,Male,Loyal Customer,41,Business travel,Business,581,2,2,2,2,3,5,4,5,5,5,5,4,5,3,0,0.0,satisfied
13433,Female,disloyal Customer,45,Business travel,Eco,409,3,5,3,2,3,3,3,3,1,4,5,3,2,3,0,0.0,neutral or dissatisfied
113717,Female,Loyal Customer,49,Personal Travel,Eco,386,3,5,3,1,4,5,5,1,1,3,1,4,1,4,0,0.0,neutral or dissatisfied
124285,Male,Loyal Customer,54,Business travel,Business,2671,3,3,3,3,3,5,4,4,4,4,4,3,4,4,0,0.0,satisfied
85034,Male,Loyal Customer,66,Personal Travel,Eco,1590,1,5,1,3,2,1,2,2,3,4,5,5,5,2,0,0.0,neutral or dissatisfied
49653,Female,Loyal Customer,51,Business travel,Eco,109,5,4,4,4,1,1,3,5,5,5,5,3,5,5,0,0.0,satisfied
123514,Male,Loyal Customer,27,Personal Travel,Eco,2296,3,4,2,1,2,5,5,3,3,3,4,5,3,5,132,167.0,neutral or dissatisfied
79347,Female,Loyal Customer,34,Personal Travel,Eco,1020,0,4,0,3,4,0,4,4,4,3,1,2,5,4,4,0.0,satisfied
43341,Male,Loyal Customer,23,Business travel,Business,3402,4,4,4,4,4,4,4,4,5,2,5,4,2,4,0,0.0,satisfied
16260,Male,Loyal Customer,20,Business travel,Business,3387,2,2,2,2,5,5,5,5,1,5,5,1,4,5,13,12.0,satisfied
21129,Male,Loyal Customer,61,Personal Travel,Eco,227,3,4,0,3,4,0,4,4,3,5,5,5,4,4,0,0.0,neutral or dissatisfied
112663,Male,Loyal Customer,39,Business travel,Business,2429,3,3,4,3,2,5,4,5,5,4,5,5,5,5,27,21.0,satisfied
1136,Male,Loyal Customer,28,Personal Travel,Eco,89,3,4,3,3,2,3,2,2,3,2,2,1,3,2,0,0.0,neutral or dissatisfied
10426,Female,Loyal Customer,52,Business travel,Business,3089,0,0,0,1,2,4,4,5,5,2,2,4,5,4,15,18.0,satisfied
89565,Male,Loyal Customer,26,Business travel,Business,1076,1,1,2,1,5,5,5,5,4,5,4,5,4,5,0,0.0,satisfied
41928,Male,Loyal Customer,8,Personal Travel,Eco,129,1,1,1,3,4,1,4,4,4,3,5,2,4,4,4,9.0,neutral or dissatisfied
117398,Male,Loyal Customer,45,Business travel,Business,3130,3,3,3,3,4,4,4,4,4,4,4,4,4,5,0,3.0,satisfied
75154,Female,Loyal Customer,58,Business travel,Business,1829,3,3,3,3,5,3,4,5,5,5,5,3,5,3,0,0.0,satisfied
107172,Female,disloyal Customer,27,Business travel,Business,402,1,1,1,4,2,1,2,2,3,3,5,3,4,2,14,0.0,neutral or dissatisfied
57641,Female,Loyal Customer,44,Business travel,Business,1767,0,5,0,1,5,5,4,5,5,5,5,3,5,3,0,0.0,satisfied
106033,Female,Loyal Customer,29,Personal Travel,Eco,682,3,5,3,3,4,3,4,4,4,2,5,3,4,4,11,16.0,neutral or dissatisfied
21448,Female,Loyal Customer,49,Business travel,Business,3351,2,2,2,2,3,2,1,5,5,5,5,4,5,2,0,0.0,satisfied
92132,Male,Loyal Customer,33,Personal Travel,Eco,1532,1,1,1,2,5,1,5,5,1,1,2,3,2,5,0,0.0,neutral or dissatisfied
2823,Female,Loyal Customer,41,Business travel,Business,409,3,3,3,3,5,5,5,5,5,5,5,3,5,3,0,28.0,satisfied
70672,Male,Loyal Customer,35,Business travel,Business,2978,4,4,4,4,4,3,4,4,4,4,4,4,4,4,13,12.0,neutral or dissatisfied
39946,Male,Loyal Customer,48,Personal Travel,Eco,1086,3,2,3,4,2,3,2,2,3,5,3,1,4,2,12,0.0,neutral or dissatisfied
116524,Male,Loyal Customer,40,Personal Travel,Eco,358,2,5,2,4,2,3,3,4,4,4,5,3,5,3,162,151.0,neutral or dissatisfied
114730,Female,Loyal Customer,39,Business travel,Business,333,4,4,4,4,2,5,5,5,5,5,5,4,5,5,0,0.0,satisfied
12069,Male,Loyal Customer,30,Personal Travel,Eco,376,3,5,3,2,5,3,5,5,4,4,4,5,4,5,17,17.0,neutral or dissatisfied
110414,Female,Loyal Customer,15,Business travel,Business,3580,1,3,3,3,1,1,1,1,3,1,3,4,4,1,8,9.0,neutral or dissatisfied
40965,Male,disloyal Customer,10,Business travel,Eco,601,4,5,4,2,2,4,2,2,5,3,3,5,1,2,0,0.0,satisfied
110619,Female,Loyal Customer,43,Business travel,Business,719,3,5,5,5,4,3,3,2,1,3,2,3,1,3,130,134.0,neutral or dissatisfied
64441,Male,Loyal Customer,41,Business travel,Business,989,4,4,4,4,2,5,5,5,5,5,5,4,5,4,0,0.0,satisfied
59001,Female,disloyal Customer,40,Business travel,Business,908,5,5,5,2,3,5,2,3,5,5,4,3,4,3,12,28.0,satisfied
54291,Male,disloyal Customer,20,Business travel,Eco,1075,4,4,4,2,2,4,2,2,2,1,2,2,1,2,0,0.0,neutral or dissatisfied
66383,Female,disloyal Customer,30,Business travel,Business,1562,3,3,3,3,5,3,1,5,3,2,4,3,4,5,0,0.0,neutral or dissatisfied
99525,Female,disloyal Customer,25,Business travel,Business,528,5,0,5,2,2,5,2,2,5,2,5,4,4,2,0,0.0,satisfied
19847,Male,disloyal Customer,24,Business travel,Eco,585,3,3,3,3,3,2,4,2,4,4,3,4,4,4,147,155.0,neutral or dissatisfied
70749,Male,Loyal Customer,47,Business travel,Business,675,5,5,5,5,5,4,4,3,3,3,3,4,3,3,0,0.0,satisfied
14100,Female,Loyal Customer,69,Personal Travel,Eco,399,3,2,3,3,2,3,2,3,3,3,3,2,3,4,8,12.0,neutral or dissatisfied
8279,Female,Loyal Customer,10,Personal Travel,Eco,125,2,4,2,4,3,2,3,3,2,5,4,4,4,3,17,,neutral or dissatisfied
40408,Male,Loyal Customer,41,Business travel,Eco,188,5,5,5,5,5,5,5,5,2,5,5,3,4,5,0,0.0,satisfied
86193,Female,Loyal Customer,18,Business travel,Business,2872,5,5,5,5,5,5,5,5,4,2,4,4,4,5,0,0.0,satisfied
104083,Male,Loyal Customer,47,Personal Travel,Eco,666,2,4,2,3,2,2,2,2,4,2,5,5,5,2,0,0.0,neutral or dissatisfied
123577,Female,Loyal Customer,58,Business travel,Business,273,5,5,5,5,1,2,5,5,5,5,5,1,5,4,0,0.0,satisfied
41976,Female,Loyal Customer,9,Personal Travel,Eco,525,1,5,1,2,3,1,3,3,3,4,4,3,2,3,0,0.0,neutral or dissatisfied
128483,Male,Loyal Customer,17,Personal Travel,Eco,647,3,4,3,5,5,3,5,5,5,1,5,5,4,5,0,1.0,neutral or dissatisfied
75627,Male,Loyal Customer,56,Business travel,Business,337,0,0,0,2,2,4,4,2,2,2,2,4,2,3,0,0.0,satisfied
95523,Female,disloyal Customer,41,Business travel,Business,189,3,3,3,4,5,3,5,5,1,1,3,3,3,5,0,0.0,neutral or dissatisfied
66185,Female,Loyal Customer,25,Business travel,Business,2585,5,5,5,5,4,4,4,4,4,3,5,4,5,4,6,0.0,satisfied
101994,Male,Loyal Customer,44,Personal Travel,Eco,628,2,5,2,3,5,2,4,5,5,5,5,3,4,5,0,34.0,neutral or dissatisfied
90709,Female,Loyal Customer,44,Business travel,Eco,270,3,3,3,3,1,4,3,3,3,3,3,4,3,1,0,0.0,neutral or dissatisfied
113240,Female,Loyal Customer,22,Personal Travel,Business,258,2,3,2,5,5,2,3,5,1,5,1,4,4,5,8,11.0,neutral or dissatisfied
90860,Male,Loyal Customer,62,Business travel,Business,2932,4,4,4,4,2,4,3,4,4,4,4,2,4,4,1,6.0,neutral or dissatisfied
8123,Female,disloyal Customer,23,Business travel,Eco,125,2,2,2,3,4,2,4,4,3,5,3,2,3,4,0,1.0,neutral or dissatisfied
116967,Male,disloyal Customer,26,Business travel,Business,621,5,5,5,3,3,5,3,3,5,5,4,5,5,3,68,54.0,satisfied
11186,Female,Loyal Customer,15,Personal Travel,Eco,458,3,4,3,3,2,3,2,2,5,5,5,4,3,2,8,1.0,neutral or dissatisfied
78693,Female,Loyal Customer,46,Business travel,Business,3425,1,1,5,1,5,5,4,4,4,4,4,4,4,4,0,0.0,satisfied
80437,Male,Loyal Customer,47,Personal Travel,Eco,2248,2,5,2,3,5,2,5,5,1,3,4,5,4,5,4,0.0,neutral or dissatisfied
26871,Male,Loyal Customer,26,Business travel,Eco,2329,5,5,5,5,5,4,5,5,1,5,5,2,1,5,0,0.0,satisfied
51963,Male,Loyal Customer,50,Business travel,Eco,347,4,3,3,3,4,4,4,4,2,5,4,4,5,4,0,1.0,satisfied
118551,Male,Loyal Customer,47,Business travel,Business,1718,2,2,2,2,3,5,5,3,3,4,3,5,3,3,0,0.0,satisfied
103772,Female,Loyal Customer,15,Personal Travel,Business,1072,2,5,2,4,5,2,5,5,5,5,4,5,5,5,0,0.0,neutral or dissatisfied
41711,Female,disloyal Customer,28,Business travel,Eco,1404,1,1,1,5,5,1,5,5,4,5,4,3,2,5,0,0.0,neutral or dissatisfied
106110,Female,disloyal Customer,29,Business travel,Business,302,2,2,2,4,2,2,2,2,4,3,5,4,5,2,0,0.0,neutral or dissatisfied
97509,Female,Loyal Customer,71,Business travel,Eco Plus,670,2,2,2,2,2,4,4,2,2,2,2,2,2,1,0,0.0,neutral or dissatisfied
90567,Female,Loyal Customer,42,Business travel,Business,2034,5,5,5,5,4,4,4,4,4,4,4,4,4,5,0,0.0,satisfied
111421,Female,Loyal Customer,51,Business travel,Business,2423,3,3,1,3,4,5,5,4,4,4,4,5,4,4,0,0.0,satisfied
119746,Male,Loyal Customer,7,Personal Travel,Eco,1303,3,4,3,4,4,3,2,4,4,4,3,5,4,4,2,0.0,neutral or dissatisfied
54271,Female,Loyal Customer,34,Personal Travel,Eco,1222,1,5,1,1,3,1,3,3,1,5,1,1,5,3,0,0.0,neutral or dissatisfied
28223,Male,Loyal Customer,8,Personal Travel,Eco Plus,834,1,5,1,4,3,1,3,3,5,4,4,4,5,3,0,21.0,neutral or dissatisfied
88336,Female,disloyal Customer,21,Business travel,Eco,581,4,0,4,2,5,4,5,5,4,4,5,5,4,5,0,2.0,neutral or dissatisfied
60521,Female,Loyal Customer,44,Personal Travel,Eco,862,3,5,3,5,5,5,4,3,3,3,3,5,3,3,12,9.0,neutral or dissatisfied
7226,Male,Loyal Customer,44,Business travel,Business,116,4,1,1,1,4,3,4,1,1,2,4,4,1,4,0,2.0,neutral or dissatisfied
71703,Female,Loyal Customer,34,Business travel,Eco Plus,1144,5,4,4,4,5,4,5,5,1,2,1,2,4,5,0,0.0,satisfied
35809,Female,Loyal Customer,33,Business travel,Business,937,5,5,5,5,5,4,5,5,5,5,5,4,5,2,0,0.0,satisfied
34561,Male,Loyal Customer,50,Business travel,Eco,1617,4,2,5,5,3,4,3,3,4,4,5,5,3,3,0,0.0,satisfied
58223,Female,Loyal Customer,17,Personal Travel,Eco,925,2,3,2,4,3,2,5,3,2,3,4,5,5,3,0,0.0,neutral or dissatisfied
23912,Female,disloyal Customer,38,Business travel,Eco,189,3,0,3,3,1,3,1,1,1,5,4,5,5,1,0,2.0,neutral or dissatisfied
9734,Male,Loyal Customer,26,Personal Travel,Eco,926,2,5,2,1,2,5,5,4,5,4,4,5,3,5,138,144.0,neutral or dissatisfied
122756,Female,Loyal Customer,54,Personal Travel,Eco,651,4,4,4,2,4,1,1,1,1,4,1,3,1,1,0,0.0,neutral or dissatisfied
216,Female,Loyal Customer,35,Personal Travel,Eco,213,0,3,0,4,3,0,3,3,4,3,4,3,4,3,0,2.0,satisfied
17474,Male,disloyal Customer,26,Business travel,Eco,241,2,2,2,3,4,2,4,4,4,2,4,3,4,4,0,0.0,neutral or dissatisfied
99052,Female,Loyal Customer,44,Business travel,Business,181,3,3,3,3,3,4,4,5,5,5,4,3,5,4,4,3.0,satisfied
112519,Female,Loyal Customer,48,Personal Travel,Eco,957,2,5,3,4,3,5,5,1,1,3,1,5,1,4,35,25.0,neutral or dissatisfied
55333,Male,Loyal Customer,22,Personal Travel,Eco,1325,3,5,3,2,3,3,3,4,2,5,4,3,3,3,97,143.0,neutral or dissatisfied
26432,Male,Loyal Customer,32,Business travel,Business,3771,1,1,1,1,2,2,2,2,4,2,2,5,2,2,0,0.0,satisfied
51754,Female,Loyal Customer,10,Personal Travel,Eco,493,3,5,3,3,3,3,3,3,3,4,5,5,4,3,0,0.0,neutral or dissatisfied
51311,Female,Loyal Customer,52,Business travel,Eco Plus,363,2,2,2,2,5,3,4,2,2,2,2,2,2,2,0,0.0,neutral or dissatisfied
95172,Female,Loyal Customer,30,Personal Travel,Eco,528,1,5,2,2,2,2,2,2,5,1,5,4,4,2,0,0.0,neutral or dissatisfied
37290,Male,Loyal Customer,31,Business travel,Business,1671,4,4,5,4,4,4,4,4,5,2,4,5,5,4,16,44.0,satisfied
111041,Male,disloyal Customer,21,Business travel,Eco,268,2,2,2,4,5,2,5,5,2,3,3,4,4,5,13,13.0,neutral or dissatisfied
38718,Female,Loyal Customer,36,Personal Travel,Eco Plus,2342,3,3,3,1,5,3,5,5,3,2,3,2,1,5,58,36.0,neutral or dissatisfied
25005,Female,Loyal Customer,43,Personal Travel,Eco,692,1,3,0,4,5,3,4,1,1,0,1,3,1,3,0,0.0,neutral or dissatisfied
120575,Male,Loyal Customer,69,Personal Travel,Eco Plus,2176,2,2,2,3,4,2,4,4,3,4,4,2,3,4,58,89.0,neutral or dissatisfied
85298,Female,Loyal Customer,50,Personal Travel,Eco,689,3,2,3,4,3,4,3,2,2,3,2,3,2,2,0,0.0,neutral or dissatisfied
99678,Female,Loyal Customer,43,Business travel,Business,442,4,4,2,4,5,5,4,4,4,5,4,5,4,3,2,4.0,satisfied
71859,Male,disloyal Customer,37,Business travel,Eco,244,3,5,3,4,3,3,3,3,5,3,3,1,4,3,3,0.0,neutral or dissatisfied
52627,Female,Loyal Customer,32,Business travel,Business,2416,5,5,5,5,4,4,5,4,2,5,3,3,2,4,0,3.0,satisfied
27160,Female,disloyal Customer,21,Business travel,Eco,785,4,4,4,3,4,3,3,4,2,3,2,3,3,3,0,0.0,neutral or dissatisfied
50756,Female,Loyal Customer,52,Personal Travel,Eco,77,4,5,0,4,4,5,5,4,4,0,4,4,4,4,8,5.0,neutral or dissatisfied
22350,Female,disloyal Customer,39,Business travel,Eco,143,4,4,4,2,1,4,1,1,2,5,2,5,1,1,2,0.0,satisfied
99207,Male,Loyal Customer,51,Business travel,Eco Plus,583,2,3,1,3,2,2,2,2,2,3,4,4,3,2,3,0.0,neutral or dissatisfied
2182,Female,Loyal Customer,44,Business travel,Eco,624,3,1,1,1,4,1,1,2,2,3,2,3,2,3,0,11.0,neutral or dissatisfied
14840,Male,Loyal Customer,45,Business travel,Business,2587,4,4,2,4,3,4,5,4,4,4,4,4,4,4,0,0.0,satisfied
16778,Male,Loyal Customer,22,Personal Travel,Eco,642,2,5,2,2,1,2,1,1,4,2,5,5,5,1,0,3.0,neutral or dissatisfied
120697,Female,Loyal Customer,62,Personal Travel,Eco,280,1,5,1,2,3,5,4,4,4,1,4,4,4,4,0,0.0,neutral or dissatisfied
112464,Female,disloyal Customer,21,Business travel,Business,548,5,0,5,2,2,5,2,2,3,3,4,2,4,2,0,0.0,satisfied
108703,Male,Loyal Customer,41,Personal Travel,Business,425,2,2,3,3,3,3,3,1,1,3,1,4,1,4,26,11.0,neutral or dissatisfied
70886,Female,Loyal Customer,30,Business travel,Business,1721,3,3,3,3,3,3,3,3,1,4,3,2,2,3,0,0.0,neutral or dissatisfied
114507,Male,Loyal Customer,37,Business travel,Business,3869,0,0,0,3,3,5,5,2,2,5,5,5,2,3,0,0.0,satisfied
92486,Female,Loyal Customer,55,Business travel,Eco,2092,1,3,4,4,1,4,4,2,2,1,2,1,2,3,36,10.0,neutral or dissatisfied
19926,Female,Loyal Customer,17,Personal Travel,Eco,315,5,5,5,2,2,5,2,2,5,3,4,3,4,2,0,15.0,satisfied
82304,Female,Loyal Customer,52,Business travel,Eco,986,2,1,1,1,4,4,4,2,2,2,2,3,2,3,0,0.0,neutral or dissatisfied
92067,Male,Loyal Customer,18,Business travel,Business,1589,3,3,1,3,2,2,2,2,3,2,3,5,5,2,2,0.0,satisfied
5486,Female,Loyal Customer,8,Business travel,Business,910,4,4,4,4,4,4,4,4,2,1,4,3,4,4,0,19.0,neutral or dissatisfied
15544,Female,Loyal Customer,52,Business travel,Business,296,4,4,4,4,4,5,5,4,2,5,5,5,4,5,151,225.0,satisfied
53876,Female,Loyal Customer,49,Business travel,Eco,140,3,2,2,2,4,3,4,3,3,3,3,3,3,4,0,0.0,neutral or dissatisfied
88588,Female,Loyal Customer,41,Personal Travel,Eco,404,5,4,5,1,2,5,2,2,5,2,4,5,5,2,0,0.0,satisfied
105582,Male,Loyal Customer,39,Personal Travel,Eco,577,2,4,2,1,1,2,1,1,4,3,4,5,4,1,15,40.0,neutral or dissatisfied
10120,Female,Loyal Customer,27,Personal Travel,Eco,984,3,4,3,1,5,3,2,5,3,2,5,5,4,5,0,0.0,neutral or dissatisfied
8204,Male,Loyal Customer,48,Business travel,Eco,402,3,3,3,3,2,3,2,2,1,5,4,4,3,2,0,6.0,neutral or dissatisfied
47991,Female,disloyal Customer,27,Business travel,Eco Plus,550,4,3,3,2,3,3,3,3,5,4,1,1,2,3,0,0.0,neutral or dissatisfied
62544,Male,disloyal Customer,29,Business travel,Eco,1020,4,4,4,4,4,4,4,4,1,4,3,3,3,4,3,0.0,neutral or dissatisfied
97359,Male,disloyal Customer,21,Business travel,Eco,620,4,1,4,4,5,4,5,5,4,3,3,2,4,5,8,23.0,neutral or dissatisfied
96446,Male,Loyal Customer,48,Business travel,Business,302,0,0,0,4,3,4,4,2,2,2,2,5,2,4,0,2.0,satisfied
84045,Male,Loyal Customer,31,Business travel,Business,757,2,2,2,2,2,2,2,2,4,2,5,4,4,2,3,0.0,satisfied
26582,Female,disloyal Customer,41,Business travel,Eco,581,3,0,3,1,3,3,3,3,2,2,4,3,1,3,0,0.0,neutral or dissatisfied
62942,Female,Loyal Customer,28,Business travel,Business,862,1,1,1,1,5,5,5,5,3,4,4,5,5,5,65,47.0,satisfied
22224,Male,Loyal Customer,52,Business travel,Eco Plus,565,5,3,3,3,5,5,5,5,1,1,1,5,4,5,10,0.0,satisfied
104119,Female,Loyal Customer,48,Business travel,Business,2205,3,3,3,3,5,5,5,5,5,5,5,3,5,3,0,0.0,satisfied
80215,Female,Loyal Customer,26,Business travel,Business,2153,1,1,5,1,5,5,5,5,3,4,3,5,5,5,22,20.0,satisfied
15650,Female,disloyal Customer,23,Business travel,Eco,292,3,2,3,3,4,3,4,4,4,2,4,4,3,4,111,113.0,neutral or dissatisfied
84266,Male,Loyal Customer,46,Business travel,Business,334,5,4,5,5,2,4,5,5,5,5,5,4,5,4,0,0.0,satisfied
79940,Female,Loyal Customer,19,Business travel,Business,1089,4,4,4,4,4,4,4,4,3,5,4,4,3,4,2,0.0,neutral or dissatisfied
18495,Female,Loyal Customer,58,Business travel,Business,1917,0,0,0,2,4,3,1,3,3,3,3,2,3,2,0,16.0,satisfied
14677,Male,Loyal Customer,66,Personal Travel,Eco,416,4,3,4,2,4,4,1,4,4,2,3,4,4,4,28,22.0,neutral or dissatisfied
69246,Male,Loyal Customer,11,Business travel,Business,733,2,1,2,2,2,2,2,2,2,2,4,1,3,2,0,0.0,neutral or dissatisfied
104239,Male,Loyal Customer,28,Business travel,Business,2307,2,2,2,2,5,5,5,5,4,2,4,4,5,5,2,8.0,satisfied
58882,Female,Loyal Customer,41,Business travel,Eco,888,3,3,3,3,3,3,3,3,2,1,4,2,3,3,13,0.0,neutral or dissatisfied
85868,Male,Loyal Customer,46,Business travel,Business,2172,5,5,5,5,3,4,4,4,4,4,4,3,4,3,17,5.0,satisfied
36745,Female,Loyal Customer,34,Personal Travel,Business,2704,4,1,4,4,4,1,5,3,5,2,4,5,4,5,0,0.0,neutral or dissatisfied
74347,Female,Loyal Customer,15,Personal Travel,Business,1235,1,5,0,2,1,0,1,1,4,2,4,5,4,1,0,1.0,neutral or dissatisfied
1396,Male,Loyal Customer,29,Personal Travel,Eco Plus,134,2,3,0,3,5,0,5,5,3,5,3,2,4,5,0,0.0,neutral or dissatisfied
52386,Female,Loyal Customer,15,Personal Travel,Eco,261,3,1,3,1,2,3,2,2,4,4,2,2,2,2,0,0.0,neutral or dissatisfied
24154,Male,disloyal Customer,33,Business travel,Eco,170,1,3,1,2,4,1,4,4,1,5,1,4,3,4,15,18.0,neutral or dissatisfied
6144,Female,Loyal Customer,43,Business travel,Business,491,3,3,3,3,2,5,5,4,4,5,4,3,4,3,0,0.0,satisfied
120946,Male,disloyal Customer,25,Business travel,Business,951,4,0,4,3,3,4,3,3,3,3,4,3,4,3,1,0.0,satisfied
66838,Female,Loyal Customer,36,Business travel,Eco,731,3,4,1,1,3,3,3,3,2,2,4,4,4,3,61,57.0,neutral or dissatisfied
111970,Male,Loyal Customer,42,Business travel,Business,3375,2,2,2,2,2,4,5,5,5,5,5,4,5,5,0,0.0,satisfied
71532,Female,Loyal Customer,47,Business travel,Business,3024,4,4,4,4,3,4,5,5,5,5,5,4,5,5,18,8.0,satisfied
100467,Female,Loyal Customer,35,Business travel,Business,580,2,2,2,2,2,5,4,4,4,4,4,3,4,4,0,6.0,satisfied
52567,Female,Loyal Customer,39,Business travel,Business,119,4,4,4,4,5,3,2,5,5,5,3,3,5,2,0,0.0,satisfied
8239,Female,Loyal Customer,44,Personal Travel,Eco,125,2,3,2,3,3,2,2,5,5,2,5,4,5,2,0,0.0,neutral or dissatisfied
91064,Female,Loyal Customer,33,Personal Travel,Eco,444,4,4,4,2,2,4,2,2,3,5,4,4,5,2,0,1.0,neutral or dissatisfied
10192,Female,Loyal Customer,44,Business travel,Business,3578,2,5,2,2,4,5,4,4,4,4,4,3,4,3,14,4.0,satisfied
88841,Female,Loyal Customer,63,Personal Travel,Eco Plus,270,2,5,2,2,5,5,4,4,4,2,4,5,4,4,3,0.0,neutral or dissatisfied
1286,Male,Loyal Customer,11,Personal Travel,Eco,102,1,3,1,1,5,1,5,5,4,5,3,2,5,5,0,0.0,neutral or dissatisfied
57190,Female,Loyal Customer,47,Personal Travel,Eco Plus,2227,5,4,5,3,2,4,5,3,3,5,3,3,3,3,0,1.0,satisfied
67934,Female,Loyal Customer,37,Personal Travel,Eco,1188,2,2,2,3,2,2,2,2,2,1,4,4,4,2,0,0.0,neutral or dissatisfied
98363,Male,Loyal Customer,23,Business travel,Business,3612,3,2,2,2,3,3,3,3,2,2,4,2,4,3,39,39.0,neutral or dissatisfied
60022,Male,Loyal Customer,37,Personal Travel,Eco,1023,3,4,3,5,5,3,4,5,4,2,2,5,5,5,0,0.0,neutral or dissatisfied
98002,Female,Loyal Customer,18,Personal Travel,Eco Plus,616,1,4,1,1,1,2,2,3,3,5,4,2,3,2,199,196.0,neutral or dissatisfied
102445,Male,Loyal Customer,32,Personal Travel,Eco,223,3,5,3,2,2,3,5,2,4,5,5,4,4,2,0,0.0,neutral or dissatisfied
47108,Female,Loyal Customer,34,Business travel,Business,1569,1,1,1,1,4,2,2,4,4,4,4,5,4,1,4,,satisfied
103136,Female,Loyal Customer,29,Business travel,Eco Plus,546,4,3,3,3,4,4,4,4,3,4,4,4,4,4,58,60.0,neutral or dissatisfied
91715,Female,Loyal Customer,30,Business travel,Business,2633,2,4,4,4,2,2,2,2,4,1,4,1,3,2,0,0.0,neutral or dissatisfied
69005,Female,disloyal Customer,49,Business travel,Business,1389,2,2,2,3,1,2,1,1,1,2,4,1,4,1,3,13.0,neutral or dissatisfied
128067,Male,Loyal Customer,46,Business travel,Business,2917,1,1,1,1,5,5,5,3,5,3,5,5,4,5,4,9.0,satisfied
122928,Female,Loyal Customer,40,Business travel,Business,3464,1,1,1,1,4,4,5,4,4,4,4,4,4,3,5,8.0,satisfied
72189,Female,Loyal Customer,35,Business travel,Business,594,3,5,5,5,1,3,3,3,3,3,3,1,3,1,0,6.0,neutral or dissatisfied
6523,Female,Loyal Customer,26,Personal Travel,Eco,599,2,0,3,1,3,3,3,3,4,2,4,3,5,3,0,0.0,neutral or dissatisfied
50362,Male,Loyal Customer,54,Business travel,Eco,77,2,1,4,4,3,2,3,3,2,5,4,4,4,3,4,6.0,neutral or dissatisfied
30432,Male,Loyal Customer,22,Business travel,Business,483,2,2,3,2,4,4,4,4,4,3,2,4,3,4,0,0.0,satisfied
16988,Male,Loyal Customer,44,Personal Travel,Eco,610,3,4,3,1,4,3,4,4,5,4,5,4,4,4,0,18.0,neutral or dissatisfied
25613,Female,Loyal Customer,32,Business travel,Business,1574,4,4,4,4,4,4,4,4,2,2,5,2,2,4,49,41.0,satisfied
18256,Male,Loyal Customer,55,Personal Travel,Eco,224,3,4,3,3,3,3,3,3,3,4,4,4,4,3,69,83.0,neutral or dissatisfied
121721,Female,Loyal Customer,14,Personal Travel,Eco,683,3,4,3,1,5,3,5,5,2,4,2,4,1,5,8,9.0,neutral or dissatisfied
52675,Female,Loyal Customer,42,Personal Travel,Eco,160,1,3,1,1,2,4,2,5,5,1,5,4,5,4,0,0.0,neutral or dissatisfied
129321,Female,Loyal Customer,57,Business travel,Business,2586,2,2,2,2,3,5,5,3,3,3,3,3,3,3,0,0.0,satisfied
76314,Male,Loyal Customer,29,Business travel,Business,2182,5,5,5,5,2,2,2,2,4,2,5,5,4,2,1,0.0,satisfied
78714,Female,Loyal Customer,45,Business travel,Business,3575,4,4,4,4,5,5,4,5,5,5,5,4,5,5,0,0.0,satisfied
92772,Male,Loyal Customer,41,Business travel,Business,1671,4,4,4,4,4,3,5,2,2,2,2,5,2,5,13,1.0,satisfied
86518,Male,Loyal Customer,62,Personal Travel,Eco,749,3,4,4,1,4,4,4,4,5,4,4,4,4,4,8,0.0,neutral or dissatisfied
105474,Female,Loyal Customer,46,Business travel,Eco,495,3,3,3,3,1,3,3,3,3,3,3,4,3,3,41,76.0,neutral or dissatisfied
102827,Male,Loyal Customer,39,Personal Travel,Eco Plus,342,3,4,3,2,2,3,2,2,4,2,5,5,4,2,0,0.0,neutral or dissatisfied
45668,Male,Loyal Customer,32,Personal Travel,Eco Plus,406,1,4,1,1,3,1,3,3,5,5,4,3,4,3,0,0.0,neutral or dissatisfied
28762,Female,Loyal Customer,31,Personal Travel,Eco,1024,3,5,3,3,4,3,4,4,5,2,5,4,5,4,0,0.0,neutral or dissatisfied
13526,Male,disloyal Customer,48,Business travel,Business,227,2,3,3,3,5,2,5,5,4,1,4,4,4,5,0,0.0,neutral or dissatisfied
5735,Female,Loyal Customer,28,Personal Travel,Eco Plus,299,4,4,4,4,2,4,2,2,4,3,4,3,4,2,0,0.0,neutral or dissatisfied
95136,Male,Loyal Customer,56,Personal Travel,Eco,458,1,5,1,3,2,1,2,2,4,2,4,5,3,2,0,2.0,neutral or dissatisfied
19384,Female,disloyal Customer,25,Business travel,Eco,844,2,2,2,3,2,1,1,4,5,3,4,1,3,1,127,149.0,neutral or dissatisfied
76928,Male,Loyal Customer,32,Business travel,Eco,1823,2,3,3,3,2,2,2,2,1,5,2,1,4,2,2,0.0,neutral or dissatisfied
117476,Male,Loyal Customer,57,Business travel,Eco,507,1,4,5,5,1,1,1,1,3,1,3,3,2,1,62,63.0,neutral or dissatisfied
122077,Male,Loyal Customer,37,Personal Travel,Eco,185,2,4,0,4,2,0,2,2,1,3,5,3,5,2,0,0.0,neutral or dissatisfied
22008,Female,Loyal Customer,57,Personal Travel,Eco,500,3,4,3,1,4,4,5,3,3,3,3,3,3,3,0,0.0,neutral or dissatisfied
74821,Female,Loyal Customer,27,Personal Travel,Eco Plus,1438,2,4,1,3,5,1,2,5,4,3,3,4,5,5,0,0.0,neutral or dissatisfied
65935,Male,Loyal Customer,55,Personal Travel,Eco,569,2,4,2,3,3,2,3,3,4,3,4,3,5,3,0,0.0,neutral or dissatisfied
117828,Female,Loyal Customer,59,Personal Travel,Eco,328,4,3,4,3,1,3,2,3,3,4,3,1,3,2,7,0.0,neutral or dissatisfied
123707,Female,Loyal Customer,66,Personal Travel,Eco,214,1,0,1,4,5,5,5,5,5,1,3,5,5,5,0,0.0,neutral or dissatisfied
103562,Female,Loyal Customer,62,Business travel,Eco Plus,738,3,3,4,3,1,2,3,3,3,3,3,3,3,2,25,17.0,neutral or dissatisfied
68309,Male,Loyal Customer,54,Personal Travel,Eco,1797,1,4,1,5,5,1,5,5,5,4,4,5,5,5,11,38.0,neutral or dissatisfied
90864,Female,Loyal Customer,19,Business travel,Eco,406,1,5,5,5,1,1,3,1,4,5,3,3,4,1,74,79.0,neutral or dissatisfied
125207,Female,disloyal Customer,40,Business travel,Business,251,1,0,0,2,3,0,3,3,2,1,5,4,1,3,0,0.0,neutral or dissatisfied
49327,Male,Loyal Customer,57,Business travel,Business,89,2,4,4,4,4,3,4,1,1,1,2,4,1,4,0,19.0,neutral or dissatisfied
87657,Male,disloyal Customer,41,Business travel,Business,591,3,3,3,3,1,3,3,1,3,2,4,5,5,1,0,0.0,neutral or dissatisfied
80949,Male,Loyal Customer,67,Business travel,Eco Plus,341,3,1,5,1,3,3,3,3,3,4,2,4,1,3,4,40.0,neutral or dissatisfied
105489,Female,Loyal Customer,59,Business travel,Business,1741,3,3,3,3,3,4,4,5,5,5,5,4,5,5,45,54.0,satisfied
106222,Female,Loyal Customer,47,Business travel,Business,471,5,2,2,2,4,3,4,5,5,4,5,2,5,2,33,26.0,neutral or dissatisfied
84152,Male,Loyal Customer,47,Business travel,Business,3510,3,3,3,3,1,5,2,4,4,4,4,2,4,4,12,0.0,satisfied
90488,Male,Loyal Customer,53,Business travel,Business,3315,3,3,4,3,2,5,5,3,3,4,3,5,3,3,0,0.0,satisfied
98080,Female,Loyal Customer,56,Business travel,Business,3033,1,1,1,1,3,4,4,2,2,2,2,5,2,5,0,0.0,satisfied
102104,Female,disloyal Customer,36,Business travel,Business,407,2,2,2,1,5,2,4,5,3,3,4,5,4,5,8,25.0,neutral or dissatisfied
113615,Female,Loyal Customer,60,Personal Travel,Eco,407,1,4,1,4,2,3,3,2,2,1,5,1,2,4,0,0.0,neutral or dissatisfied
2773,Female,Loyal Customer,45,Business travel,Business,3784,2,2,2,2,5,4,5,5,5,5,5,4,5,5,0,0.0,satisfied
96332,Male,disloyal Customer,66,Business travel,Business,359,1,1,1,3,5,1,4,5,4,2,3,1,3,5,39,30.0,neutral or dissatisfied
12247,Female,Loyal Customer,55,Business travel,Business,190,4,4,4,4,3,1,1,3,3,4,5,3,3,2,120,115.0,satisfied
84389,Female,disloyal Customer,41,Business travel,Business,591,5,5,5,4,4,5,4,4,3,5,5,4,5,4,0,0.0,satisfied
57949,Female,Loyal Customer,55,Business travel,Business,3824,1,1,1,1,5,5,4,4,4,4,4,4,4,3,26,13.0,satisfied
24362,Female,Loyal Customer,40,Business travel,Business,3924,2,2,2,2,4,5,4,4,4,4,4,3,4,3,0,0.0,satisfied
84252,Male,Loyal Customer,44,Business travel,Business,1814,5,5,5,5,3,5,4,4,4,4,4,3,4,5,0,0.0,satisfied
101498,Male,Loyal Customer,37,Business travel,Eco,345,2,5,5,5,2,2,2,2,4,5,4,1,3,2,39,26.0,neutral or dissatisfied
45914,Male,disloyal Customer,30,Business travel,Eco,563,1,1,1,3,3,1,1,3,2,4,3,1,3,3,0,2.0,neutral or dissatisfied
92839,Male,Loyal Customer,39,Personal Travel,Eco,1587,4,5,4,3,4,4,3,4,3,4,5,3,5,4,0,0.0,neutral or dissatisfied
70270,Male,Loyal Customer,30,Business travel,Business,852,2,2,2,2,3,4,3,3,4,2,5,5,5,3,0,0.0,satisfied
37587,Male,Loyal Customer,17,Business travel,Business,2150,1,1,1,1,1,1,1,1,4,5,3,1,4,1,2,0.0,neutral or dissatisfied
106137,Female,Loyal Customer,37,Business travel,Eco,302,4,1,1,1,4,3,4,4,1,3,3,2,3,4,39,43.0,neutral or dissatisfied
118175,Male,Loyal Customer,38,Business travel,Business,1440,4,1,4,4,4,4,4,4,4,5,4,3,4,4,0,0.0,satisfied
86481,Male,Loyal Customer,64,Personal Travel,Eco,762,5,5,5,3,1,5,1,1,3,5,5,3,5,1,31,3.0,satisfied
25633,Female,Loyal Customer,19,Business travel,Business,2496,2,4,4,4,2,2,2,2,3,1,3,2,4,2,0,0.0,neutral or dissatisfied
129235,Male,Loyal Customer,8,Business travel,Business,1464,2,2,2,2,2,3,2,2,1,5,3,1,4,2,0,0.0,neutral or dissatisfied
36135,Female,Loyal Customer,50,Business travel,Eco,1162,2,4,4,4,1,3,4,2,2,2,2,3,2,4,0,1.0,satisfied
95192,Male,Loyal Customer,15,Personal Travel,Eco,323,3,2,3,4,2,3,2,2,1,4,3,2,4,2,98,93.0,neutral or dissatisfied
37598,Male,Loyal Customer,66,Business travel,Eco,550,3,3,3,3,3,3,3,3,5,2,3,1,1,3,0,0.0,satisfied
18076,Female,Loyal Customer,32,Personal Travel,Eco,488,2,3,2,4,1,2,1,1,3,4,4,1,3,1,0,0.0,neutral or dissatisfied
73343,Male,Loyal Customer,47,Business travel,Business,1182,2,2,2,2,4,5,4,5,5,5,5,4,5,4,0,0.0,satisfied
100788,Male,Loyal Customer,44,Business travel,Business,1809,4,4,4,4,4,5,5,2,2,2,2,4,2,4,0,0.0,satisfied
21422,Female,Loyal Customer,33,Business travel,Eco,331,5,5,5,5,5,5,5,5,1,3,1,4,1,5,19,23.0,satisfied
53926,Male,Loyal Customer,46,Business travel,Eco Plus,191,1,2,2,2,1,1,1,1,1,1,4,2,4,1,21,3.0,neutral or dissatisfied
93870,Male,Loyal Customer,39,Business travel,Business,590,2,2,3,2,5,5,5,3,3,4,3,4,3,4,0,0.0,satisfied
87054,Male,disloyal Customer,23,Business travel,Business,594,4,4,4,2,2,4,2,2,3,2,5,3,4,2,0,0.0,satisfied
510,Female,Loyal Customer,52,Business travel,Business,354,1,1,1,1,2,5,4,4,4,4,4,3,4,3,0,0.0,satisfied
119923,Female,Loyal Customer,43,Business travel,Business,868,1,1,1,1,5,5,5,3,3,4,3,5,3,3,0,1.0,satisfied
99958,Male,Loyal Customer,58,Personal Travel,Eco Plus,1986,3,4,3,1,1,3,1,1,5,1,4,3,2,1,0,0.0,neutral or dissatisfied
100620,Female,Loyal Customer,66,Business travel,Eco,721,4,5,5,5,3,1,5,4,4,4,4,4,4,3,0,0.0,satisfied
91616,Female,Loyal Customer,59,Business travel,Business,1352,2,2,2,2,4,5,4,2,2,2,2,4,2,4,0,0.0,satisfied
8070,Female,Loyal Customer,37,Business travel,Business,125,1,1,1,1,2,4,4,5,5,5,4,4,5,3,0,0.0,satisfied
107986,Male,Loyal Customer,41,Business travel,Business,1758,4,4,4,4,2,4,5,5,5,5,5,3,5,5,0,0.0,satisfied
28315,Female,disloyal Customer,24,Business travel,Eco,867,3,3,3,1,5,3,5,5,4,1,4,1,5,5,0,0.0,neutral or dissatisfied
82411,Male,disloyal Customer,20,Business travel,Eco,502,0,4,0,1,2,0,4,2,5,4,5,3,5,2,0,0.0,satisfied
46668,Female,Loyal Customer,51,Business travel,Eco,125,5,3,3,3,5,1,2,5,5,5,5,3,5,1,3,0.0,satisfied
40115,Male,Loyal Customer,65,Business travel,Eco,368,5,5,5,5,5,5,5,5,5,2,5,3,3,5,0,2.0,satisfied
19006,Female,disloyal Customer,23,Business travel,Eco,788,1,1,1,3,1,1,1,1,2,4,1,1,5,1,0,0.0,neutral or dissatisfied
27221,Male,disloyal Customer,22,Business travel,Eco,1024,2,2,2,2,5,2,2,5,5,5,5,1,1,5,0,0.0,neutral or dissatisfied
83717,Male,disloyal Customer,16,Business travel,Eco,577,2,3,2,4,1,2,1,1,4,3,3,4,3,1,2,18.0,neutral or dissatisfied
78756,Male,Loyal Customer,48,Business travel,Eco,432,2,1,3,1,2,2,2,1,1,3,3,2,3,2,204,195.0,neutral or dissatisfied
24200,Female,Loyal Customer,23,Business travel,Business,3464,4,1,1,1,3,3,4,3,1,5,3,2,4,3,0,0.0,neutral or dissatisfied
52729,Male,Loyal Customer,29,Personal Travel,Eco,406,2,4,5,1,5,5,4,5,3,2,5,5,5,5,0,2.0,neutral or dissatisfied
30272,Female,Loyal Customer,24,Business travel,Business,2706,4,5,5,5,4,3,4,4,3,1,3,3,4,4,0,0.0,neutral or dissatisfied
101910,Female,Loyal Customer,21,Personal Travel,Eco,2173,2,5,2,3,4,2,4,4,3,3,4,3,4,4,10,5.0,neutral or dissatisfied
71970,Female,Loyal Customer,22,Business travel,Business,1437,5,5,5,5,4,4,4,4,3,4,5,3,4,4,3,0.0,satisfied
92627,Male,Loyal Customer,56,Business travel,Business,1970,2,2,2,2,3,5,5,4,4,4,4,3,4,3,0,0.0,satisfied
103571,Female,Loyal Customer,47,Business travel,Business,3721,5,5,5,5,5,5,5,5,5,5,5,5,5,3,0,0.0,satisfied
83313,Male,Loyal Customer,42,Business travel,Business,1671,5,5,3,5,4,3,4,5,5,5,5,3,5,5,7,0.0,satisfied
12118,Male,Loyal Customer,24,Business travel,Business,642,3,5,5,5,3,3,3,3,3,3,3,2,3,3,10,0.0,neutral or dissatisfied
70074,Male,disloyal Customer,27,Business travel,Business,550,5,5,5,4,5,3,4,3,4,4,4,4,5,4,145,132.0,satisfied
129796,Female,Loyal Customer,14,Personal Travel,Eco,447,2,4,2,4,2,2,2,2,1,1,4,2,4,2,0,1.0,neutral or dissatisfied
20405,Male,Loyal Customer,40,Personal Travel,Eco Plus,588,2,5,2,2,2,2,2,2,4,5,4,4,5,2,0,0.0,neutral or dissatisfied
77872,Female,Loyal Customer,53,Personal Travel,Eco,1262,2,5,2,3,4,5,5,1,1,2,1,4,1,4,0,0.0,neutral or dissatisfied
6219,Male,Loyal Customer,54,Business travel,Business,413,4,4,1,4,3,5,4,4,4,4,4,4,4,4,39,26.0,satisfied
51607,Male,Loyal Customer,61,Business travel,Business,370,4,4,4,4,5,4,1,5,5,5,5,3,5,2,70,68.0,satisfied
27899,Male,disloyal Customer,23,Business travel,Eco,822,2,3,3,5,2,3,5,2,3,5,2,5,5,5,0,0.0,neutral or dissatisfied
43841,Female,Loyal Customer,52,Business travel,Business,3624,4,4,4,4,1,3,4,5,5,5,5,2,5,5,30,25.0,satisfied
92710,Female,Loyal Customer,48,Personal Travel,Eco,2153,3,1,4,4,5,4,4,5,5,4,5,4,5,2,0,0.0,neutral or dissatisfied
116264,Female,Loyal Customer,48,Personal Travel,Eco,404,2,4,2,1,4,5,5,2,2,2,4,3,2,4,0,0.0,neutral or dissatisfied
92611,Female,Loyal Customer,33,Business travel,Eco Plus,2342,4,3,3,3,4,3,4,4,1,4,3,4,3,4,0,0.0,neutral or dissatisfied
44482,Female,Loyal Customer,51,Business travel,Eco,589,4,2,2,2,2,3,4,4,4,4,4,4,4,5,0,0.0,satisfied
99202,Female,Loyal Customer,16,Business travel,Business,583,2,5,3,3,2,2,2,2,4,5,3,4,4,2,0,0.0,neutral or dissatisfied
40830,Female,Loyal Customer,58,Business travel,Business,188,1,1,1,1,3,1,5,5,5,5,5,3,5,4,0,0.0,satisfied
52324,Male,Loyal Customer,37,Business travel,Business,3414,1,1,1,1,4,3,5,5,5,5,5,1,5,1,0,2.0,satisfied
6583,Female,Loyal Customer,40,Business travel,Business,128,1,4,4,4,2,4,4,2,2,2,1,1,2,3,18,45.0,neutral or dissatisfied
77001,Male,Loyal Customer,33,Business travel,Business,2387,4,4,5,4,5,5,5,5,3,2,5,4,5,5,2,0.0,satisfied
103937,Female,Loyal Customer,55,Business travel,Business,770,1,1,1,1,2,4,5,5,5,5,5,3,5,3,34,40.0,satisfied
32821,Female,Loyal Customer,57,Business travel,Eco,101,5,4,4,4,4,2,3,5,5,5,5,4,5,3,0,0.0,satisfied
36592,Male,Loyal Customer,23,Business travel,Business,1944,1,1,1,1,1,1,1,1,4,5,4,2,4,1,27,28.0,neutral or dissatisfied
102107,Female,disloyal Customer,27,Business travel,Business,386,4,4,4,5,5,4,1,5,3,5,5,4,4,5,2,0.0,neutral or dissatisfied
24848,Female,Loyal Customer,10,Personal Travel,Eco,894,3,2,3,4,1,3,1,1,3,3,4,3,3,1,29,71.0,neutral or dissatisfied
89886,Male,Loyal Customer,46,Business travel,Business,1416,2,2,2,2,5,4,4,4,4,4,4,4,4,3,0,0.0,satisfied
50704,Male,Loyal Customer,19,Personal Travel,Eco,153,1,4,1,1,1,1,1,1,4,2,4,5,4,1,0,0.0,neutral or dissatisfied
47160,Male,Loyal Customer,46,Business travel,Business,945,4,4,4,4,2,1,2,4,4,4,4,3,4,4,0,0.0,satisfied
34682,Female,disloyal Customer,37,Business travel,Eco,301,3,3,3,2,3,2,2,4,5,4,5,2,1,2,220,219.0,neutral or dissatisfied
25995,Male,Loyal Customer,38,Personal Travel,Eco,577,3,5,4,3,4,4,3,4,5,5,4,5,4,4,40,66.0,neutral or dissatisfied
72673,Female,Loyal Customer,47,Personal Travel,Eco,985,1,4,1,1,5,4,4,5,5,1,5,5,5,5,0,0.0,neutral or dissatisfied
22593,Male,disloyal Customer,21,Business travel,Eco,223,5,0,5,2,1,5,1,1,4,2,4,4,3,1,0,0.0,satisfied
67510,Female,disloyal Customer,24,Business travel,Eco,1171,4,4,4,2,1,4,1,1,3,2,5,5,4,1,23,0.0,satisfied
39357,Female,Loyal Customer,18,Business travel,Business,3518,1,1,1,1,4,4,4,4,5,4,4,5,1,4,0,0.0,satisfied
71762,Female,Loyal Customer,40,Business travel,Business,1726,4,3,4,4,5,4,4,5,5,5,5,4,5,3,11,10.0,satisfied
104401,Male,Loyal Customer,60,Business travel,Business,3545,5,1,5,5,4,5,5,4,4,4,4,4,4,3,3,0.0,satisfied
44705,Female,Loyal Customer,43,Personal Travel,Eco,67,2,3,2,4,1,4,2,4,4,2,4,5,4,2,29,38.0,neutral or dissatisfied
80341,Female,Loyal Customer,47,Business travel,Business,952,4,1,1,1,4,4,3,4,4,4,4,4,4,3,4,26.0,neutral or dissatisfied
46262,Male,Loyal Customer,64,Personal Travel,Eco,455,3,5,3,1,1,3,1,1,5,3,5,5,4,1,5,0.0,neutral or dissatisfied
27910,Male,Loyal Customer,14,Personal Travel,Eco,2311,1,4,1,4,1,3,3,4,5,4,3,3,1,3,16,18.0,neutral or dissatisfied
128324,Male,Loyal Customer,36,Business travel,Business,2411,5,5,5,5,3,4,5,4,4,4,4,3,4,3,0,0.0,satisfied
39208,Female,Loyal Customer,69,Business travel,Business,67,2,2,2,2,1,3,3,3,3,3,2,1,3,4,7,8.0,neutral or dissatisfied
83690,Male,Loyal Customer,32,Personal Travel,Eco,577,4,5,4,4,5,4,5,5,5,2,4,3,5,5,0,0.0,neutral or dissatisfied
70722,Female,Loyal Customer,22,Business travel,Business,675,2,1,2,2,4,4,4,4,3,5,4,4,4,4,0,0.0,satisfied
25754,Female,Loyal Customer,60,Business travel,Business,356,3,5,5,5,5,2,2,3,3,3,3,1,3,2,9,0.0,neutral or dissatisfied
121651,Female,Loyal Customer,26,Personal Travel,Business,328,3,3,3,3,2,3,1,2,3,5,2,3,4,2,0,0.0,neutral or dissatisfied
91775,Female,Loyal Customer,24,Personal Travel,Eco,588,4,5,4,4,4,4,4,4,4,4,5,5,5,4,0,0.0,neutral or dissatisfied
88394,Male,Loyal Customer,22,Business travel,Business,1983,2,5,5,5,2,2,2,2,1,4,4,3,4,2,1,11.0,neutral or dissatisfied
67352,Male,Loyal Customer,39,Personal Travel,Eco,1471,4,4,4,2,2,4,2,2,5,3,5,3,5,2,22,11.0,neutral or dissatisfied
67559,Male,Loyal Customer,39,Business travel,Business,1235,2,5,2,2,4,5,4,5,5,5,5,5,5,5,5,4.0,satisfied
67357,Female,Loyal Customer,55,Business travel,Business,1911,2,1,2,2,3,4,4,5,5,5,5,4,5,5,38,36.0,satisfied
54078,Male,Loyal Customer,33,Business travel,Business,1416,3,3,3,3,2,2,2,2,4,2,2,5,1,2,35,38.0,satisfied
96594,Female,Loyal Customer,13,Personal Travel,Eco,861,3,5,3,1,2,3,2,2,5,3,4,3,5,2,3,0.0,neutral or dissatisfied
94637,Male,Loyal Customer,44,Business travel,Eco,293,3,1,4,1,3,3,3,3,1,4,3,1,4,3,42,36.0,neutral or dissatisfied
124328,Female,Loyal Customer,34,Personal Travel,Eco Plus,255,3,5,3,3,2,3,2,2,3,2,4,4,5,2,0,0.0,neutral or dissatisfied
67742,Female,disloyal Customer,29,Business travel,Eco,1235,3,3,3,4,3,3,3,3,3,4,3,4,4,3,27,12.0,neutral or dissatisfied
89529,Male,Loyal Customer,38,Business travel,Business,3164,3,3,3,3,5,4,5,5,5,5,5,3,5,3,0,0.0,satisfied
16848,Female,Loyal Customer,28,Business travel,Business,3449,1,1,1,1,5,5,5,5,5,3,4,3,4,5,0,0.0,satisfied
24810,Male,Loyal Customer,29,Business travel,Eco,861,4,3,3,3,4,4,4,4,2,5,3,5,2,4,0,0.0,satisfied
27313,Female,Loyal Customer,31,Business travel,Business,3326,5,5,5,5,5,5,5,5,1,5,1,2,5,5,0,0.0,satisfied
120301,Female,disloyal Customer,25,Business travel,Eco,268,3,3,2,4,1,2,1,1,4,5,4,2,3,1,0,6.0,neutral or dissatisfied
62031,Male,disloyal Customer,40,Business travel,Business,2586,2,2,2,3,5,2,5,5,4,5,4,3,4,5,0,0.0,neutral or dissatisfied
49845,Female,Loyal Customer,48,Business travel,Eco,89,2,2,2,2,4,3,3,1,1,2,1,4,1,1,0,20.0,neutral or dissatisfied
113824,Male,Loyal Customer,9,Personal Travel,Eco Plus,386,3,5,3,2,5,3,4,5,4,2,5,5,5,5,6,11.0,neutral or dissatisfied
48244,Male,Loyal Customer,50,Personal Travel,Eco,259,2,4,2,2,1,2,1,1,2,4,2,1,2,1,0,0.0,neutral or dissatisfied
103912,Male,Loyal Customer,51,Business travel,Business,533,3,3,3,3,5,4,4,4,4,4,4,5,4,5,4,6.0,satisfied
93544,Female,disloyal Customer,25,Business travel,Business,585,5,0,5,5,5,5,5,5,4,4,4,3,4,5,7,20.0,satisfied
71627,Female,Loyal Customer,42,Business travel,Eco,797,2,2,2,2,5,3,5,2,2,2,2,5,2,4,18,9.0,satisfied
100505,Female,disloyal Customer,30,Business travel,Eco,759,2,2,2,4,3,2,3,3,3,5,4,4,3,3,15,10.0,neutral or dissatisfied
11127,Male,Loyal Customer,19,Personal Travel,Eco,312,1,5,3,4,5,3,1,5,4,2,5,5,4,5,12,5.0,neutral or dissatisfied
18978,Male,disloyal Customer,10,Business travel,Eco,792,1,1,1,3,4,1,4,4,1,4,3,2,4,4,14,29.0,neutral or dissatisfied
31614,Male,Loyal Customer,42,Business travel,Business,2895,5,5,4,5,5,5,5,4,4,4,4,3,4,3,0,0.0,satisfied
22677,Female,Loyal Customer,35,Business travel,Business,2420,4,4,4,4,1,2,3,4,4,4,4,3,4,1,0,16.0,satisfied
32812,Female,Loyal Customer,22,Business travel,Eco,102,3,2,2,2,3,3,1,3,2,5,4,1,3,3,10,11.0,neutral or dissatisfied
11987,Female,Loyal Customer,61,Personal Travel,Eco,643,2,4,2,2,4,5,4,5,5,2,5,4,5,5,100,112.0,neutral or dissatisfied
81702,Female,Loyal Customer,57,Personal Travel,Eco,907,1,4,1,2,3,5,5,2,2,1,5,3,2,3,0,0.0,neutral or dissatisfied
120217,Female,Loyal Customer,40,Business travel,Business,1325,2,2,2,2,2,3,4,2,2,2,2,1,2,1,0,0.0,neutral or dissatisfied
33517,Male,disloyal Customer,15,Business travel,Eco,1141,4,4,4,5,4,4,4,4,2,4,4,5,1,4,0,5.0,neutral or dissatisfied
87318,Female,Loyal Customer,55,Business travel,Eco Plus,177,4,5,3,5,3,5,4,4,4,4,4,1,4,4,0,0.0,satisfied
55841,Male,disloyal Customer,23,Business travel,Eco,1016,5,5,5,3,5,5,5,5,5,3,3,5,2,5,28,32.0,satisfied
6764,Female,disloyal Customer,37,Business travel,Business,223,5,5,5,3,1,5,1,1,5,4,5,5,5,1,0,0.0,satisfied
103155,Female,Loyal Customer,57,Business travel,Business,272,0,0,0,4,5,5,5,4,4,4,4,4,4,3,0,0.0,satisfied
21199,Male,Loyal Customer,28,Business travel,Business,2207,0,5,0,2,2,2,2,2,4,3,2,1,5,2,0,0.0,satisfied
115974,Female,Loyal Customer,68,Personal Travel,Eco,342,3,4,3,4,3,3,4,3,3,3,3,4,3,4,11,0.0,neutral or dissatisfied
96124,Female,Loyal Customer,41,Personal Travel,Eco Plus,795,1,5,1,1,4,5,5,3,3,1,3,5,3,4,12,2.0,neutral or dissatisfied
124600,Female,Loyal Customer,67,Personal Travel,Eco,500,2,3,2,3,2,4,3,2,2,2,2,4,2,3,128,116.0,neutral or dissatisfied
46317,Female,Loyal Customer,51,Business travel,Business,420,3,3,3,3,5,3,2,5,5,5,5,2,5,5,0,0.0,satisfied
25976,Male,Loyal Customer,26,Business travel,Eco Plus,946,4,2,2,2,4,3,2,4,1,1,2,1,2,4,33,26.0,neutral or dissatisfied
115613,Female,disloyal Customer,51,Business travel,Business,480,4,4,4,4,4,4,4,4,3,2,4,4,5,4,0,0.0,satisfied
81152,Female,Loyal Customer,30,Business travel,Business,3560,5,5,5,5,4,4,4,4,4,5,4,5,5,4,0,0.0,satisfied
108460,Male,Loyal Customer,17,Personal Travel,Eco,1440,2,4,2,4,2,2,2,2,3,2,5,5,4,2,11,0.0,neutral or dissatisfied
129384,Female,Loyal Customer,33,Personal Travel,Eco,2454,1,5,0,3,3,0,3,3,5,4,5,3,5,3,0,0.0,neutral or dissatisfied
81421,Male,Loyal Customer,54,Business travel,Business,448,2,2,2,2,3,4,5,4,4,4,4,5,4,5,11,11.0,satisfied
101763,Male,Loyal Customer,8,Personal Travel,Eco,1590,3,5,3,4,3,3,3,3,2,3,5,3,1,3,8,0.0,neutral or dissatisfied
112873,Female,Loyal Customer,33,Business travel,Business,1476,3,4,3,3,2,5,5,4,4,4,4,5,4,5,1,0.0,satisfied
112797,Male,disloyal Customer,20,Business travel,Business,1313,4,0,5,5,1,5,1,1,5,5,4,3,5,1,0,0.0,satisfied
26438,Male,Loyal Customer,30,Business travel,Business,1912,2,4,4,4,2,2,2,2,1,5,4,2,4,2,0,0.0,neutral or dissatisfied
807,Female,disloyal Customer,58,Business travel,Business,396,4,4,4,4,5,4,5,5,2,4,4,1,3,5,0,0.0,neutral or dissatisfied
129862,Female,Loyal Customer,39,Business travel,Business,2667,0,0,0,1,5,5,5,3,3,3,3,5,3,3,1,0.0,satisfied
42173,Female,Loyal Customer,38,Business travel,Eco,412,4,2,2,2,4,4,4,4,1,1,3,3,3,4,12,0.0,satisfied
6357,Male,Loyal Customer,43,Business travel,Business,315,2,2,2,2,3,4,4,4,4,5,4,4,4,5,0,0.0,satisfied
49925,Female,Loyal Customer,42,Business travel,Business,156,5,5,5,5,2,5,5,4,4,4,4,4,4,5,0,0.0,satisfied
101270,Female,Loyal Customer,59,Personal Travel,Eco,1910,5,4,5,4,5,5,5,4,4,5,4,4,4,4,4,0.0,satisfied
28426,Female,Loyal Customer,62,Personal Travel,Eco,1399,3,1,3,3,3,3,3,4,4,3,4,2,4,1,0,0.0,neutral or dissatisfied
25575,Female,Loyal Customer,53,Business travel,Business,3522,3,3,3,3,2,5,3,4,4,4,4,5,4,2,0,0.0,satisfied
96022,Male,Loyal Customer,31,Business travel,Eco,1235,1,2,3,3,1,1,1,1,1,1,4,1,3,1,15,45.0,neutral or dissatisfied
99778,Male,disloyal Customer,28,Business travel,Business,584,2,2,2,1,3,2,3,3,4,3,4,3,5,3,22,14.0,neutral or dissatisfied
93126,Female,disloyal Customer,25,Business travel,Business,1066,5,5,5,1,2,5,4,2,3,4,4,5,5,2,27,14.0,satisfied
46517,Female,disloyal Customer,55,Business travel,Eco,125,3,4,3,4,5,3,5,5,2,5,3,1,2,5,60,56.0,neutral or dissatisfied
85148,Female,Loyal Customer,56,Business travel,Business,2028,5,5,5,5,2,4,4,3,3,4,3,5,3,3,37,16.0,satisfied
28821,Male,Loyal Customer,38,Business travel,Business,1050,3,3,5,3,5,1,2,5,5,5,5,2,5,2,0,0.0,satisfied
65139,Male,Loyal Customer,35,Personal Travel,Eco,282,3,3,3,3,2,3,2,2,5,1,1,3,5,2,62,74.0,neutral or dissatisfied
72492,Male,Loyal Customer,23,Business travel,Business,1949,1,1,1,1,4,4,4,4,5,2,5,3,4,4,0,0.0,satisfied
102044,Female,disloyal Customer,17,Business travel,Business,414,5,0,5,4,3,5,4,3,4,3,4,3,4,3,1,0.0,satisfied
115333,Male,Loyal Customer,51,Business travel,Business,1857,5,5,5,5,4,5,4,4,4,4,4,5,4,5,17,18.0,satisfied
34547,Female,Loyal Customer,24,Business travel,Business,1617,1,1,1,1,5,5,5,5,3,1,4,1,1,5,0,5.0,satisfied
22066,Female,Loyal Customer,38,Personal Travel,Eco,304,1,2,1,4,4,1,4,4,2,3,3,4,4,4,24,28.0,neutral or dissatisfied
74793,Female,disloyal Customer,39,Business travel,Business,1235,2,3,3,4,4,3,4,4,3,1,4,4,3,4,14,14.0,neutral or dissatisfied
26288,Male,Loyal Customer,28,Business travel,Business,3018,1,1,3,1,3,3,3,3,5,5,4,4,4,3,5,10.0,satisfied
112422,Male,disloyal Customer,8,Business travel,Eco,862,3,3,3,4,5,3,5,5,2,3,3,1,4,5,29,20.0,neutral or dissatisfied
69809,Male,Loyal Customer,42,Business travel,Business,2454,4,3,4,4,3,5,4,4,4,4,4,4,4,3,0,0.0,satisfied
47455,Male,Loyal Customer,57,Personal Travel,Eco,588,2,2,2,3,3,2,3,3,4,2,3,3,3,3,0,0.0,neutral or dissatisfied
24916,Female,Loyal Customer,22,Business travel,Business,3119,1,1,1,1,4,4,4,4,2,2,4,3,3,4,1,0.0,satisfied
42496,Female,Loyal Customer,42,Business travel,Eco,495,4,4,4,4,5,4,3,4,4,4,4,2,4,5,2,22.0,satisfied
99729,Male,disloyal Customer,32,Business travel,Business,255,3,3,3,3,5,3,5,5,3,3,5,5,4,5,69,66.0,neutral or dissatisfied
15118,Male,Loyal Customer,45,Business travel,Eco,912,4,3,3,3,4,4,4,4,3,5,3,2,4,4,0,2.0,neutral or dissatisfied
123821,Female,Loyal Customer,65,Business travel,Eco,646,1,2,2,2,3,4,4,1,1,1,1,1,1,2,0,12.0,neutral or dissatisfied
66614,Female,Loyal Customer,62,Personal Travel,Eco Plus,761,3,5,3,2,5,5,5,2,2,3,2,4,2,4,0,9.0,neutral or dissatisfied
94302,Female,Loyal Customer,41,Business travel,Business,323,0,0,0,1,4,4,5,5,5,5,5,3,5,4,40,30.0,satisfied
33694,Male,disloyal Customer,13,Business travel,Eco,759,5,5,5,4,2,5,2,2,1,4,1,5,2,2,0,0.0,satisfied
63207,Female,Loyal Customer,38,Business travel,Eco,337,4,4,1,1,4,4,4,4,4,2,3,1,3,4,2,3.0,neutral or dissatisfied
116274,Male,Loyal Customer,34,Personal Travel,Eco,362,3,5,4,3,5,4,5,5,3,4,5,5,4,5,0,0.0,neutral or dissatisfied
40338,Male,Loyal Customer,61,Personal Travel,Eco Plus,402,4,5,5,5,3,5,4,3,3,3,4,3,4,3,0,0.0,satisfied
70388,Male,Loyal Customer,37,Business travel,Business,1562,4,4,4,4,5,5,5,3,3,3,3,4,3,4,0,23.0,satisfied
108661,Female,Loyal Customer,52,Personal Travel,Eco,1747,4,1,4,4,3,4,3,2,2,4,2,4,2,3,24,17.0,neutral or dissatisfied
73982,Female,Loyal Customer,46,Business travel,Business,2330,2,2,2,2,3,3,4,5,5,4,5,5,5,5,0,28.0,satisfied
117267,Male,Loyal Customer,29,Personal Travel,Eco,621,3,4,3,1,4,3,4,4,1,1,3,2,3,4,0,0.0,neutral or dissatisfied
18573,Female,Loyal Customer,60,Business travel,Business,3796,1,4,3,4,5,2,3,1,1,2,1,4,1,2,0,0.0,neutral or dissatisfied
7248,Female,Loyal Customer,14,Personal Travel,Eco,116,3,4,3,2,4,3,4,4,3,5,2,4,1,4,0,0.0,neutral or dissatisfied
32000,Male,Loyal Customer,48,Personal Travel,Business,216,1,2,1,3,2,3,3,4,4,1,4,4,4,3,2,5.0,neutral or dissatisfied
59291,Female,Loyal Customer,29,Business travel,Business,2338,1,1,1,1,2,2,2,2,3,4,4,5,4,2,21,1.0,satisfied
25933,Male,Loyal Customer,70,Personal Travel,Eco,594,1,4,1,4,2,1,2,2,2,2,4,3,3,2,12,2.0,neutral or dissatisfied
107802,Male,Loyal Customer,48,Business travel,Business,2449,0,0,0,2,4,4,5,5,5,5,5,3,5,3,2,5.0,satisfied
128432,Female,disloyal Customer,37,Business travel,Business,370,1,1,1,3,1,1,1,1,4,2,4,4,5,1,0,0.0,neutral or dissatisfied
70731,Male,Loyal Customer,37,Business travel,Business,2935,5,5,5,5,4,5,3,5,5,5,5,5,5,1,0,0.0,satisfied
94832,Female,Loyal Customer,33,Business travel,Eco,248,2,5,3,5,2,2,2,2,1,3,2,3,2,2,24,16.0,neutral or dissatisfied
100043,Male,Loyal Customer,64,Business travel,Eco,281,5,1,1,1,4,5,4,4,4,2,1,2,1,4,0,0.0,satisfied
122146,Male,Loyal Customer,31,Business travel,Business,546,1,1,1,1,3,3,3,3,3,4,4,3,4,3,20,22.0,satisfied
92314,Female,Loyal Customer,55,Business travel,Business,2615,4,4,4,4,2,3,5,5,5,5,5,4,5,3,4,0.0,satisfied
49796,Male,disloyal Customer,36,Business travel,Eco,193,4,0,4,3,1,4,1,1,4,1,4,2,4,1,38,30.0,neutral or dissatisfied
16077,Male,Loyal Customer,51,Personal Travel,Eco,744,2,4,2,3,2,2,2,2,1,2,5,3,5,2,0,0.0,neutral or dissatisfied
2817,Male,disloyal Customer,17,Business travel,Eco,491,1,4,1,4,1,1,1,1,4,4,3,4,3,1,0,1.0,neutral or dissatisfied
78987,Male,Loyal Customer,58,Business travel,Business,2213,2,2,5,2,5,4,5,5,5,5,5,3,5,5,27,42.0,satisfied
69459,Female,Loyal Customer,37,Personal Travel,Eco,1096,1,2,1,3,1,1,1,1,3,4,3,3,3,1,0,0.0,neutral or dissatisfied
81383,Female,Loyal Customer,54,Business travel,Business,1942,4,4,4,4,3,5,4,5,5,5,5,3,5,4,0,0.0,satisfied
83612,Male,disloyal Customer,38,Business travel,Eco,409,3,4,3,3,2,3,3,2,1,1,3,4,3,2,3,0.0,neutral or dissatisfied
44095,Female,Loyal Customer,45,Business travel,Business,2156,5,5,5,5,3,1,5,4,4,4,4,4,4,3,0,3.0,satisfied
21269,Female,Loyal Customer,56,Personal Travel,Business,692,2,4,2,3,4,5,5,5,5,2,5,5,5,4,0,0.0,neutral or dissatisfied
35586,Male,Loyal Customer,41,Business travel,Eco Plus,1041,1,2,4,2,1,1,1,1,4,4,4,2,3,1,74,62.0,neutral or dissatisfied
105978,Male,Loyal Customer,25,Personal Travel,Eco,2295,2,3,2,4,4,2,4,4,2,4,4,4,4,4,31,0.0,neutral or dissatisfied
75129,Male,Loyal Customer,52,Business travel,Business,1744,4,4,4,4,5,3,5,5,5,5,5,3,5,4,11,0.0,satisfied
113815,Male,Loyal Customer,23,Business travel,Eco Plus,414,5,5,5,5,5,5,3,5,5,4,2,3,4,5,0,0.0,satisfied
20242,Female,Loyal Customer,33,Business travel,Business,228,5,5,4,5,1,5,3,4,4,4,4,4,4,5,64,43.0,satisfied
31048,Female,Loyal Customer,32,Business travel,Business,862,2,2,2,2,5,5,5,5,1,5,4,4,3,5,0,0.0,satisfied
47373,Male,Loyal Customer,63,Business travel,Business,2361,4,2,4,4,1,2,3,2,2,2,2,1,2,4,0,18.0,satisfied
127979,Female,Loyal Customer,29,Business travel,Business,1885,2,2,5,2,5,5,5,5,3,4,5,4,5,5,0,0.0,satisfied
32875,Male,Loyal Customer,58,Personal Travel,Eco,163,1,4,0,4,2,0,2,2,3,3,4,2,4,2,2,7.0,neutral or dissatisfied
67160,Female,disloyal Customer,38,Business travel,Eco,721,2,3,3,4,5,3,5,5,4,2,4,4,1,5,0,0.0,neutral or dissatisfied
34098,Male,Loyal Customer,67,Personal Travel,Business,1129,4,5,4,2,4,4,4,4,4,4,5,5,4,4,0,0.0,satisfied
90484,Female,Loyal Customer,46,Business travel,Business,2283,5,5,5,5,4,5,5,4,4,4,4,3,4,3,0,0.0,satisfied
3892,Female,disloyal Customer,27,Business travel,Business,290,2,2,2,3,4,2,5,4,2,5,2,4,3,4,0,0.0,neutral or dissatisfied
24599,Female,Loyal Customer,47,Business travel,Eco,526,5,3,3,3,3,4,1,5,5,5,5,5,5,4,1,14.0,satisfied
104415,Male,disloyal Customer,31,Business travel,Eco,1011,3,3,3,3,4,3,4,4,2,2,4,4,3,4,0,3.0,neutral or dissatisfied
76140,Female,disloyal Customer,25,Business travel,Eco,689,3,3,3,4,5,3,2,5,1,5,4,4,3,5,0,0.0,neutral or dissatisfied
39135,Male,Loyal Customer,28,Personal Travel,Eco,228,1,4,1,5,2,1,2,2,4,2,5,4,4,2,0,0.0,neutral or dissatisfied
104438,Male,Loyal Customer,33,Personal Travel,Eco,1138,3,5,3,3,2,3,2,2,3,3,4,4,5,2,12,29.0,neutral or dissatisfied
116799,Female,Loyal Customer,15,Personal Travel,Eco Plus,296,2,4,2,4,1,2,1,1,5,3,5,4,5,1,16,11.0,neutral or dissatisfied
124217,Female,Loyal Customer,32,Personal Travel,Eco,2176,1,3,1,3,2,1,2,2,2,2,3,1,3,2,0,0.0,neutral or dissatisfied
58381,Male,Loyal Customer,39,Business travel,Business,473,4,1,4,4,2,5,5,5,5,5,5,3,5,3,0,0.0,satisfied
23020,Female,disloyal Customer,48,Business travel,Business,927,2,2,2,1,3,2,4,3,4,4,4,5,4,3,2,0.0,neutral or dissatisfied
9834,Male,Loyal Customer,30,Personal Travel,Eco,476,0,1,0,3,5,0,5,5,4,4,3,3,3,5,0,0.0,satisfied
42588,Female,Loyal Customer,46,Business travel,Business,3100,4,4,4,4,4,5,1,4,4,4,4,5,4,5,1,2.0,satisfied
117342,Female,disloyal Customer,20,Business travel,Eco,296,2,4,2,2,5,2,5,5,5,4,4,3,4,5,66,66.0,neutral or dissatisfied
37515,Female,Loyal Customer,56,Business travel,Eco,1005,2,4,4,4,1,3,3,2,2,2,2,3,2,4,103,102.0,neutral or dissatisfied
24050,Male,Loyal Customer,37,Personal Travel,Eco,595,3,3,3,5,5,3,5,5,5,3,4,3,3,5,0,0.0,neutral or dissatisfied
49091,Male,Loyal Customer,39,Business travel,Business,421,5,5,4,5,4,1,1,4,4,4,4,1,4,4,26,23.0,satisfied
70360,Female,disloyal Customer,20,Business travel,Business,1145,4,4,4,2,2,4,5,2,3,3,5,3,5,2,0,0.0,satisfied
29083,Female,Loyal Customer,54,Personal Travel,Eco,697,1,5,1,2,4,1,2,3,3,1,3,5,3,5,0,0.0,neutral or dissatisfied
99663,Female,Loyal Customer,66,Personal Travel,Eco,920,4,5,4,1,5,5,5,2,2,4,2,5,2,4,0,0.0,neutral or dissatisfied
11319,Female,Loyal Customer,25,Personal Travel,Eco,74,3,4,0,1,5,0,5,5,4,5,4,5,4,5,49,34.0,neutral or dissatisfied
113054,Male,Loyal Customer,44,Business travel,Business,2084,4,4,4,4,4,4,5,5,5,5,5,4,5,5,2,0.0,satisfied
54428,Male,Loyal Customer,28,Personal Travel,Eco,305,1,5,1,4,5,1,5,5,4,3,5,4,5,5,0,0.0,neutral or dissatisfied
46858,Female,Loyal Customer,41,Business travel,Business,737,2,2,2,2,1,2,2,5,5,5,5,2,5,2,0,0.0,satisfied
19969,Male,Loyal Customer,36,Business travel,Business,3024,3,2,2,2,1,4,4,3,3,2,3,4,3,3,48,38.0,neutral or dissatisfied
30494,Female,Loyal Customer,22,Personal Travel,Eco,627,1,1,1,2,3,1,1,3,1,4,3,3,3,3,10,40.0,neutral or dissatisfied
78624,Male,Loyal Customer,29,Business travel,Business,1426,3,1,1,1,3,4,3,3,3,4,3,1,3,3,0,0.0,neutral or dissatisfied
62996,Female,Loyal Customer,42,Business travel,Eco,862,2,3,3,3,5,4,4,2,2,2,2,3,2,4,66,59.0,neutral or dissatisfied
125305,Male,Loyal Customer,33,Personal Travel,Eco,678,4,1,4,4,1,4,1,1,4,2,3,1,4,1,0,0.0,neutral or dissatisfied
87930,Female,Loyal Customer,39,Business travel,Business,2784,3,4,4,4,4,3,4,3,3,3,3,2,3,1,6,18.0,neutral or dissatisfied
19883,Male,Loyal Customer,43,Business travel,Eco,315,2,4,4,4,2,2,2,2,3,3,1,3,1,2,6,4.0,satisfied
32767,Male,disloyal Customer,41,Business travel,Business,216,2,2,2,3,3,2,3,3,1,3,4,1,4,3,4,26.0,neutral or dissatisfied
106893,Male,Loyal Customer,41,Personal Travel,Eco,704,2,5,2,1,4,2,4,4,4,3,4,3,4,4,2,0.0,neutral or dissatisfied
36450,Male,Loyal Customer,25,Business travel,Eco Plus,1368,3,5,5,5,3,3,2,3,2,2,2,3,2,3,0,0.0,neutral or dissatisfied
46376,Female,disloyal Customer,42,Business travel,Eco,1013,1,1,1,3,3,1,3,3,1,1,4,4,3,3,8,0.0,neutral or dissatisfied
60528,Male,Loyal Customer,39,Personal Travel,Eco,985,4,5,4,2,5,4,2,5,5,3,5,3,4,5,0,0.0,neutral or dissatisfied
47125,Male,Loyal Customer,36,Business travel,Business,3088,5,5,5,5,5,4,4,5,5,5,5,5,5,4,0,0.0,satisfied
116412,Male,Loyal Customer,13,Personal Travel,Eco,342,2,1,2,3,2,2,2,2,2,3,4,4,4,2,48,42.0,neutral or dissatisfied
35506,Female,Loyal Customer,65,Personal Travel,Eco,1076,4,5,4,5,2,5,5,2,2,4,4,5,2,3,0,0.0,neutral or dissatisfied
55740,Female,Loyal Customer,60,Personal Travel,Eco,2161,2,2,2,3,2,3,4,2,2,2,2,4,2,2,0,7.0,neutral or dissatisfied
48183,Female,Loyal Customer,48,Business travel,Business,2269,1,3,3,3,4,3,3,1,1,1,1,4,1,4,50,46.0,neutral or dissatisfied
24049,Female,Loyal Customer,46,Personal Travel,Eco,595,2,5,2,3,2,5,5,4,4,2,4,1,4,2,4,0.0,neutral or dissatisfied
74638,Male,disloyal Customer,36,Business travel,Eco,835,1,1,1,4,5,1,5,5,4,1,5,1,5,5,0,0.0,neutral or dissatisfied
35290,Male,Loyal Customer,23,Business travel,Business,1032,4,4,4,4,5,4,5,5,2,2,4,4,5,5,0,0.0,satisfied
106215,Female,disloyal Customer,24,Business travel,Business,471,5,0,5,2,1,5,1,1,4,4,4,5,5,1,0,0.0,satisfied
121829,Male,Loyal Customer,57,Business travel,Business,2002,4,4,4,4,3,4,5,5,5,5,5,5,5,4,0,0.0,satisfied
104903,Male,Loyal Customer,23,Business travel,Business,1565,1,3,3,3,1,1,1,1,3,3,4,4,3,1,21,28.0,neutral or dissatisfied
111339,Female,Loyal Customer,50,Personal Travel,Eco,283,1,3,1,2,2,1,2,4,4,1,4,2,4,3,19,28.0,neutral or dissatisfied
126558,Female,disloyal Customer,24,Business travel,Eco Plus,644,5,1,5,2,2,1,2,2,3,5,3,3,1,2,3,6.0,satisfied
98610,Female,disloyal Customer,32,Business travel,Business,873,1,1,1,1,2,1,2,2,3,2,5,3,4,2,13,0.0,neutral or dissatisfied
126365,Male,Loyal Customer,63,Personal Travel,Eco,631,1,3,0,3,4,0,4,4,3,5,5,3,4,4,16,23.0,neutral or dissatisfied
94572,Male,Loyal Customer,45,Business travel,Business,3234,2,2,2,2,2,4,5,2,2,2,2,3,2,4,0,4.0,satisfied
24045,Male,Loyal Customer,22,Personal Travel,Eco,562,4,1,4,2,3,4,3,3,3,1,2,1,3,3,0,0.0,satisfied
99064,Male,Loyal Customer,64,Business travel,Business,3407,2,4,2,2,2,5,4,5,5,5,5,3,5,4,0,0.0,satisfied
28986,Male,Loyal Customer,43,Business travel,Eco,954,5,2,2,2,5,5,5,5,5,1,4,1,4,5,0,0.0,satisfied
10769,Female,Loyal Customer,35,Business travel,Business,396,2,5,5,5,5,4,4,2,2,3,2,2,2,1,5,5.0,neutral or dissatisfied
79894,Female,disloyal Customer,20,Business travel,Eco,1096,2,3,3,2,4,3,5,4,4,4,4,4,4,4,0,0.0,neutral or dissatisfied
35271,Female,Loyal Customer,44,Business travel,Business,1069,5,5,5,5,5,4,3,4,4,4,4,2,4,2,32,33.0,satisfied
49820,Female,Loyal Customer,61,Business travel,Eco,153,4,1,1,1,1,3,2,4,4,4,4,3,4,1,0,0.0,neutral or dissatisfied
119534,Male,Loyal Customer,39,Personal Travel,Eco,814,1,0,1,3,1,1,2,1,4,5,5,5,5,1,0,0.0,neutral or dissatisfied
14290,Female,Loyal Customer,48,Business travel,Eco,429,4,2,2,2,5,5,3,4,4,4,4,1,4,5,42,42.0,satisfied
50091,Male,disloyal Customer,36,Business travel,Eco,156,3,0,3,4,1,3,1,1,1,3,3,4,5,1,0,0.0,neutral or dissatisfied
80604,Male,Loyal Customer,45,Business travel,Business,3492,0,0,0,3,5,4,5,4,4,4,4,3,4,5,0,0.0,satisfied
2481,Female,disloyal Customer,25,Business travel,Business,1379,3,0,3,2,2,3,2,2,3,2,5,3,4,2,13,16.0,neutral or dissatisfied
70598,Male,Loyal Customer,58,Business travel,Business,2611,3,3,3,3,3,3,3,4,4,3,3,3,2,3,0,22.0,neutral or dissatisfied
74898,Male,Loyal Customer,58,Business travel,Business,2475,2,5,2,2,3,5,5,4,4,4,4,3,4,3,0,0.0,satisfied
38091,Female,Loyal Customer,51,Business travel,Eco,1237,2,3,3,3,4,3,4,2,2,2,2,3,2,1,0,0.0,neutral or dissatisfied
55226,Male,Loyal Customer,39,Business travel,Business,1009,1,1,1,1,2,4,5,5,5,5,5,3,5,5,0,0.0,satisfied
102385,Female,Loyal Customer,58,Business travel,Business,1695,2,5,5,5,2,4,3,4,4,4,2,1,4,4,27,31.0,neutral or dissatisfied
101301,Male,Loyal Customer,25,Personal Travel,Eco,763,3,5,3,5,3,3,3,3,3,3,2,4,2,3,14,16.0,neutral or dissatisfied
46322,Female,disloyal Customer,24,Business travel,Eco,420,3,4,3,2,5,3,5,5,3,3,3,1,5,5,3,0.0,neutral or dissatisfied
128742,Female,disloyal Customer,25,Business travel,Business,998,5,1,5,3,5,2,3,3,2,4,4,3,3,3,0,6.0,satisfied
64162,Male,Loyal Customer,66,Personal Travel,Eco,989,3,4,3,2,1,3,1,1,5,3,4,3,4,1,48,29.0,neutral or dissatisfied
32999,Female,Loyal Customer,7,Personal Travel,Eco,216,3,3,0,4,2,0,1,2,1,2,3,1,3,2,0,0.0,neutral or dissatisfied
109270,Male,Loyal Customer,64,Personal Travel,Eco Plus,793,1,5,1,1,4,1,4,4,5,2,5,3,5,4,0,0.0,neutral or dissatisfied
7157,Female,disloyal Customer,21,Business travel,Business,139,5,0,5,1,5,5,5,5,5,2,5,5,4,5,5,22.0,satisfied
50002,Female,Loyal Customer,33,Business travel,Business,2926,3,5,3,3,1,4,3,3,3,3,3,2,3,3,0,0.0,neutral or dissatisfied
83027,Female,Loyal Customer,59,Business travel,Business,1973,4,4,4,4,5,4,4,4,4,4,4,4,4,5,0,0.0,satisfied
62553,Female,Loyal Customer,49,Business travel,Business,1744,2,2,2,2,4,5,4,5,5,5,5,4,5,3,0,0.0,satisfied
50898,Male,Loyal Customer,20,Personal Travel,Eco,363,2,5,3,1,2,3,4,2,5,3,5,5,5,2,0,0.0,neutral or dissatisfied
67240,Female,Loyal Customer,34,Personal Travel,Eco,929,3,4,3,1,2,3,2,2,3,5,5,5,4,2,0,18.0,neutral or dissatisfied
78036,Female,Loyal Customer,37,Personal Travel,Eco,152,3,5,3,1,2,3,2,2,3,4,4,5,4,2,0,0.0,neutral or dissatisfied
28160,Female,Loyal Customer,59,Business travel,Eco,434,4,1,4,4,1,2,4,4,4,4,4,1,4,5,0,1.0,satisfied
90335,Male,Loyal Customer,49,Business travel,Business,404,2,2,2,2,3,5,5,5,5,5,5,5,5,4,0,0.0,satisfied
29358,Male,Loyal Customer,59,Business travel,Business,2404,1,1,1,1,3,5,5,4,4,4,4,3,4,3,0,2.0,satisfied
88795,Male,Loyal Customer,47,Business travel,Business,1797,1,1,1,1,4,4,4,2,2,2,2,3,2,4,0,4.0,satisfied
82286,Male,Loyal Customer,21,Personal Travel,Eco,1481,4,2,4,4,5,4,5,5,4,1,4,3,4,5,15,66.0,neutral or dissatisfied
4649,Female,disloyal Customer,64,Business travel,Business,364,5,5,5,3,2,5,2,2,3,5,5,4,4,2,0,0.0,satisfied
19802,Female,disloyal Customer,28,Business travel,Business,528,2,2,2,3,3,2,3,3,1,1,4,4,3,3,0,0.0,neutral or dissatisfied
43393,Female,Loyal Customer,12,Personal Travel,Eco,463,3,4,3,4,2,3,2,2,4,5,5,5,5,2,0,3.0,neutral or dissatisfied
89993,Male,Loyal Customer,45,Business travel,Business,983,1,1,3,1,2,4,4,2,2,2,2,3,2,3,0,0.0,satisfied
81479,Male,Loyal Customer,41,Business travel,Business,528,3,1,3,3,4,3,2,3,3,3,3,4,3,3,0,0.0,neutral or dissatisfied
12159,Male,Loyal Customer,45,Business travel,Eco,1042,5,1,1,1,5,5,5,5,2,4,5,2,4,5,2,0.0,satisfied
28259,Male,Loyal Customer,43,Business travel,Business,3334,1,3,3,3,4,4,3,1,1,1,1,4,1,1,37,30.0,neutral or dissatisfied
31901,Male,Loyal Customer,41,Business travel,Business,3400,4,4,4,4,5,5,5,4,4,4,4,3,4,3,0,2.0,satisfied
60873,Male,Loyal Customer,19,Personal Travel,Eco Plus,1491,1,2,1,3,2,1,1,2,1,5,3,4,4,2,0,0.0,neutral or dissatisfied
88457,Male,Loyal Customer,28,Business travel,Business,3680,5,5,5,5,5,5,5,5,4,5,1,4,3,5,0,17.0,satisfied
17067,Male,Loyal Customer,56,Business travel,Eco,282,4,1,1,1,4,4,4,4,1,4,2,4,4,4,0,0.0,satisfied
65328,Female,Loyal Customer,35,Business travel,Business,631,4,4,4,4,3,5,4,5,5,5,5,5,5,4,82,77.0,satisfied
2176,Male,Loyal Customer,46,Business travel,Eco,685,3,1,1,1,3,3,3,3,2,5,1,3,2,3,4,17.0,neutral or dissatisfied
35998,Male,Loyal Customer,51,Business travel,Business,1529,1,1,1,1,4,5,5,4,4,4,4,5,4,5,0,0.0,satisfied
114597,Male,disloyal Customer,26,Business travel,Business,362,4,0,4,2,2,4,2,2,4,2,5,3,4,2,2,0.0,satisfied
122359,Male,Loyal Customer,27,Business travel,Business,529,2,2,2,2,2,1,2,2,4,4,3,1,3,2,0,0.0,neutral or dissatisfied
70303,Male,Loyal Customer,58,Business travel,Business,334,4,4,4,4,5,4,4,4,4,4,4,5,4,5,0,0.0,satisfied
93886,Female,Loyal Customer,58,Business travel,Eco,590,2,3,2,3,5,3,4,1,1,2,1,3,1,4,0,0.0,neutral or dissatisfied
56108,Female,Loyal Customer,12,Personal Travel,Eco,2402,3,0,2,3,1,2,1,1,4,5,4,4,5,1,6,0.0,neutral or dissatisfied
119498,Female,Loyal Customer,56,Business travel,Business,759,4,4,4,4,3,4,4,4,4,4,4,4,4,3,3,0.0,satisfied
109413,Female,disloyal Customer,35,Business travel,Business,861,4,4,4,3,5,4,5,5,5,4,4,3,5,5,128,118.0,neutral or dissatisfied
41735,Female,Loyal Customer,55,Business travel,Eco,695,3,4,4,4,2,4,3,2,2,3,2,1,2,1,0,0.0,neutral or dissatisfied
60148,Female,disloyal Customer,37,Business travel,Eco,720,3,3,3,1,1,3,1,1,4,4,1,5,2,1,0,0.0,neutral or dissatisfied
38697,Male,disloyal Customer,23,Business travel,Eco,1488,2,2,2,4,5,2,5,5,1,5,5,4,2,5,6,0.0,neutral or dissatisfied
105912,Male,Loyal Customer,29,Personal Travel,Eco,283,1,1,1,3,2,1,2,2,3,3,4,2,3,2,2,11.0,neutral or dissatisfied
67775,Male,disloyal Customer,28,Business travel,Eco,1205,4,4,4,3,4,4,4,4,2,3,2,2,2,4,30,45.0,neutral or dissatisfied
35561,Female,disloyal Customer,37,Business travel,Eco Plus,972,3,3,3,1,3,3,3,3,3,5,2,1,3,3,62,42.0,neutral or dissatisfied
123205,Female,Loyal Customer,18,Personal Travel,Eco,507,1,1,2,3,3,2,3,3,2,1,3,4,4,3,27,32.0,neutral or dissatisfied
120711,Male,Loyal Customer,55,Personal Travel,Eco Plus,280,1,4,1,2,2,1,2,2,5,2,5,5,4,2,73,81.0,neutral or dissatisfied
32663,Female,Loyal Customer,43,Business travel,Eco,101,5,4,4,4,2,3,1,5,5,5,5,1,5,1,0,0.0,satisfied
122399,Male,Loyal Customer,40,Business travel,Business,3162,1,1,1,1,2,4,4,4,4,4,4,3,4,4,62,54.0,satisfied
67421,Male,disloyal Customer,21,Business travel,Eco,641,3,3,3,3,1,3,1,1,2,4,4,1,4,1,0,0.0,neutral or dissatisfied
90418,Female,Loyal Customer,53,Business travel,Business,545,4,4,4,4,2,4,5,5,5,5,5,5,5,4,0,0.0,satisfied
27696,Female,Loyal Customer,55,Personal Travel,Eco,1107,4,1,4,3,3,2,3,1,1,4,1,3,1,2,0,0.0,neutral or dissatisfied
27930,Female,disloyal Customer,25,Business travel,Business,1770,3,5,3,2,1,3,1,1,4,2,3,5,4,1,0,0.0,neutral or dissatisfied
37076,Male,Loyal Customer,10,Personal Travel,Eco,1072,3,4,3,2,1,3,1,1,5,4,5,3,5,1,18,0.0,neutral or dissatisfied
68909,Female,Loyal Customer,47,Personal Travel,Eco,1061,2,4,2,2,5,5,5,5,5,2,1,5,5,4,0,12.0,neutral or dissatisfied
115155,Male,disloyal Customer,38,Business travel,Eco,296,3,3,3,3,1,3,1,1,4,3,3,4,3,1,0,0.0,neutral or dissatisfied
45510,Female,Loyal Customer,38,Business travel,Business,3709,1,3,3,3,5,3,3,1,1,1,1,2,1,4,0,3.0,neutral or dissatisfied
11440,Female,disloyal Customer,22,Business travel,Business,140,5,2,5,5,2,5,2,2,4,3,5,5,4,2,2,0.0,satisfied
110369,Male,Loyal Customer,38,Business travel,Business,1730,4,4,1,4,2,5,5,4,4,4,4,5,4,3,12,11.0,satisfied
5209,Male,Loyal Customer,39,Business travel,Business,3625,5,5,5,5,5,5,4,5,5,5,5,4,5,4,2,1.0,satisfied
66081,Female,Loyal Customer,59,Personal Travel,Eco,1055,2,4,2,3,4,4,4,2,2,2,2,3,2,5,9,0.0,neutral or dissatisfied
49213,Male,disloyal Customer,32,Business travel,Eco,158,1,5,2,3,4,2,4,4,4,4,4,5,4,4,0,0.0,neutral or dissatisfied
57264,Male,Loyal Customer,22,Business travel,Business,3011,3,3,3,3,3,3,3,3,2,3,2,2,3,3,1,0.0,neutral or dissatisfied
74057,Female,Loyal Customer,52,Business travel,Business,2527,4,4,4,4,4,4,4,5,4,5,4,4,5,4,0,0.0,satisfied
32654,Male,disloyal Customer,68,Business travel,Eco,163,2,2,2,3,4,2,4,4,1,1,2,1,3,4,0,9.0,neutral or dissatisfied
43214,Female,Loyal Customer,36,Business travel,Eco,472,4,3,3,3,4,4,4,4,5,4,2,3,2,4,0,0.0,satisfied
119414,Male,Loyal Customer,16,Business travel,Business,399,2,5,5,5,2,2,2,2,1,4,3,1,2,2,0,0.0,neutral or dissatisfied
112203,Male,disloyal Customer,22,Business travel,Eco,649,3,1,3,3,2,3,5,2,3,4,3,1,4,2,0,0.0,neutral or dissatisfied
26806,Male,Loyal Customer,68,Personal Travel,Eco,2139,2,5,2,4,1,2,1,1,3,5,4,5,5,1,37,23.0,neutral or dissatisfied
73408,Female,disloyal Customer,34,Business travel,Eco,1012,2,2,2,5,3,2,3,3,1,2,1,2,4,3,1,0.0,neutral or dissatisfied
74237,Male,Loyal Customer,45,Business travel,Business,1007,4,4,4,4,5,4,4,5,5,5,5,5,5,5,0,0.0,satisfied
99731,Female,disloyal Customer,25,Business travel,Business,255,1,0,1,3,1,3,3,5,5,5,4,3,4,3,198,185.0,neutral or dissatisfied
101993,Female,Loyal Customer,21,Personal Travel,Eco,628,1,4,0,4,4,0,4,4,2,5,1,5,1,4,13,0.0,neutral or dissatisfied
82688,Female,disloyal Customer,8,Business travel,Eco,632,1,1,2,3,2,2,1,2,4,2,4,4,3,2,5,0.0,neutral or dissatisfied
109392,Male,Loyal Customer,10,Personal Travel,Eco,1189,0,5,0,2,1,0,5,1,3,4,5,3,5,1,7,0.0,satisfied
71296,Male,Loyal Customer,14,Personal Travel,Eco Plus,733,4,1,4,1,4,4,4,4,1,2,1,1,2,4,23,26.0,neutral or dissatisfied
63786,Male,Loyal Customer,27,Business travel,Business,1721,3,3,3,3,4,4,4,4,5,2,4,1,1,4,0,0.0,satisfied
63407,Female,Loyal Customer,52,Personal Travel,Eco,337,4,5,4,1,5,5,5,2,2,4,5,3,2,4,6,0.0,neutral or dissatisfied
44602,Female,Loyal Customer,40,Business travel,Business,508,3,3,3,3,3,4,4,5,5,5,5,2,5,1,0,26.0,satisfied
108783,Male,Loyal Customer,33,Business travel,Business,406,4,3,3,3,4,4,4,4,1,4,4,4,4,4,13,12.0,neutral or dissatisfied
10778,Female,Loyal Customer,56,Business travel,Business,2531,4,4,4,4,2,4,4,4,4,4,5,5,4,5,1,0.0,satisfied
126019,Male,disloyal Customer,23,Business travel,Business,600,4,0,4,2,1,4,1,1,5,5,4,4,4,1,12,9.0,satisfied
86027,Male,Loyal Customer,72,Business travel,Eco,447,5,1,1,1,5,5,5,5,5,4,4,4,4,5,0,0.0,satisfied
7838,Male,Loyal Customer,9,Personal Travel,Eco Plus,710,4,5,5,2,5,5,5,5,4,3,5,4,4,5,17,11.0,neutral or dissatisfied
95870,Female,disloyal Customer,23,Business travel,Business,759,5,0,5,4,4,5,4,4,5,3,5,5,4,4,0,0.0,satisfied
114630,Male,Loyal Customer,58,Business travel,Business,362,5,2,5,5,5,5,5,4,4,4,4,3,4,3,6,7.0,satisfied
60232,Male,Loyal Customer,16,Business travel,Eco,1546,3,3,3,3,3,3,2,3,2,1,3,3,4,3,17,7.0,neutral or dissatisfied
17460,Male,Loyal Customer,53,Business travel,Eco,677,5,1,1,1,5,5,5,5,5,5,1,5,3,5,6,17.0,satisfied
64185,Female,Loyal Customer,33,Business travel,Business,3271,2,5,5,5,5,3,3,2,2,2,2,1,2,1,0,0.0,neutral or dissatisfied
53617,Male,Loyal Customer,41,Business travel,Business,1874,2,1,1,1,1,2,3,2,2,2,2,1,2,3,84,69.0,neutral or dissatisfied
17239,Male,disloyal Customer,36,Business travel,Business,1092,2,2,2,1,1,2,1,1,5,4,5,3,4,1,0,0.0,neutral or dissatisfied
55758,Female,Loyal Customer,46,Business travel,Business,1737,5,5,5,5,3,4,4,5,5,5,5,4,5,4,0,0.0,satisfied
28039,Female,Loyal Customer,44,Business travel,Business,1037,2,2,2,2,4,1,5,4,4,5,4,5,4,3,0,0.0,satisfied
63729,Female,disloyal Customer,43,Business travel,Eco,160,2,4,2,3,1,2,1,1,1,1,4,3,3,1,0,4.0,neutral or dissatisfied
95596,Female,disloyal Customer,21,Business travel,Eco,822,3,3,3,3,4,3,2,4,2,2,4,2,3,4,0,0.0,neutral or dissatisfied
92520,Female,Loyal Customer,18,Personal Travel,Eco,2139,4,5,4,1,1,4,5,1,3,4,5,5,4,1,0,0.0,neutral or dissatisfied
43077,Male,Loyal Customer,54,Personal Travel,Eco,192,1,5,1,1,5,1,5,5,2,4,1,3,1,5,115,109.0,neutral or dissatisfied
21036,Male,Loyal Customer,48,Business travel,Business,2393,1,1,1,1,2,1,5,4,4,4,4,2,4,5,0,0.0,satisfied
63179,Male,Loyal Customer,59,Business travel,Business,447,1,1,1,1,5,5,4,5,5,5,5,4,5,5,0,5.0,satisfied
101263,Male,Loyal Customer,43,Business travel,Business,1910,1,1,1,1,5,4,5,2,2,2,2,5,2,3,8,0.0,satisfied
57655,Female,Loyal Customer,20,Personal Travel,Eco,200,1,3,1,2,3,1,3,3,2,2,5,3,1,3,51,48.0,neutral or dissatisfied
75901,Male,Loyal Customer,56,Business travel,Eco,597,3,1,2,1,3,3,3,3,3,4,4,1,3,3,113,111.0,neutral or dissatisfied
113022,Male,disloyal Customer,23,Business travel,Business,169,1,2,1,3,2,1,2,2,1,2,4,1,4,2,1,0.0,neutral or dissatisfied
38704,Female,disloyal Customer,23,Business travel,Eco,954,5,5,5,1,5,5,5,5,5,4,5,3,4,5,77,102.0,satisfied
125829,Female,Loyal Customer,35,Business travel,Business,3155,1,4,1,4,1,4,4,1,1,1,1,1,1,3,0,0.0,neutral or dissatisfied
18084,Male,Loyal Customer,24,Personal Travel,Eco,488,3,1,3,4,3,3,3,3,1,4,2,3,4,3,3,0.0,neutral or dissatisfied
63885,Male,Loyal Customer,49,Business travel,Business,1820,3,3,3,3,3,4,5,3,3,4,3,3,3,5,0,2.0,satisfied
52419,Male,Loyal Customer,9,Personal Travel,Eco,355,3,5,3,4,2,3,2,2,5,3,5,3,4,2,0,3.0,neutral or dissatisfied
124826,Female,disloyal Customer,23,Business travel,Eco,280,4,0,4,5,2,4,2,2,4,4,4,3,1,2,0,0.0,neutral or dissatisfied
89460,Female,Loyal Customer,12,Personal Travel,Eco,134,3,2,0,3,1,0,4,1,1,5,3,2,4,1,0,0.0,neutral or dissatisfied
85297,Female,Loyal Customer,25,Personal Travel,Eco,731,1,4,1,3,2,1,2,2,4,3,4,1,4,2,20,10.0,neutral or dissatisfied
47152,Male,Loyal Customer,39,Business travel,Business,1534,1,1,1,1,5,2,4,5,5,5,5,2,5,5,0,0.0,satisfied
55748,Male,Loyal Customer,39,Business travel,Business,1737,2,2,2,2,4,3,4,4,4,4,4,4,4,4,0,0.0,satisfied
49971,Male,Loyal Customer,40,Business travel,Business,110,2,2,2,2,1,2,5,4,4,4,5,2,4,3,0,0.0,satisfied
77851,Female,Loyal Customer,16,Personal Travel,Eco Plus,731,0,1,0,2,2,0,2,2,3,3,2,4,3,2,0,0.0,satisfied
52628,Female,disloyal Customer,16,Business travel,Eco,160,2,0,2,4,4,2,4,4,4,1,5,2,1,4,0,0.0,neutral or dissatisfied
16669,Female,Loyal Customer,53,Personal Travel,Eco,488,3,4,3,3,2,4,4,1,1,3,1,1,1,1,0,0.0,neutral or dissatisfied
23219,Male,Loyal Customer,37,Personal Travel,Eco,326,1,3,1,4,5,1,5,5,4,4,3,4,4,5,30,26.0,neutral or dissatisfied
9488,Female,disloyal Customer,39,Business travel,Business,239,5,5,5,4,5,5,5,5,5,2,5,4,4,5,0,45.0,satisfied
71577,Female,disloyal Customer,39,Business travel,Business,1120,2,2,2,3,1,2,1,1,4,4,5,5,5,1,0,0.0,neutral or dissatisfied
127447,Female,Loyal Customer,56,Personal Travel,Eco Plus,1009,4,1,4,3,4,4,4,2,2,4,2,2,2,4,0,0.0,neutral or dissatisfied
5684,Male,disloyal Customer,39,Business travel,Eco,196,3,2,3,3,2,3,2,2,3,5,3,3,3,2,42,31.0,neutral or dissatisfied
107934,Female,Loyal Customer,48,Business travel,Eco,611,2,1,1,1,3,3,2,2,2,2,2,2,2,4,0,0.0,neutral or dissatisfied
124902,Male,Loyal Customer,60,Business travel,Business,728,3,3,3,3,2,4,4,4,4,4,4,4,4,4,11,7.0,satisfied
100602,Male,Loyal Customer,30,Business travel,Business,2402,3,2,5,2,3,2,3,3,1,1,3,4,4,3,0,6.0,neutral or dissatisfied
23332,Male,Loyal Customer,25,Personal Travel,Eco,809,3,3,3,3,3,3,3,3,1,2,3,1,3,3,63,70.0,neutral or dissatisfied
41210,Male,Loyal Customer,52,Business travel,Eco,1091,5,5,5,5,5,5,5,5,5,3,2,3,1,5,0,0.0,satisfied
107728,Female,Loyal Customer,41,Personal Travel,Eco,251,1,1,1,3,5,1,5,5,1,4,3,1,2,5,1,0.0,neutral or dissatisfied
23591,Male,disloyal Customer,50,Business travel,Eco,1024,3,3,3,1,1,3,1,1,1,2,4,1,4,1,1,21.0,neutral or dissatisfied
102351,Male,disloyal Customer,62,Business travel,Eco,386,3,2,3,3,2,3,2,2,4,2,4,2,3,2,1,0.0,neutral or dissatisfied
633,Female,Loyal Customer,53,Business travel,Business,3785,5,5,5,5,4,4,4,4,4,4,5,5,4,5,0,0.0,satisfied
118350,Female,Loyal Customer,58,Personal Travel,Eco,602,2,3,1,5,5,3,3,1,1,1,1,1,1,3,0,0.0,neutral or dissatisfied
469,Male,Loyal Customer,48,Business travel,Business,3617,0,5,0,4,2,5,5,3,3,3,3,5,3,4,0,15.0,satisfied
6862,Male,Loyal Customer,46,Business travel,Business,622,1,1,1,1,5,4,4,4,4,4,4,4,4,3,0,0.0,satisfied
43276,Male,disloyal Customer,24,Business travel,Eco,463,4,5,4,1,4,4,4,4,5,1,5,5,3,4,5,0.0,neutral or dissatisfied
90761,Male,Loyal Customer,58,Business travel,Business,594,1,1,1,1,5,4,5,4,4,4,4,5,4,4,42,35.0,satisfied
9815,Female,Loyal Customer,23,Personal Travel,Eco,955,2,3,2,3,2,2,2,2,1,3,3,4,4,2,4,0.0,neutral or dissatisfied
118846,Male,disloyal Customer,20,Business travel,Eco Plus,646,2,2,2,3,3,2,3,3,2,2,4,4,3,3,34,32.0,neutral or dissatisfied
30730,Female,Loyal Customer,28,Business travel,Eco,1069,0,0,0,5,2,0,2,2,5,5,1,3,3,2,2,4.0,satisfied
107501,Male,Loyal Customer,16,Personal Travel,Eco,711,1,5,1,1,2,1,2,2,5,4,1,3,2,2,91,79.0,neutral or dissatisfied
68529,Female,disloyal Customer,26,Business travel,Business,1013,5,5,5,5,1,5,1,1,5,3,4,3,5,1,0,0.0,satisfied
95361,Female,Loyal Customer,58,Personal Travel,Eco,677,2,3,2,4,4,4,3,1,1,2,1,2,1,1,17,0.0,neutral or dissatisfied
73000,Female,Loyal Customer,59,Personal Travel,Eco,1096,3,3,3,3,4,3,3,5,5,3,5,3,5,1,3,0.0,neutral or dissatisfied
79090,Male,Loyal Customer,58,Personal Travel,Eco,356,3,4,3,2,5,3,1,5,3,5,5,3,5,5,0,0.0,neutral or dissatisfied
76410,Male,Loyal Customer,21,Personal Travel,Business,405,3,5,3,4,3,3,1,3,3,3,4,4,4,3,0,0.0,neutral or dissatisfied
88615,Female,Loyal Customer,70,Personal Travel,Eco,581,2,5,2,3,4,5,5,5,5,2,5,3,5,4,0,0.0,neutral or dissatisfied
33090,Female,Loyal Customer,69,Personal Travel,Eco,101,1,5,1,2,3,5,5,2,2,1,2,3,2,3,12,17.0,neutral or dissatisfied
10369,Male,disloyal Customer,38,Business travel,Business,667,5,4,4,3,4,1,3,4,3,5,4,3,4,3,173,178.0,satisfied
743,Female,Loyal Customer,52,Business travel,Business,1975,0,0,0,4,5,5,4,1,1,1,1,4,1,3,0,0.0,satisfied
51571,Male,disloyal Customer,25,Business travel,Eco,425,2,0,2,2,5,2,5,5,1,2,4,1,2,5,0,0.0,neutral or dissatisfied
73849,Male,Loyal Customer,56,Business travel,Eco,1810,1,3,3,3,1,1,1,1,1,2,4,2,3,1,0,0.0,neutral or dissatisfied
31760,Female,Loyal Customer,12,Business travel,Business,2036,3,3,3,3,4,4,4,4,5,4,2,3,2,4,0,1.0,satisfied
28264,Female,Loyal Customer,35,Personal Travel,Eco,1542,1,4,1,5,5,1,1,5,3,2,5,4,4,5,0,0.0,neutral or dissatisfied
51968,Male,Loyal Customer,41,Business travel,Eco,936,1,1,1,1,1,1,1,1,1,3,1,1,2,1,0,0.0,neutral or dissatisfied
104900,Female,Loyal Customer,22,Business travel,Business,1565,3,3,3,3,5,5,5,5,5,4,5,3,4,5,1,0.0,satisfied
56097,Male,Loyal Customer,29,Business travel,Business,2402,5,5,5,5,4,4,4,5,2,5,5,4,4,4,154,204.0,satisfied
70904,Male,disloyal Customer,39,Business travel,Business,221,4,4,4,3,4,4,4,4,2,2,4,2,4,4,0,0.0,neutral or dissatisfied
111068,Male,Loyal Customer,50,Personal Travel,Eco,319,3,3,3,1,1,3,1,1,3,2,3,4,5,1,16,22.0,neutral or dissatisfied
73791,Female,Loyal Customer,51,Business travel,Business,204,4,4,4,4,2,5,5,5,5,5,5,5,5,5,1,8.0,satisfied
4054,Female,Loyal Customer,10,Personal Travel,Eco,483,1,0,1,2,3,1,5,3,4,5,5,5,4,3,24,2.0,neutral or dissatisfied
84722,Female,Loyal Customer,30,Business travel,Business,534,5,5,5,5,4,4,4,4,5,3,4,4,4,4,1,0.0,satisfied
9756,Male,Loyal Customer,15,Business travel,Business,1621,2,2,2,2,2,2,2,2,2,2,3,1,4,2,0,0.0,neutral or dissatisfied
51862,Male,disloyal Customer,37,Business travel,Eco,522,5,0,5,4,2,5,4,2,5,3,3,2,1,2,0,18.0,satisfied
70490,Male,Loyal Customer,42,Business travel,Eco,867,2,1,1,1,2,2,2,2,4,5,2,2,1,2,1,35.0,neutral or dissatisfied
7356,Female,Loyal Customer,32,Personal Travel,Eco,864,3,4,3,3,5,3,5,5,5,3,3,1,2,5,22,20.0,neutral or dissatisfied
126933,Male,disloyal Customer,23,Business travel,Business,304,4,0,4,4,4,4,4,4,5,4,5,5,5,4,0,0.0,satisfied
17314,Male,Loyal Customer,33,Business travel,Eco,403,3,3,3,3,3,3,3,3,1,4,3,4,3,3,0,0.0,neutral or dissatisfied
48135,Female,disloyal Customer,40,Business travel,Business,259,5,5,5,1,4,5,5,4,3,3,5,4,2,4,16,9.0,satisfied
74915,Male,disloyal Customer,27,Business travel,Business,1106,5,5,5,1,5,2,2,3,5,4,5,2,5,2,272,262.0,satisfied
28794,Female,Loyal Customer,63,Personal Travel,Business,978,3,4,3,1,3,5,4,4,4,3,4,3,4,3,0,0.0,neutral or dissatisfied
90365,Female,Loyal Customer,58,Business travel,Business,515,5,5,5,5,4,4,5,4,4,4,4,4,4,5,53,43.0,satisfied
87585,Male,Loyal Customer,49,Personal Travel,Eco,432,1,4,1,1,5,1,5,5,3,2,4,5,4,5,6,0.0,neutral or dissatisfied
18433,Male,Loyal Customer,59,Business travel,Business,127,1,1,1,1,3,4,4,5,5,5,5,4,5,5,0,0.0,satisfied
22337,Male,Loyal Customer,39,Business travel,Eco,238,4,3,3,3,4,4,4,4,3,2,3,5,2,4,0,0.0,satisfied
128867,Female,Loyal Customer,47,Business travel,Business,2454,2,2,2,2,4,4,4,5,5,5,4,4,4,4,0,0.0,satisfied
72263,Female,Loyal Customer,40,Business travel,Eco,919,2,1,1,1,2,3,2,2,2,2,3,4,3,2,0,0.0,neutral or dissatisfied
42223,Male,disloyal Customer,62,Business travel,Eco,329,2,0,2,5,4,2,3,4,4,1,4,5,3,4,39,36.0,neutral or dissatisfied
99177,Male,Loyal Customer,47,Business travel,Business,351,4,3,4,4,5,4,4,4,4,4,4,3,4,3,14,14.0,satisfied
120595,Female,Loyal Customer,28,Personal Travel,Eco,980,3,4,3,3,4,3,1,4,4,5,4,3,5,4,0,0.0,neutral or dissatisfied
23639,Male,Loyal Customer,41,Personal Travel,Eco,911,3,5,3,4,1,3,1,1,4,3,5,3,5,1,0,0.0,neutral or dissatisfied
53695,Male,disloyal Customer,23,Business travel,Eco,1190,3,3,3,2,1,3,1,1,2,3,2,2,2,1,2,8.0,neutral or dissatisfied
48569,Male,Loyal Customer,23,Personal Travel,Eco,737,3,4,3,3,3,3,3,3,4,5,2,4,4,3,1,0.0,neutral or dissatisfied
80714,Male,Loyal Customer,37,Business travel,Business,2483,2,2,2,2,2,3,4,2,2,1,2,3,2,2,0,1.0,neutral or dissatisfied
76445,Male,Loyal Customer,43,Business travel,Business,2560,4,4,4,4,5,5,4,5,5,5,5,5,5,3,0,0.0,satisfied
2576,Male,Loyal Customer,65,Business travel,Business,3018,2,2,2,2,1,2,3,4,4,4,4,4,4,1,40,41.0,satisfied
107421,Female,disloyal Customer,25,Business travel,Eco,123,2,0,2,5,1,2,1,1,1,1,2,2,4,1,2,1.0,neutral or dissatisfied
370,Male,Loyal Customer,49,Business travel,Business,3770,1,1,1,1,4,5,4,5,5,5,4,5,5,4,0,0.0,satisfied
35819,Female,Loyal Customer,23,Business travel,Eco,1068,4,2,3,3,4,4,4,4,5,4,5,2,5,4,0,0.0,satisfied
87062,Male,Loyal Customer,43,Business travel,Business,3849,5,5,5,5,4,4,4,5,5,5,5,4,5,3,0,0.0,satisfied
64160,Female,Loyal Customer,59,Business travel,Eco,589,3,4,4,4,4,2,1,3,3,3,3,4,3,2,44,26.0,neutral or dissatisfied
7194,Female,Loyal Customer,46,Business travel,Business,2620,4,4,4,4,4,5,5,4,4,4,4,4,4,3,0,0.0,satisfied
88307,Male,Loyal Customer,41,Business travel,Business,406,2,2,5,2,4,5,4,3,3,3,3,4,3,5,0,0.0,satisfied
126071,Female,Loyal Customer,45,Business travel,Business,1946,3,3,4,3,4,5,4,4,4,4,4,3,4,4,0,0.0,satisfied
54363,Female,Loyal Customer,32,Personal Travel,Eco,1235,1,3,1,1,5,1,1,5,5,5,3,5,3,5,3,0.0,neutral or dissatisfied
22160,Female,Loyal Customer,30,Business travel,Business,2835,5,5,5,5,4,4,4,4,3,3,4,5,1,4,0,0.0,satisfied
113383,Male,Loyal Customer,54,Business travel,Business,2720,4,4,2,4,5,4,4,4,4,5,4,4,4,3,0,0.0,satisfied
101948,Male,Loyal Customer,17,Business travel,Business,1639,3,3,3,3,4,4,4,4,2,5,5,4,3,4,258,252.0,satisfied
124342,Male,Loyal Customer,51,Business travel,Business,637,4,4,2,4,2,3,1,3,3,4,3,3,3,4,0,0.0,satisfied
4544,Female,disloyal Customer,38,Business travel,Eco,719,2,2,2,3,4,2,4,4,2,1,4,1,4,4,0,0.0,neutral or dissatisfied
28856,Male,Loyal Customer,42,Business travel,Business,1544,5,5,5,5,4,1,3,5,5,5,5,5,5,3,0,0.0,satisfied
89922,Male,disloyal Customer,14,Business travel,Eco,1310,1,1,1,3,4,1,1,4,1,1,3,2,3,4,11,9.0,neutral or dissatisfied
73497,Male,Loyal Customer,23,Personal Travel,Eco,1197,3,2,3,4,3,3,3,3,1,4,2,2,4,3,0,2.0,neutral or dissatisfied
840,Female,Loyal Customer,51,Business travel,Business,229,2,1,1,1,5,3,3,2,2,2,2,3,2,4,12,4.0,neutral or dissatisfied
41849,Male,Loyal Customer,31,Business travel,Eco,483,5,4,4,4,5,5,5,2,2,1,4,5,3,5,126,139.0,satisfied
95298,Male,Loyal Customer,10,Personal Travel,Eco,248,2,5,0,1,2,0,5,2,3,3,5,3,5,2,69,71.0,neutral or dissatisfied
77249,Male,Loyal Customer,59,Business travel,Business,1590,1,1,4,1,5,4,4,4,4,4,4,5,4,3,0,0.0,satisfied
90879,Male,Loyal Customer,52,Business travel,Business,270,2,3,3,3,1,3,4,2,2,2,2,1,2,1,0,0.0,neutral or dissatisfied
54910,Male,Loyal Customer,56,Business travel,Business,2689,2,5,2,2,2,4,4,4,4,4,4,4,4,3,0,6.0,satisfied
23895,Female,Loyal Customer,61,Business travel,Business,579,3,3,1,1,3,3,3,3,3,3,3,4,3,4,0,11.0,neutral or dissatisfied
4481,Female,Loyal Customer,57,Business travel,Eco,747,4,2,2,2,5,3,3,4,4,4,4,3,4,3,0,0.0,neutral or dissatisfied
3682,Male,Loyal Customer,16,Business travel,Business,431,3,2,2,2,3,3,3,3,4,2,3,4,3,3,2,0.0,neutral or dissatisfied
31243,Male,Loyal Customer,48,Business travel,Eco,472,5,3,3,3,5,5,5,5,1,4,4,5,3,5,0,0.0,satisfied
43014,Male,Loyal Customer,52,Business travel,Business,2229,1,2,2,2,3,3,2,2,2,2,1,2,2,3,0,0.0,neutral or dissatisfied
60671,Female,Loyal Customer,38,Business travel,Business,1620,1,1,1,1,2,3,5,5,5,5,5,3,5,4,7,3.0,satisfied
37866,Female,Loyal Customer,36,Business travel,Business,1902,3,1,3,1,5,4,3,3,3,3,3,3,3,2,34,46.0,neutral or dissatisfied
36545,Male,disloyal Customer,29,Business travel,Eco,1249,1,1,1,5,5,1,5,5,1,5,5,2,2,5,0,0.0,neutral or dissatisfied
126063,Male,Loyal Customer,42,Business travel,Business,507,5,5,5,5,5,4,5,2,2,2,2,3,2,5,0,0.0,satisfied
120625,Female,Loyal Customer,52,Business travel,Business,2142,0,0,0,4,5,5,4,2,2,2,2,5,2,3,15,8.0,satisfied
50729,Female,Loyal Customer,21,Personal Travel,Eco,190,1,4,1,3,2,1,2,2,5,4,4,3,4,2,93,105.0,neutral or dissatisfied
124012,Male,Loyal Customer,17,Business travel,Business,184,1,5,5,5,3,3,1,3,2,2,3,3,4,3,15,0.0,neutral or dissatisfied
8877,Male,disloyal Customer,10,Business travel,Eco,622,3,3,3,3,3,3,3,3,1,2,4,1,4,3,0,11.0,neutral or dissatisfied
125343,Male,disloyal Customer,28,Business travel,Business,599,5,5,5,5,4,5,4,4,5,3,5,5,4,4,1,4.0,satisfied
46433,Male,Loyal Customer,30,Business travel,Eco Plus,649,1,5,4,5,1,1,1,1,3,5,3,4,4,1,0,0.0,neutral or dissatisfied
62367,Male,Loyal Customer,49,Business travel,Business,2704,1,1,4,1,5,4,5,4,4,4,4,3,4,3,69,48.0,satisfied
64377,Female,Loyal Customer,52,Personal Travel,Eco,1192,5,5,5,2,2,4,4,5,5,5,5,1,5,5,9,0.0,satisfied
14904,Female,Loyal Customer,9,Personal Travel,Eco,296,3,5,3,2,3,5,5,3,2,4,4,5,5,5,142,147.0,neutral or dissatisfied
85165,Female,Loyal Customer,29,Business travel,Business,1717,4,4,3,4,4,3,4,4,1,3,3,4,4,4,7,8.0,neutral or dissatisfied
38486,Female,Loyal Customer,41,Business travel,Business,2446,4,5,4,4,4,3,4,4,4,4,4,3,4,5,18,0.0,satisfied
95638,Male,Loyal Customer,61,Personal Travel,Eco,670,2,4,2,2,2,2,2,2,4,4,4,5,5,2,5,0.0,neutral or dissatisfied
118580,Female,Loyal Customer,42,Business travel,Business,370,3,3,3,3,4,5,4,4,4,4,4,4,4,5,24,22.0,satisfied
42219,Male,Loyal Customer,51,Business travel,Business,550,4,4,4,4,3,2,2,4,4,4,4,1,4,5,29,20.0,satisfied
80955,Male,Loyal Customer,62,Personal Travel,Eco,872,2,3,2,2,4,2,4,4,4,5,2,1,3,4,0,0.0,neutral or dissatisfied
72029,Male,Loyal Customer,42,Business travel,Business,3784,4,4,4,4,4,4,4,4,2,4,5,4,3,4,0,0.0,satisfied
75897,Male,Loyal Customer,56,Business travel,Business,603,5,5,5,5,4,4,5,5,5,5,5,5,5,3,89,86.0,satisfied
113798,Male,disloyal Customer,27,Business travel,Business,223,3,3,3,4,5,3,5,5,4,5,3,3,4,5,12,9.0,neutral or dissatisfied
85241,Female,Loyal Customer,47,Business travel,Eco,296,2,5,5,5,1,3,4,1,1,2,1,1,1,2,1,6.0,neutral or dissatisfied
11213,Female,Loyal Customer,22,Personal Travel,Eco,312,3,2,4,3,1,4,1,1,1,4,3,3,3,1,0,6.0,neutral or dissatisfied
123992,Male,disloyal Customer,20,Business travel,Business,184,0,0,0,4,3,0,3,3,3,3,4,5,5,3,0,0.0,satisfied
120865,Male,disloyal Customer,30,Business travel,Business,951,3,3,3,2,5,3,3,5,3,2,5,3,5,5,2,8.0,neutral or dissatisfied
106671,Female,Loyal Customer,9,Personal Travel,Business,451,3,4,3,3,2,3,2,2,5,5,4,5,4,2,0,0.0,neutral or dissatisfied
13301,Male,Loyal Customer,55,Personal Travel,Eco Plus,657,3,3,3,4,1,3,1,1,4,3,4,3,4,1,0,2.0,neutral or dissatisfied
5616,Male,disloyal Customer,36,Business travel,Business,285,3,3,3,5,1,3,1,1,5,5,4,2,1,1,9,0.0,neutral or dissatisfied
117703,Male,disloyal Customer,12,Business travel,Eco,792,2,2,2,4,5,2,4,5,4,3,4,5,4,5,12,4.0,neutral or dissatisfied
72400,Female,Loyal Customer,46,Business travel,Business,2401,1,1,1,1,3,4,5,4,4,4,4,3,4,4,0,0.0,satisfied
28097,Male,disloyal Customer,36,Business travel,Eco,859,2,2,2,2,1,2,5,1,2,2,5,5,3,1,0,0.0,neutral or dissatisfied
96661,Male,Loyal Customer,37,Personal Travel,Eco,972,1,1,1,3,5,1,5,5,4,1,4,4,4,5,20,11.0,neutral or dissatisfied
60600,Female,Loyal Customer,30,Personal Travel,Eco Plus,1290,3,4,3,4,4,3,4,4,4,4,3,4,5,4,13,4.0,neutral or dissatisfied
75533,Male,Loyal Customer,57,Business travel,Business,337,3,2,4,4,3,3,4,3,3,3,3,4,3,2,4,4.0,neutral or dissatisfied
59173,Male,Loyal Customer,19,Personal Travel,Eco Plus,1846,3,2,2,3,1,2,1,1,1,5,3,2,4,1,0,0.0,neutral or dissatisfied
15605,Male,Loyal Customer,53,Business travel,Business,292,1,3,3,3,1,4,3,1,1,1,1,4,1,4,59,57.0,neutral or dissatisfied
71806,Male,Loyal Customer,39,Business travel,Business,1652,1,1,1,1,2,3,4,3,3,3,3,3,3,5,3,0.0,satisfied
41315,Female,disloyal Customer,25,Business travel,Eco,802,1,2,2,1,4,2,3,4,1,2,2,5,2,4,0,0.0,neutral or dissatisfied
26839,Female,Loyal Customer,39,Business travel,Business,1946,2,4,4,4,3,4,3,2,2,3,2,3,2,4,0,4.0,neutral or dissatisfied
107621,Male,Loyal Customer,44,Business travel,Business,423,2,3,3,3,1,3,4,2,2,2,2,1,2,2,31,18.0,neutral or dissatisfied
93042,Female,Loyal Customer,43,Business travel,Eco,436,1,4,4,4,2,4,3,1,1,1,1,4,1,4,0,6.0,neutral or dissatisfied
81500,Male,Loyal Customer,27,Personal Travel,Eco,528,4,5,2,1,2,1,1,3,3,4,4,1,4,1,214,204.0,neutral or dissatisfied
71187,Male,disloyal Customer,19,Business travel,Eco,733,3,3,3,3,5,3,5,5,5,3,4,4,5,5,79,65.0,neutral or dissatisfied
42132,Female,Loyal Customer,9,Personal Travel,Eco Plus,996,2,5,2,3,1,2,1,1,3,2,4,5,4,1,13,9.0,neutral or dissatisfied
73064,Male,Loyal Customer,20,Personal Travel,Eco Plus,1089,2,5,2,4,3,2,3,3,2,5,5,2,3,3,29,24.0,neutral or dissatisfied
108672,Male,Loyal Customer,31,Business travel,Business,1846,2,2,2,2,2,2,2,2,4,5,3,4,3,2,13,6.0,neutral or dissatisfied
45771,Male,Loyal Customer,40,Business travel,Business,3695,1,1,1,1,4,3,1,5,5,5,5,2,5,5,0,0.0,satisfied
96572,Female,Loyal Customer,57,Business travel,Eco,333,4,4,4,4,1,4,5,4,4,4,4,3,4,2,6,1.0,satisfied
53428,Female,Loyal Customer,26,Business travel,Business,2288,3,3,3,3,2,2,2,4,3,5,2,2,3,2,1,23.0,satisfied
109254,Male,disloyal Customer,34,Business travel,Business,684,1,1,1,2,5,1,5,5,3,5,4,5,4,5,0,0.0,neutral or dissatisfied
86253,Male,Loyal Customer,43,Personal Travel,Eco,356,3,1,3,4,5,3,5,5,4,1,3,1,4,5,11,1.0,neutral or dissatisfied
19581,Female,Loyal Customer,58,Personal Travel,Eco,173,1,4,1,3,3,3,4,1,1,1,5,1,1,2,5,6.0,neutral or dissatisfied
49891,Female,disloyal Customer,40,Business travel,Business,308,3,3,3,1,4,3,4,4,2,3,3,4,2,4,0,0.0,satisfied
74578,Female,Loyal Customer,42,Business travel,Eco,1242,1,1,1,1,2,3,3,1,1,1,1,2,1,1,0,0.0,neutral or dissatisfied
121826,Female,disloyal Customer,23,Business travel,Eco,366,1,0,1,3,4,1,4,4,2,4,4,3,4,4,0,0.0,neutral or dissatisfied
44661,Male,Loyal Customer,56,Business travel,Business,2090,1,3,3,3,2,4,4,3,3,3,1,3,3,3,0,0.0,neutral or dissatisfied
46328,Male,Loyal Customer,55,Personal Travel,Eco,420,2,2,2,3,2,2,2,2,2,1,4,2,4,2,2,19.0,neutral or dissatisfied
38487,Male,Loyal Customer,53,Business travel,Business,2475,5,5,5,5,3,4,5,5,5,5,5,5,5,4,3,0.0,satisfied
80085,Female,Loyal Customer,40,Business travel,Eco Plus,647,4,1,1,1,4,4,4,4,5,1,2,3,1,4,0,0.0,satisfied
56960,Female,disloyal Customer,22,Business travel,Eco,1018,4,4,4,4,5,4,3,5,5,4,1,5,2,5,21,4.0,neutral or dissatisfied
122898,Female,Loyal Customer,25,Business travel,Business,650,2,2,4,2,5,5,5,5,3,3,4,4,4,5,0,1.0,satisfied
39508,Female,Loyal Customer,25,Business travel,Business,3075,4,4,4,4,4,4,4,4,1,5,3,4,4,4,24,4.0,satisfied
86346,Male,Loyal Customer,53,Business travel,Business,2210,1,1,1,1,4,5,4,4,4,4,4,3,4,5,0,0.0,satisfied
16927,Female,Loyal Customer,22,Business travel,Business,820,1,1,1,1,5,5,5,5,4,3,1,4,3,5,0,0.0,satisfied
52834,Female,disloyal Customer,35,Business travel,Eco,1721,2,2,2,5,2,2,3,2,2,3,3,5,1,2,0,0.0,neutral or dissatisfied
116493,Male,Loyal Customer,41,Personal Travel,Eco,337,2,5,2,1,2,2,5,2,5,5,4,4,4,2,4,0.0,neutral or dissatisfied
74924,Male,disloyal Customer,49,Business travel,Eco,2475,2,2,2,4,2,2,2,2,1,3,2,2,4,2,13,0.0,neutral or dissatisfied
100895,Male,disloyal Customer,19,Business travel,Business,377,4,4,4,3,3,4,5,3,3,5,5,4,5,3,37,42.0,satisfied
37183,Male,Loyal Customer,8,Personal Travel,Eco,1189,2,2,2,2,1,2,1,1,1,2,1,4,2,1,0,0.0,neutral or dissatisfied
61816,Male,Loyal Customer,60,Personal Travel,Eco,1379,2,4,2,1,4,2,4,4,5,2,4,2,1,4,0,0.0,neutral or dissatisfied
116404,Female,Loyal Customer,62,Personal Travel,Eco,358,2,4,3,3,2,5,4,2,2,3,2,3,2,5,0,0.0,neutral or dissatisfied
88097,Female,disloyal Customer,29,Business travel,Eco,515,3,2,3,4,5,3,5,5,4,3,3,1,3,5,13,14.0,neutral or dissatisfied
111406,Male,Loyal Customer,11,Personal Travel,Eco,1050,3,5,3,1,3,3,3,3,5,5,5,4,4,3,17,16.0,neutral or dissatisfied
82720,Male,Loyal Customer,50,Personal Travel,Eco,632,4,5,4,3,3,4,1,3,5,2,5,3,5,3,3,0.0,neutral or dissatisfied
53340,Male,disloyal Customer,46,Business travel,Eco,1145,2,2,2,2,5,2,3,5,2,2,2,4,1,5,35,52.0,neutral or dissatisfied
83478,Male,disloyal Customer,29,Business travel,Business,946,3,3,3,2,4,3,4,4,5,5,5,4,5,4,29,12.0,neutral or dissatisfied
6795,Male,Loyal Customer,62,Business travel,Business,3724,2,2,2,2,3,5,5,5,5,5,5,5,5,4,0,0.0,satisfied
55946,Male,Loyal Customer,53,Personal Travel,Business,1620,3,4,2,3,4,4,4,3,3,2,3,5,3,4,15,7.0,neutral or dissatisfied
14834,Male,Loyal Customer,41,Business travel,Eco,261,5,4,4,4,5,5,5,5,1,1,5,5,4,5,0,0.0,satisfied
47414,Female,Loyal Customer,27,Business travel,Business,588,4,4,4,4,4,4,4,4,2,2,3,1,2,4,0,0.0,neutral or dissatisfied
116202,Female,Loyal Customer,32,Personal Travel,Eco,337,4,4,4,3,5,4,3,5,1,4,3,4,2,5,87,73.0,neutral or dissatisfied
28053,Male,Loyal Customer,44,Business travel,Business,2603,5,5,5,5,5,5,5,3,4,5,5,5,4,5,0,9.0,satisfied
16654,Male,Loyal Customer,42,Business travel,Eco,488,2,4,4,4,2,2,2,2,4,3,4,1,3,2,124,122.0,neutral or dissatisfied
24428,Male,Loyal Customer,37,Personal Travel,Eco,634,1,5,1,1,1,1,1,1,3,2,5,5,5,1,4,9.0,neutral or dissatisfied
69100,Male,Loyal Customer,42,Business travel,Business,1389,5,5,5,5,5,4,5,2,2,2,2,5,2,4,4,0.0,satisfied
4489,Female,Loyal Customer,50,Personal Travel,Business,551,3,4,3,3,3,2,4,5,5,3,3,3,5,4,0,0.0,neutral or dissatisfied
1940,Female,Loyal Customer,47,Business travel,Business,2157,0,1,1,1,5,4,5,5,5,5,5,3,5,3,0,0.0,satisfied
75646,Female,Loyal Customer,57,Business travel,Business,3644,1,1,1,1,5,4,4,4,4,4,4,3,4,5,0,0.0,satisfied
114816,Female,Loyal Customer,39,Business travel,Business,308,0,0,0,4,4,5,5,1,1,1,1,5,1,3,1,0.0,satisfied
124876,Male,Loyal Customer,41,Business travel,Business,2835,4,4,4,4,4,5,4,5,5,5,5,4,5,4,0,2.0,satisfied
2303,Male,Loyal Customer,45,Business travel,Business,3362,4,4,3,4,5,5,5,3,3,2,3,5,3,5,264,272.0,satisfied
75796,Male,Loyal Customer,50,Personal Travel,Eco,813,3,5,3,3,5,3,3,5,2,4,4,5,3,5,28,23.0,neutral or dissatisfied
63397,Male,Loyal Customer,24,Personal Travel,Eco,372,1,0,1,5,1,1,1,1,1,4,4,5,1,1,9,10.0,neutral or dissatisfied
64748,Male,disloyal Customer,42,Business travel,Business,247,2,2,2,3,1,2,1,1,5,3,4,4,4,1,0,4.0,neutral or dissatisfied
33930,Male,Loyal Customer,44,Personal Travel,Business,1072,4,4,4,3,3,4,4,3,3,4,4,3,3,4,0,0.0,neutral or dissatisfied
2661,Male,Loyal Customer,34,Business travel,Business,539,5,5,2,5,2,5,5,2,2,2,2,5,2,3,23,26.0,satisfied
19339,Female,Loyal Customer,12,Personal Travel,Eco,694,2,5,2,5,2,2,2,2,4,2,5,4,4,2,12,8.0,neutral or dissatisfied
1094,Female,Loyal Customer,52,Personal Travel,Eco,89,4,4,4,3,4,5,5,5,5,4,4,3,5,5,0,0.0,satisfied
100192,Female,Loyal Customer,55,Personal Travel,Eco,725,3,4,3,4,4,3,4,2,2,3,2,4,2,3,15,0.0,neutral or dissatisfied
69846,Female,Loyal Customer,69,Personal Travel,Eco,1055,3,4,3,3,4,5,4,4,4,3,4,4,4,3,5,0.0,neutral or dissatisfied
76086,Female,disloyal Customer,22,Business travel,Eco,669,2,0,2,3,5,2,5,5,2,3,4,4,2,5,0,0.0,neutral or dissatisfied
97708,Female,disloyal Customer,25,Business travel,Business,456,4,0,4,4,5,4,5,5,3,4,4,3,5,5,0,0.0,neutral or dissatisfied
24984,Male,disloyal Customer,42,Business travel,Eco,692,4,4,4,5,4,4,4,4,1,4,3,2,1,4,0,0.0,satisfied
30590,Female,Loyal Customer,33,Personal Travel,Eco,628,3,4,3,3,2,3,2,2,5,1,1,4,3,2,114,107.0,neutral or dissatisfied
16362,Female,Loyal Customer,58,Business travel,Eco,319,3,4,4,4,3,3,4,3,3,3,3,4,3,2,6,0.0,neutral or dissatisfied
4939,Female,Loyal Customer,58,Personal Travel,Eco,268,3,2,3,3,5,3,4,2,2,3,2,3,2,3,13,34.0,neutral or dissatisfied
92579,Male,Loyal Customer,70,Personal Travel,Eco Plus,2139,3,4,3,3,3,3,3,3,1,1,4,1,3,3,0,0.0,neutral or dissatisfied
72861,Female,disloyal Customer,8,Business travel,Eco,700,3,4,4,4,5,4,5,5,2,1,4,4,4,5,0,0.0,neutral or dissatisfied
22049,Female,Loyal Customer,50,Business travel,Eco,304,4,5,5,5,1,4,1,4,4,4,4,2,4,1,0,0.0,satisfied
111960,Male,Loyal Customer,48,Business travel,Business,2405,4,4,4,4,3,4,4,5,5,5,5,3,5,3,10,12.0,satisfied
26336,Female,Loyal Customer,50,Business travel,Business,1573,4,4,4,4,5,1,5,4,4,5,4,1,4,5,3,2.0,satisfied
30752,Female,Loyal Customer,66,Personal Travel,Eco,977,2,4,2,3,2,4,5,1,1,2,4,5,1,3,0,6.0,neutral or dissatisfied
67265,Female,Loyal Customer,14,Personal Travel,Eco,985,2,5,2,4,4,2,4,4,5,4,5,4,5,4,0,0.0,neutral or dissatisfied
31670,Female,Loyal Customer,69,Business travel,Eco,862,1,0,0,3,3,3,4,4,4,1,4,3,4,1,0,4.0,neutral or dissatisfied
83339,Male,Loyal Customer,30,Personal Travel,Eco Plus,2105,3,0,3,3,4,3,4,4,3,2,5,3,4,4,0,0.0,neutral or dissatisfied
35969,Male,Loyal Customer,21,Personal Travel,Eco,231,2,4,2,3,2,2,2,2,4,5,3,3,4,2,1,0.0,neutral or dissatisfied
95813,Male,Loyal Customer,24,Business travel,Eco Plus,1050,1,1,1,1,1,1,2,1,2,5,2,3,1,1,18,11.0,neutral or dissatisfied
121695,Male,disloyal Customer,21,Business travel,Eco,168,4,1,4,3,5,4,5,5,4,3,3,3,2,5,35,36.0,neutral or dissatisfied
97658,Male,Loyal Customer,25,Business travel,Business,3132,1,1,1,1,4,4,4,4,4,5,5,3,4,4,0,0.0,satisfied
27290,Male,disloyal Customer,30,Business travel,Eco,987,3,3,3,1,2,3,2,2,1,5,3,1,5,2,5,13.0,neutral or dissatisfied
49353,Female,disloyal Customer,21,Business travel,Eco,209,1,4,1,4,4,1,3,4,1,5,4,2,3,4,0,0.0,neutral or dissatisfied
95825,Female,disloyal Customer,36,Business travel,Eco,1028,2,2,2,4,2,2,5,2,3,3,4,1,4,2,0,9.0,neutral or dissatisfied
33320,Male,Loyal Customer,56,Business travel,Business,2556,4,4,5,4,3,4,3,2,2,2,2,4,2,5,0,0.0,satisfied
21659,Female,Loyal Customer,48,Business travel,Eco,746,4,4,4,4,3,4,2,4,4,4,4,2,4,4,0,0.0,satisfied
106890,Female,Loyal Customer,20,Personal Travel,Eco,577,2,4,1,4,3,1,3,3,4,4,3,3,4,3,5,0.0,neutral or dissatisfied
25965,Female,disloyal Customer,80,Business travel,Business,546,2,2,2,3,3,5,3,2,2,2,2,3,2,5,0,0.0,satisfied
8856,Female,Loyal Customer,59,Business travel,Business,2222,5,2,5,5,5,4,5,3,3,4,3,4,3,3,0,0.0,satisfied
91994,Female,Loyal Customer,37,Business travel,Eco,236,4,3,3,3,4,4,4,4,3,4,3,5,2,4,0,0.0,satisfied
93897,Male,Loyal Customer,32,Personal Travel,Eco,590,2,5,2,3,3,2,3,3,5,2,5,4,4,3,0,0.0,neutral or dissatisfied
30265,Male,Loyal Customer,40,Business travel,Eco,1024,2,2,2,2,2,2,2,2,1,3,3,1,4,2,0,11.0,neutral or dissatisfied
21221,Male,Loyal Customer,25,Personal Travel,Eco,259,5,1,5,3,1,5,1,1,4,1,3,3,4,1,0,0.0,satisfied
3538,Male,Loyal Customer,22,Personal Travel,Eco Plus,557,2,4,2,4,5,2,5,5,5,5,4,5,4,5,0,0.0,neutral or dissatisfied
53868,Female,Loyal Customer,58,Business travel,Business,2905,0,5,0,3,2,5,1,2,2,2,2,3,2,5,0,0.0,satisfied
61149,Female,Loyal Customer,44,Business travel,Business,2466,1,1,1,1,4,4,5,1,1,2,1,5,1,5,60,51.0,satisfied
67252,Male,Loyal Customer,8,Personal Travel,Eco,964,1,2,1,4,2,1,2,2,3,4,3,3,3,2,21,27.0,neutral or dissatisfied
61525,Female,Loyal Customer,19,Personal Travel,Eco,2442,2,5,2,3,3,2,3,3,5,3,5,3,5,3,14,15.0,neutral or dissatisfied
43449,Male,Loyal Customer,47,Business travel,Business,3729,3,1,1,1,2,3,3,3,3,3,3,3,3,3,0,0.0,neutral or dissatisfied
125160,Male,Loyal Customer,64,Personal Travel,Eco,969,3,4,3,1,5,3,5,5,5,3,5,4,4,5,0,0.0,neutral or dissatisfied
31988,Female,Loyal Customer,70,Personal Travel,Business,101,5,5,0,1,1,3,4,2,2,0,2,3,2,4,0,0.0,satisfied
18324,Female,Loyal Customer,59,Personal Travel,Eco,715,1,4,1,4,4,3,3,2,2,1,2,3,2,4,0,0.0,neutral or dissatisfied
64713,Female,Loyal Customer,39,Business travel,Business,3919,2,2,2,2,3,4,4,4,4,4,4,5,4,5,0,0.0,satisfied
25559,Female,Loyal Customer,39,Business travel,Eco,874,5,2,4,2,5,5,5,5,4,3,5,3,5,5,8,0.0,satisfied
37103,Male,disloyal Customer,27,Business travel,Business,1179,2,2,2,1,3,2,3,3,5,4,2,2,2,3,0,11.0,neutral or dissatisfied
13997,Male,Loyal Customer,30,Business travel,Business,1566,4,5,5,5,1,1,4,1,4,3,3,3,3,1,79,115.0,neutral or dissatisfied
12655,Female,disloyal Customer,13,Business travel,Eco,844,2,2,2,2,5,2,5,5,3,3,3,3,4,5,2,0.0,neutral or dissatisfied
5455,Female,Loyal Customer,42,Business travel,Business,3257,1,1,1,1,4,5,5,4,4,4,4,3,4,3,0,0.0,satisfied
64248,Male,Loyal Customer,61,Personal Travel,Eco,1660,3,4,4,5,1,4,1,1,5,3,4,3,5,1,0,20.0,neutral or dissatisfied
29207,Female,disloyal Customer,44,Business travel,Eco,891,4,4,4,4,3,4,3,3,1,2,5,1,3,3,44,83.0,satisfied
64777,Male,Loyal Customer,36,Business travel,Business,1935,3,3,3,3,5,5,4,5,5,5,5,4,5,4,4,0.0,satisfied
23924,Male,Loyal Customer,57,Personal Travel,Eco,579,1,5,0,3,1,0,1,1,2,3,5,5,2,1,0,0.0,neutral or dissatisfied
82357,Female,Loyal Customer,59,Business travel,Business,2715,2,2,2,2,3,4,4,4,4,4,4,3,4,3,0,0.0,satisfied
77896,Female,Loyal Customer,47,Business travel,Business,456,1,1,3,1,4,4,4,4,4,4,4,3,4,5,0,0.0,satisfied
77581,Female,Loyal Customer,36,Personal Travel,Business,689,2,5,2,4,4,5,4,5,5,2,5,5,5,3,0,0.0,neutral or dissatisfied
38090,Male,Loyal Customer,45,Business travel,Business,1237,1,3,4,4,2,2,2,1,1,1,1,2,1,1,6,15.0,neutral or dissatisfied
6750,Male,Loyal Customer,40,Business travel,Business,2145,4,4,4,4,3,4,5,3,3,4,5,4,3,5,0,0.0,satisfied
101550,Male,Loyal Customer,49,Personal Travel,Eco,345,2,2,2,3,1,2,1,1,3,1,4,4,4,1,0,4.0,neutral or dissatisfied
123557,Female,Loyal Customer,60,Business travel,Business,1773,5,5,5,5,3,4,5,4,4,4,4,5,4,4,12,0.0,satisfied
3903,Female,Loyal Customer,64,Personal Travel,Eco,213,2,5,2,1,5,5,5,4,4,2,4,4,4,5,58,28.0,neutral or dissatisfied
21415,Female,Loyal Customer,55,Business travel,Eco,399,5,1,1,1,4,3,1,4,4,5,4,4,4,3,3,8.0,satisfied
111149,Female,Loyal Customer,13,Personal Travel,Eco,1111,3,2,3,4,4,3,4,4,1,3,4,3,3,4,3,0.0,neutral or dissatisfied
1945,Male,Loyal Customer,36,Business travel,Business,1926,1,2,2,2,3,3,3,1,1,1,1,3,1,4,0,0.0,neutral or dissatisfied
115253,Male,Loyal Customer,59,Business travel,Business,2593,3,3,3,3,1,4,3,3,3,3,3,2,3,1,5,0.0,neutral or dissatisfied
27046,Female,Loyal Customer,44,Business travel,Eco,1709,4,5,5,5,3,3,4,3,3,4,3,3,3,1,0,0.0,satisfied
72825,Female,disloyal Customer,23,Business travel,Eco,1013,3,3,3,1,2,3,2,2,5,5,4,5,5,2,0,0.0,neutral or dissatisfied
83505,Male,Loyal Customer,46,Personal Travel,Eco,946,1,1,1,1,3,1,5,3,1,4,1,2,2,3,3,15.0,neutral or dissatisfied
14535,Female,Loyal Customer,36,Business travel,Eco,310,1,2,4,4,1,1,1,1,2,3,4,2,4,1,26,28.0,neutral or dissatisfied
99391,Male,Loyal Customer,58,Business travel,Eco,314,3,5,5,5,3,3,3,3,3,1,4,2,3,3,6,0.0,neutral or dissatisfied
13719,Male,Loyal Customer,55,Business travel,Business,384,5,5,5,5,3,5,3,5,5,5,5,5,5,5,21,19.0,satisfied
4044,Female,disloyal Customer,23,Business travel,Eco,479,2,0,2,4,5,2,5,5,3,1,2,1,3,5,0,0.0,neutral or dissatisfied
38224,Female,Loyal Customer,50,Personal Travel,Eco Plus,1185,3,5,3,5,5,4,5,3,3,3,3,5,3,5,0,0.0,neutral or dissatisfied
10296,Male,disloyal Customer,41,Business travel,Business,301,5,5,5,3,2,5,2,2,4,3,5,5,4,2,0,0.0,satisfied
27907,Male,Loyal Customer,35,Business travel,Business,2311,4,4,4,4,5,5,5,3,4,3,1,5,3,5,0,0.0,satisfied
45659,Male,Loyal Customer,56,Business travel,Eco Plus,260,5,5,5,5,5,5,5,5,4,2,4,3,5,5,0,5.0,satisfied
68659,Male,disloyal Customer,21,Business travel,Eco,175,2,3,1,3,2,1,2,2,4,3,2,4,2,2,0,0.0,neutral or dissatisfied
30745,Male,disloyal Customer,27,Business travel,Eco,977,2,2,2,4,5,2,5,5,1,5,5,5,2,5,34,96.0,neutral or dissatisfied
5005,Female,Loyal Customer,46,Business travel,Business,2062,2,2,2,2,3,2,1,4,4,4,4,2,4,5,0,0.0,satisfied
20277,Female,Loyal Customer,59,Personal Travel,Eco,224,4,5,0,1,4,5,4,5,5,0,5,5,5,4,25,10.0,neutral or dissatisfied
69511,Male,Loyal Customer,36,Business travel,Business,1746,2,2,2,2,5,3,4,5,5,5,5,5,5,4,0,0.0,satisfied
369,Female,Loyal Customer,53,Business travel,Business,2366,2,2,2,2,4,4,4,4,4,4,4,5,4,3,0,0.0,satisfied
96198,Female,disloyal Customer,26,Business travel,Eco,666,3,4,4,3,3,4,3,3,4,5,3,1,3,3,43,81.0,neutral or dissatisfied
63324,Female,Loyal Customer,51,Business travel,Business,2049,4,3,3,3,3,3,4,4,4,4,4,1,4,3,1,0.0,neutral or dissatisfied
66241,Female,disloyal Customer,24,Business travel,Eco,550,1,3,1,3,5,1,5,5,2,3,4,4,4,5,0,0.0,neutral or dissatisfied
14124,Female,Loyal Customer,41,Business travel,Eco,528,5,3,4,3,5,5,5,5,3,5,5,4,2,5,75,73.0,satisfied
80256,Male,Loyal Customer,51,Business travel,Business,1969,2,2,2,2,3,3,5,5,5,5,5,3,5,5,0,1.0,satisfied
10277,Male,Loyal Customer,50,Business travel,Business,2883,3,3,5,3,3,5,5,4,4,4,4,4,4,4,88,79.0,satisfied
34627,Male,Loyal Customer,61,Personal Travel,Business,541,2,4,2,1,4,1,5,3,3,2,3,2,3,4,0,0.0,neutral or dissatisfied
21013,Male,Loyal Customer,47,Business travel,Business,3651,4,2,4,4,5,5,5,5,5,5,5,3,5,3,0,0.0,satisfied
13336,Male,Loyal Customer,49,Business travel,Business,946,5,5,5,5,5,4,1,5,5,5,5,4,5,3,0,21.0,satisfied
127047,Male,disloyal Customer,21,Business travel,Eco,370,5,0,5,1,3,5,3,3,3,4,4,3,5,3,0,0.0,satisfied
92010,Female,Loyal Customer,19,Personal Travel,Business,1576,2,4,2,4,4,2,4,4,5,4,4,4,4,4,0,0.0,neutral or dissatisfied
118722,Female,Loyal Customer,35,Personal Travel,Eco,368,3,2,3,4,4,3,4,4,1,3,4,4,3,4,0,0.0,neutral or dissatisfied
44214,Male,Loyal Customer,22,Business travel,Business,359,5,5,5,5,5,5,5,5,2,5,3,3,5,5,0,0.0,satisfied
28231,Female,disloyal Customer,24,Business travel,Eco,1009,4,4,4,4,2,4,3,2,5,4,2,4,4,2,0,4.0,satisfied
93769,Female,Loyal Customer,51,Business travel,Eco Plus,368,1,0,0,3,4,4,3,3,3,1,3,1,3,4,27,18.0,neutral or dissatisfied
83828,Female,Loyal Customer,45,Business travel,Business,2529,3,3,3,3,4,4,4,4,4,4,4,4,4,3,0,0.0,satisfied
75253,Female,Loyal Customer,24,Personal Travel,Eco,1723,1,5,1,3,2,1,2,2,3,4,3,5,5,2,4,0.0,neutral or dissatisfied
99471,Male,Loyal Customer,41,Business travel,Business,1573,0,0,0,2,3,5,4,3,3,3,3,4,3,4,15,20.0,satisfied
63991,Male,Loyal Customer,52,Business travel,Business,1578,5,5,4,5,4,5,5,4,4,5,4,5,4,4,0,0.0,satisfied
129097,Male,disloyal Customer,27,Business travel,Business,1331,5,5,5,4,5,4,4,5,2,4,4,4,3,4,0,0.0,satisfied
67614,Female,disloyal Customer,25,Business travel,Business,1205,0,3,0,4,2,0,2,2,5,3,5,3,4,2,0,9.0,satisfied
21252,Male,Loyal Customer,10,Personal Travel,Eco Plus,317,2,3,2,3,1,2,1,1,2,4,3,1,3,1,0,0.0,neutral or dissatisfied
63932,Female,Loyal Customer,55,Personal Travel,Eco,1158,3,3,4,4,2,5,3,4,4,4,4,4,4,1,0,0.0,neutral or dissatisfied
83036,Male,Loyal Customer,42,Business travel,Business,2784,3,3,3,3,2,3,2,3,3,3,3,2,3,3,0,5.0,neutral or dissatisfied
113756,Female,Loyal Customer,21,Personal Travel,Eco,223,4,5,4,2,1,4,1,1,3,2,5,5,5,1,0,0.0,neutral or dissatisfied
25245,Male,Loyal Customer,70,Personal Travel,Eco,925,2,5,2,2,1,2,1,1,4,3,2,4,2,1,0,0.0,neutral or dissatisfied
83543,Male,Loyal Customer,43,Business travel,Business,1121,4,4,4,4,4,4,4,5,5,5,5,4,5,3,0,10.0,satisfied
17707,Female,disloyal Customer,38,Business travel,Eco,311,3,1,3,3,1,3,1,1,4,4,4,2,4,1,0,0.0,neutral or dissatisfied
107278,Male,Loyal Customer,62,Business travel,Business,307,2,4,5,4,2,3,4,2,2,2,2,3,2,4,31,22.0,neutral or dissatisfied
126161,Female,disloyal Customer,27,Business travel,Business,507,2,2,2,4,4,2,4,4,4,4,4,4,4,4,0,0.0,neutral or dissatisfied
25664,Male,Loyal Customer,57,Business travel,Business,3482,3,2,2,2,3,3,3,3,3,3,3,2,3,2,13,18.0,neutral or dissatisfied
27966,Female,Loyal Customer,40,Personal Travel,Eco,1660,3,0,3,3,5,3,5,5,5,4,4,3,4,5,2,0.0,neutral or dissatisfied
112977,Female,Loyal Customer,64,Personal Travel,Eco Plus,1497,2,2,2,3,5,4,4,2,2,2,2,4,2,1,12,12.0,neutral or dissatisfied
32446,Male,Loyal Customer,40,Business travel,Business,216,1,1,1,1,5,4,3,1,1,1,1,4,1,2,0,0.0,neutral or dissatisfied
46948,Male,Loyal Customer,27,Personal Travel,Eco,819,4,2,4,2,3,4,3,3,1,4,3,2,2,3,34,48.0,neutral or dissatisfied
14536,Male,Loyal Customer,69,Business travel,Business,362,1,5,5,5,1,1,1,3,4,4,3,1,4,1,215,216.0,neutral or dissatisfied
71275,Male,Loyal Customer,68,Personal Travel,Eco,733,1,4,1,4,2,1,2,2,1,3,4,1,3,2,1,0.0,neutral or dissatisfied
15505,Male,Loyal Customer,8,Personal Travel,Eco,331,4,3,4,3,2,4,2,2,1,1,3,5,1,2,1,0.0,neutral or dissatisfied
128935,Male,Loyal Customer,53,Business travel,Business,3448,4,4,4,4,3,5,4,4,4,4,4,3,4,4,69,78.0,satisfied
46781,Female,Loyal Customer,46,Business travel,Business,3159,4,4,4,4,2,4,4,5,5,5,5,4,5,5,58,56.0,satisfied
35706,Female,Loyal Customer,50,Personal Travel,Eco,2465,1,5,1,3,1,4,4,3,5,4,4,4,3,4,0,24.0,neutral or dissatisfied
66851,Female,Loyal Customer,46,Personal Travel,Eco,731,2,4,3,3,4,1,2,4,4,3,4,2,4,1,0,1.0,neutral or dissatisfied
61446,Male,Loyal Customer,39,Business travel,Business,2358,5,5,5,5,5,5,4,4,4,4,4,3,4,5,0,0.0,satisfied
12475,Female,Loyal Customer,70,Personal Travel,Eco,127,4,4,4,3,3,3,3,4,4,4,4,1,4,2,0,0.0,neutral or dissatisfied
111524,Male,Loyal Customer,49,Business travel,Business,775,2,2,2,2,2,4,4,5,5,5,5,4,5,5,24,19.0,satisfied
83508,Male,Loyal Customer,25,Personal Travel,Eco,946,2,3,2,3,3,2,5,3,1,3,3,1,3,3,0,3.0,neutral or dissatisfied
74348,Female,Loyal Customer,35,Business travel,Business,1235,1,1,1,1,4,5,5,4,4,4,4,3,4,3,2,16.0,satisfied
9277,Male,disloyal Customer,35,Business travel,Business,1190,4,4,4,1,4,4,2,4,3,2,5,4,4,4,4,0.0,neutral or dissatisfied
75932,Male,Loyal Customer,48,Business travel,Business,1894,3,5,3,3,5,5,5,5,5,5,5,5,5,5,307,299.0,satisfied
67104,Female,Loyal Customer,47,Business travel,Business,985,1,1,1,1,2,4,4,3,3,3,3,4,3,4,0,7.0,satisfied
66280,Male,disloyal Customer,26,Business travel,Business,550,4,4,4,3,3,4,3,3,3,4,5,4,5,3,2,0.0,satisfied
20763,Female,Loyal Customer,48,Business travel,Business,3930,4,4,4,4,2,5,5,5,5,5,5,4,5,4,120,109.0,satisfied
21644,Female,Loyal Customer,30,Personal Travel,Eco,853,5,4,5,4,1,4,1,1,5,4,5,3,5,1,0,0.0,satisfied
17528,Female,Loyal Customer,34,Business travel,Eco Plus,341,5,2,2,2,5,5,5,5,2,4,3,2,2,5,32,22.0,satisfied
59926,Female,Loyal Customer,58,Business travel,Eco,937,3,5,5,5,5,4,3,3,3,3,3,2,3,3,85,91.0,neutral or dissatisfied
5886,Male,Loyal Customer,45,Business travel,Business,2628,4,4,4,4,2,4,5,5,5,5,5,3,5,4,15,17.0,satisfied
88646,Male,Loyal Customer,9,Personal Travel,Eco,444,3,4,3,3,3,3,3,3,3,2,5,4,4,3,0,0.0,neutral or dissatisfied
53671,Female,Loyal Customer,40,Business travel,Business,3778,3,3,3,3,5,4,2,5,5,5,5,4,5,2,29,17.0,satisfied
75720,Male,Loyal Customer,67,Business travel,Business,1729,2,2,2,2,2,3,4,2,2,2,2,3,2,1,0,0.0,neutral or dissatisfied
42951,Male,Loyal Customer,62,Business travel,Business,3934,2,2,4,2,4,3,1,5,5,4,5,5,5,4,58,47.0,satisfied
45072,Male,Loyal Customer,45,Personal Travel,Eco,342,3,3,3,3,4,3,4,4,5,3,2,1,1,4,39,19.0,neutral or dissatisfied
103374,Female,Loyal Customer,46,Business travel,Business,342,4,4,4,4,5,5,4,4,4,4,4,4,4,4,5,0.0,satisfied
125550,Male,Loyal Customer,47,Business travel,Business,226,4,4,4,4,2,5,4,4,4,4,4,5,4,5,0,0.0,satisfied
29307,Female,Loyal Customer,37,Personal Travel,Eco,933,3,4,4,5,5,4,5,5,5,3,4,3,5,5,0,0.0,neutral or dissatisfied
97470,Male,Loyal Customer,48,Business travel,Business,3439,5,5,5,5,5,5,4,5,5,5,5,4,5,5,0,0.0,satisfied
62522,Male,Loyal Customer,53,Business travel,Business,1744,3,3,3,3,3,4,4,4,4,4,4,4,4,5,0,0.0,satisfied
78609,Female,Loyal Customer,57,Business travel,Business,1426,4,4,2,4,2,4,5,4,4,5,4,3,4,3,0,0.0,satisfied
57885,Female,Loyal Customer,47,Business travel,Business,2660,3,3,3,3,2,5,5,4,4,4,4,5,4,5,0,0.0,satisfied
35224,Female,Loyal Customer,46,Business travel,Business,1005,3,5,3,5,1,4,3,3,3,3,3,1,3,1,112,110.0,neutral or dissatisfied
46938,Female,Loyal Customer,44,Personal Travel,Eco,845,5,4,5,2,2,5,4,1,1,5,1,4,1,4,29,8.0,satisfied
70555,Male,Loyal Customer,51,Business travel,Business,3780,4,4,4,4,3,4,5,4,4,4,4,5,4,4,0,0.0,satisfied
69114,Female,disloyal Customer,43,Business travel,Business,998,3,3,3,4,1,3,1,1,3,3,3,1,4,1,0,0.0,neutral or dissatisfied
60483,Female,disloyal Customer,40,Business travel,Business,794,1,1,1,2,3,1,3,3,5,5,5,3,4,3,6,0.0,neutral or dissatisfied
13476,Male,Loyal Customer,22,Personal Travel,Eco Plus,475,1,3,1,2,3,1,3,3,4,1,5,5,3,3,0,0.0,neutral or dissatisfied
45343,Male,Loyal Customer,34,Personal Travel,Eco,188,1,3,1,3,5,1,5,5,1,4,3,4,3,5,0,8.0,neutral or dissatisfied
102842,Male,Loyal Customer,36,Business travel,Business,2236,1,3,3,3,4,3,4,1,1,1,1,3,1,1,0,18.0,neutral or dissatisfied
111131,Female,Loyal Customer,26,Business travel,Business,2402,2,2,2,2,3,3,3,3,4,5,5,4,5,3,10,0.0,satisfied
72399,Male,Loyal Customer,58,Business travel,Business,3944,5,5,2,5,5,5,4,4,4,4,4,5,4,3,0,0.0,satisfied
103485,Male,Loyal Customer,45,Business travel,Eco,440,4,3,1,3,4,4,4,4,1,5,3,2,3,4,2,8.0,neutral or dissatisfied
84118,Female,Loyal Customer,46,Business travel,Business,1900,1,5,2,2,3,4,3,1,1,1,1,3,1,1,0,0.0,neutral or dissatisfied
12370,Male,Loyal Customer,31,Business travel,Business,3438,2,2,2,2,4,4,4,4,5,3,4,3,4,4,0,0.0,satisfied
122602,Female,Loyal Customer,47,Business travel,Eco,728,2,4,4,4,5,3,3,2,2,2,2,3,2,4,0,0.0,neutral or dissatisfied
127688,Female,Loyal Customer,38,Business travel,Business,2133,4,4,4,4,4,4,4,5,5,5,5,3,5,3,10,1.0,satisfied
129108,Male,Loyal Customer,26,Personal Travel,Eco,2342,3,1,3,4,4,3,4,4,1,5,3,1,3,4,0,0.0,neutral or dissatisfied
85943,Female,Loyal Customer,47,Business travel,Business,432,5,5,5,5,3,5,5,5,5,5,5,4,5,3,8,0.0,satisfied
9698,Female,Loyal Customer,40,Personal Travel,Eco,199,5,4,5,3,2,5,1,2,5,5,5,3,5,2,0,0.0,satisfied
51829,Female,Loyal Customer,45,Business travel,Eco Plus,509,4,4,3,4,1,5,3,4,4,4,4,1,4,1,0,0.0,satisfied
60237,Female,disloyal Customer,25,Business travel,Eco,1607,2,2,2,4,4,2,1,4,2,4,1,3,2,4,0,0.0,neutral or dissatisfied
42866,Female,disloyal Customer,29,Business travel,Eco,867,3,3,3,1,4,3,4,4,3,1,3,4,2,4,0,0.0,neutral or dissatisfied
121344,Female,disloyal Customer,16,Business travel,Eco,430,1,4,1,3,4,1,2,4,1,2,3,1,3,4,18,32.0,neutral or dissatisfied
19870,Female,Loyal Customer,49,Business travel,Business,1961,1,1,1,1,4,4,5,5,5,5,5,4,5,5,4,0.0,satisfied
96197,Male,Loyal Customer,51,Business travel,Business,2959,5,5,4,5,4,4,4,5,5,5,5,5,5,5,3,0.0,satisfied
101267,Male,Loyal Customer,11,Personal Travel,Eco,2176,3,4,3,3,3,3,3,3,2,4,5,5,5,3,37,32.0,neutral or dissatisfied
75307,Female,Loyal Customer,59,Business travel,Business,2556,4,4,4,4,5,4,4,4,4,3,5,4,4,4,34,28.0,satisfied
13957,Male,Loyal Customer,33,Personal Travel,Eco,153,3,4,0,1,5,0,4,5,5,3,5,4,4,5,0,0.0,neutral or dissatisfied
52783,Female,Loyal Customer,29,Business travel,Business,1874,1,2,1,1,1,1,1,1,1,3,2,4,4,1,0,0.0,neutral or dissatisfied
108561,Male,Loyal Customer,51,Personal Travel,Eco,735,3,5,3,1,5,3,5,5,4,5,4,4,4,5,3,0.0,neutral or dissatisfied
45095,Female,Loyal Customer,28,Personal Travel,Business,177,1,3,1,3,2,1,2,2,4,1,3,1,2,2,0,0.0,neutral or dissatisfied
120294,Male,disloyal Customer,22,Business travel,Eco,268,5,0,5,3,5,5,5,5,5,2,4,4,5,5,0,12.0,satisfied
100973,Female,Loyal Customer,60,Business travel,Business,1524,1,1,1,1,2,5,4,5,5,5,5,3,5,3,6,0.0,satisfied
70713,Female,Loyal Customer,50,Business travel,Business,675,1,4,4,4,1,3,4,1,1,1,1,3,1,3,0,0.0,neutral or dissatisfied
86185,Female,disloyal Customer,28,Business travel,Eco,356,4,2,4,4,5,4,5,5,2,5,4,1,4,5,1,0.0,neutral or dissatisfied
11322,Male,Loyal Customer,70,Personal Travel,Eco,166,3,5,3,2,1,3,1,1,3,2,5,4,4,1,0,0.0,neutral or dissatisfied
96478,Male,Loyal Customer,54,Business travel,Eco,302,1,3,3,3,1,1,1,1,1,4,4,3,4,1,31,28.0,neutral or dissatisfied
2871,Male,Loyal Customer,24,Business travel,Eco,409,5,1,1,1,5,5,5,5,5,3,5,1,1,5,0,0.0,satisfied
98573,Female,Loyal Customer,47,Business travel,Business,3221,2,2,2,2,5,5,5,5,5,5,5,3,5,4,34,26.0,satisfied
37354,Female,Loyal Customer,30,Business travel,Business,1674,4,4,4,4,5,5,5,5,1,3,2,4,4,5,116,100.0,satisfied
44459,Female,disloyal Customer,21,Business travel,Eco,196,5,0,5,1,4,5,4,4,5,1,5,1,1,4,0,0.0,satisfied
90681,Female,Loyal Customer,26,Business travel,Business,3892,2,2,2,2,3,4,3,3,4,5,5,5,4,3,14,7.0,satisfied
2611,Female,Loyal Customer,67,Personal Travel,Eco,304,1,1,1,2,2,3,2,3,3,1,3,4,3,3,16,12.0,neutral or dissatisfied
10036,Female,disloyal Customer,45,Business travel,Eco,230,4,2,4,2,1,4,1,1,5,1,1,4,2,1,0,0.0,satisfied
91701,Female,Loyal Customer,42,Business travel,Business,3309,1,1,1,1,3,5,5,4,4,4,4,3,4,4,26,7.0,satisfied
128346,Female,Loyal Customer,45,Business travel,Business,370,5,5,5,5,3,5,5,1,1,2,1,3,1,5,0,0.0,satisfied
1485,Male,Loyal Customer,33,Business travel,Business,2151,4,4,4,4,4,4,4,4,3,2,5,5,5,4,0,5.0,satisfied
40751,Female,Loyal Customer,27,Business travel,Business,599,1,1,1,1,2,2,2,1,5,1,5,2,3,2,120,151.0,satisfied
115284,Male,disloyal Customer,36,Business travel,Eco,446,4,2,4,4,5,4,4,5,2,2,4,4,3,5,104,100.0,neutral or dissatisfied
97430,Female,Loyal Customer,52,Business travel,Business,2814,5,5,1,5,4,4,5,5,5,5,5,5,5,4,15,7.0,satisfied
39737,Male,Loyal Customer,13,Personal Travel,Eco,320,3,4,3,5,3,5,5,2,5,3,4,5,5,5,171,179.0,neutral or dissatisfied
66749,Male,Loyal Customer,38,Personal Travel,Eco,802,3,3,2,4,5,2,5,5,1,1,3,2,3,5,0,0.0,neutral or dissatisfied
82230,Female,Loyal Customer,21,Business travel,Eco,405,0,3,0,3,5,0,5,5,2,4,4,5,5,5,0,0.0,satisfied
30387,Male,Loyal Customer,16,Business travel,Business,775,2,1,1,1,2,2,2,2,2,5,3,4,3,2,42,38.0,neutral or dissatisfied
98327,Female,Loyal Customer,48,Personal Travel,Business,1046,1,4,2,2,3,4,4,5,5,2,5,3,5,5,0,0.0,neutral or dissatisfied
92249,Female,Loyal Customer,53,Business travel,Business,1670,1,1,1,1,4,3,4,1,1,1,1,3,1,2,0,0.0,neutral or dissatisfied
103505,Male,Loyal Customer,49,Business travel,Business,3455,1,1,1,1,5,5,4,4,4,4,4,4,4,5,10,2.0,satisfied
31627,Male,disloyal Customer,40,Business travel,Eco,846,2,2,2,3,1,2,1,1,3,1,1,2,3,1,0,12.0,neutral or dissatisfied
48075,Male,Loyal Customer,51,Business travel,Business,3247,2,2,2,2,5,4,3,2,2,2,2,2,2,4,98,87.0,neutral or dissatisfied
126641,Female,disloyal Customer,27,Business travel,Business,602,2,2,2,3,4,2,4,4,3,2,4,4,5,4,116,93.0,neutral or dissatisfied
25284,Male,disloyal Customer,38,Business travel,Eco,321,4,0,4,1,3,4,3,3,2,4,1,1,1,3,0,0.0,neutral or dissatisfied
109445,Female,Loyal Customer,26,Business travel,Business,951,4,4,4,4,4,4,4,4,5,3,5,5,4,4,0,0.0,satisfied
48221,Male,Loyal Customer,16,Personal Travel,Eco,192,4,4,4,3,4,4,4,4,5,4,5,5,4,4,42,31.0,neutral or dissatisfied
37555,Male,Loyal Customer,40,Business travel,Business,3059,2,2,2,2,1,5,1,4,4,4,4,3,4,3,65,42.0,satisfied
128796,Female,disloyal Customer,23,Business travel,Eco,1194,2,2,2,2,2,3,4,4,3,5,5,4,5,4,0,6.0,neutral or dissatisfied
5927,Male,Loyal Customer,28,Personal Travel,Eco,173,2,4,0,2,5,0,5,5,4,5,4,4,4,5,0,0.0,neutral or dissatisfied
17056,Male,disloyal Customer,27,Business travel,Business,1134,2,2,2,4,1,2,1,1,2,2,3,3,4,1,11,21.0,neutral or dissatisfied
32781,Female,Loyal Customer,41,Business travel,Business,3544,4,4,4,4,1,4,3,1,1,1,4,3,1,4,0,0.0,neutral or dissatisfied
126035,Female,Loyal Customer,51,Business travel,Business,547,5,5,5,5,2,5,5,5,5,5,5,5,5,3,71,64.0,satisfied
109138,Female,Loyal Customer,50,Business travel,Business,401,3,1,4,4,1,4,3,3,3,3,3,1,3,1,43,26.0,neutral or dissatisfied
60099,Female,Loyal Customer,45,Business travel,Business,3961,1,1,1,1,2,4,4,2,2,2,2,5,2,4,0,0.0,satisfied
55617,Female,Loyal Customer,22,Business travel,Eco Plus,404,0,1,1,1,0,1,2,0,4,5,3,2,4,0,0,0.0,neutral or dissatisfied
46895,Male,disloyal Customer,24,Business travel,Eco,819,5,5,5,2,2,5,2,2,5,3,5,5,2,2,8,7.0,satisfied
121381,Female,Loyal Customer,20,Personal Travel,Eco,2279,3,5,3,3,4,3,4,4,5,5,5,4,4,4,3,0.0,neutral or dissatisfied
76909,Female,Loyal Customer,43,Personal Travel,Eco,630,2,2,2,2,3,3,3,2,2,2,2,4,2,3,1,13.0,neutral or dissatisfied
116692,Male,Loyal Customer,41,Business travel,Business,417,3,3,3,3,2,4,4,2,2,2,2,5,2,5,4,2.0,satisfied
123007,Male,Loyal Customer,42,Business travel,Business,3426,5,5,5,5,3,5,5,5,5,5,5,3,5,3,0,0.0,satisfied
121526,Female,Loyal Customer,46,Business travel,Business,912,4,4,4,4,2,5,5,4,4,4,4,3,4,4,2,0.0,satisfied
93518,Male,Loyal Customer,20,Business travel,Business,1569,5,5,5,5,4,4,4,4,3,2,4,3,5,4,1,14.0,satisfied
126884,Female,Loyal Customer,38,Personal Travel,Eco,2125,2,4,2,4,5,2,5,5,3,5,2,1,1,5,0,6.0,neutral or dissatisfied
48043,Male,Loyal Customer,59,Business travel,Eco,677,2,4,4,4,2,2,2,2,4,2,4,1,3,2,0,0.0,neutral or dissatisfied
60171,Female,Loyal Customer,61,Personal Travel,Eco,1120,2,5,2,2,5,4,4,4,4,2,4,5,4,4,0,0.0,neutral or dissatisfied
115616,Male,Loyal Customer,30,Business travel,Business,296,2,2,2,2,2,2,2,2,4,1,4,4,4,2,0,0.0,neutral or dissatisfied
87986,Male,disloyal Customer,46,Business travel,Business,406,3,3,3,4,1,3,1,1,3,5,4,4,4,1,25,18.0,neutral or dissatisfied
68105,Male,Loyal Customer,18,Personal Travel,Eco,868,5,1,4,4,5,4,2,5,1,2,4,2,3,5,99,116.0,satisfied
121931,Female,Loyal Customer,38,Business travel,Eco Plus,366,3,2,2,2,3,3,3,3,4,2,4,1,4,3,0,0.0,neutral or dissatisfied
101356,Male,Loyal Customer,48,Personal Travel,Business,1986,4,4,4,4,5,1,2,2,2,4,2,4,2,2,40,31.0,neutral or dissatisfied
35911,Male,Loyal Customer,31,Business travel,Eco,2248,0,0,0,3,4,0,4,4,2,3,4,3,1,4,0,0.0,satisfied
15918,Male,disloyal Customer,25,Business travel,Eco,738,2,2,2,5,3,2,3,3,2,3,4,5,2,3,6,4.0,neutral or dissatisfied
67474,Male,Loyal Customer,48,Personal Travel,Eco,641,2,4,2,4,4,2,4,4,5,2,5,5,5,4,0,0.0,neutral or dissatisfied
25650,Female,Loyal Customer,30,Personal Travel,Eco,666,2,2,2,4,2,2,2,2,2,5,4,1,3,2,0,0.0,neutral or dissatisfied
30588,Male,Loyal Customer,38,Personal Travel,Eco,628,1,4,1,2,3,1,2,3,5,4,4,5,4,3,4,0.0,neutral or dissatisfied
100350,Female,Loyal Customer,43,Personal Travel,Eco,1165,4,4,4,2,3,4,5,1,1,4,1,4,1,4,2,0.0,satisfied
103931,Male,Loyal Customer,25,Business travel,Business,770,1,1,1,1,4,4,4,4,5,4,4,3,5,4,26,27.0,satisfied
52798,Female,Loyal Customer,31,Personal Travel,Eco,1874,3,3,3,3,5,3,5,5,4,1,2,4,1,5,13,0.0,neutral or dissatisfied
28266,Male,Loyal Customer,11,Personal Travel,Eco,1542,4,5,4,1,2,4,2,2,4,5,3,4,4,2,0,0.0,neutral or dissatisfied
23485,Female,Loyal Customer,48,Personal Travel,Eco,576,1,5,1,1,4,4,5,3,3,1,3,3,3,4,0,15.0,neutral or dissatisfied
63615,Female,Loyal Customer,43,Business travel,Business,1440,2,5,5,5,2,3,3,2,2,2,2,2,2,1,0,0.0,neutral or dissatisfied
37795,Male,Loyal Customer,37,Business travel,Eco Plus,611,2,1,2,2,2,2,2,2,2,3,3,3,4,2,37,35.0,neutral or dissatisfied
96771,Male,Loyal Customer,34,Business travel,Business,488,4,4,4,4,5,5,5,4,4,4,4,5,4,4,12,1.0,satisfied
106805,Female,Loyal Customer,16,Personal Travel,Eco,977,2,4,3,2,2,3,2,2,3,4,5,3,5,2,21,13.0,neutral or dissatisfied
80711,Female,Loyal Customer,30,Personal Travel,Eco,1640,5,5,5,3,1,5,1,1,4,2,5,5,4,1,0,0.0,satisfied
808,Female,Loyal Customer,50,Business travel,Business,134,4,4,1,4,3,5,5,4,4,4,5,3,4,3,4,8.0,satisfied
98775,Male,Loyal Customer,59,Personal Travel,Eco,2075,3,4,4,3,5,4,5,5,4,3,3,2,4,5,0,0.0,neutral or dissatisfied
39968,Male,Loyal Customer,46,Business travel,Business,1404,5,5,5,5,5,1,2,2,2,2,2,1,2,1,0,0.0,satisfied
36021,Female,Loyal Customer,56,Business travel,Eco,399,5,4,4,4,4,3,4,5,5,5,5,2,5,5,16,38.0,satisfied
120515,Male,Loyal Customer,50,Personal Travel,Eco Plus,337,3,4,4,3,4,4,4,4,3,3,5,4,4,4,106,99.0,neutral or dissatisfied
128961,Female,Loyal Customer,50,Business travel,Business,3207,1,5,5,5,1,3,3,1,1,1,1,3,1,4,9,0.0,neutral or dissatisfied
3871,Male,Loyal Customer,39,Business travel,Business,3092,2,2,2,2,3,4,4,5,5,5,4,4,5,3,0,0.0,satisfied
89256,Male,Loyal Customer,36,Business travel,Business,453,1,5,1,5,3,3,3,1,1,1,1,1,1,2,20,23.0,neutral or dissatisfied
79943,Female,Loyal Customer,25,Business travel,Business,3845,2,5,5,5,2,2,2,2,4,1,2,3,2,2,3,15.0,neutral or dissatisfied
13365,Male,Loyal Customer,37,Personal Travel,Eco,748,2,5,2,4,2,5,3,3,5,4,5,3,4,3,208,248.0,neutral or dissatisfied
58880,Male,Loyal Customer,48,Business travel,Business,888,4,4,4,4,4,4,4,4,4,4,4,5,4,4,28,21.0,satisfied
3001,Female,disloyal Customer,24,Business travel,Eco,922,4,4,4,4,5,4,5,5,5,3,4,4,4,5,0,12.0,satisfied
75782,Female,Loyal Customer,70,Personal Travel,Eco,868,1,2,1,2,2,1,1,5,5,1,5,2,5,1,34,20.0,neutral or dissatisfied
46079,Female,disloyal Customer,32,Business travel,Eco,541,2,4,3,3,5,3,5,5,5,4,4,3,5,5,7,19.0,neutral or dissatisfied
105619,Female,Loyal Customer,57,Business travel,Business,3945,1,1,5,1,3,4,4,4,4,4,4,5,4,5,0,0.0,satisfied
94134,Male,Loyal Customer,29,Business travel,Business,323,4,4,4,4,4,4,4,4,4,4,4,4,4,4,4,2.0,satisfied
8815,Male,Loyal Customer,37,Personal Travel,Eco,522,3,4,3,1,2,3,2,2,3,3,4,3,4,2,0,1.0,neutral or dissatisfied
107968,Female,disloyal Customer,30,Business travel,Eco,825,2,2,2,4,3,2,3,3,1,5,4,2,4,3,24,19.0,neutral or dissatisfied
115229,Female,Loyal Customer,32,Business travel,Business,480,1,1,1,1,5,5,5,5,5,4,4,3,5,5,3,2.0,satisfied
12629,Female,Loyal Customer,34,Business travel,Business,2228,5,5,4,5,1,1,3,5,5,5,5,4,5,3,4,0.0,satisfied
23195,Female,Loyal Customer,36,Business travel,Eco Plus,223,4,4,4,4,4,4,4,4,2,1,3,1,4,4,0,3.0,neutral or dissatisfied
54635,Female,Loyal Customer,29,Business travel,Business,2026,1,3,1,1,5,5,5,5,4,1,3,2,4,5,13,12.0,satisfied
72368,Female,Loyal Customer,33,Business travel,Business,1119,1,1,1,1,5,5,5,5,5,5,5,3,5,3,0,0.0,satisfied
113095,Female,Loyal Customer,18,Personal Travel,Eco,569,0,1,1,3,2,1,2,2,3,2,2,1,2,2,15,10.0,satisfied
51876,Male,Loyal Customer,41,Personal Travel,Eco,771,4,4,4,3,5,4,5,5,5,4,5,5,5,5,0,7.0,neutral or dissatisfied
89151,Male,disloyal Customer,16,Business travel,Eco,2092,3,3,3,3,4,3,4,4,2,1,4,4,4,4,45,53.0,neutral or dissatisfied
123384,Female,Loyal Customer,54,Business travel,Business,1337,4,4,4,4,3,4,4,5,5,5,5,5,5,5,0,0.0,satisfied
38732,Male,disloyal Customer,34,Business travel,Business,354,1,1,1,4,5,1,5,5,3,1,1,4,1,5,0,0.0,neutral or dissatisfied
111221,Female,disloyal Customer,27,Business travel,Eco,1455,2,2,2,3,3,2,3,3,2,3,3,2,3,3,0,10.0,neutral or dissatisfied
44106,Female,Loyal Customer,36,Personal Travel,Eco,473,1,2,1,3,5,1,5,5,3,2,4,2,3,5,0,0.0,neutral or dissatisfied
65671,Male,disloyal Customer,13,Business travel,Business,1021,4,3,4,4,4,4,4,4,5,2,4,5,4,4,3,0.0,satisfied
123290,Female,Loyal Customer,19,Personal Travel,Eco,468,4,4,4,3,2,4,2,2,4,2,5,3,4,2,0,0.0,neutral or dissatisfied
117299,Male,Loyal Customer,25,Business travel,Eco Plus,338,4,4,4,4,4,4,2,4,2,3,3,1,3,4,3,0.0,neutral or dissatisfied
57687,Female,Loyal Customer,56,Business travel,Business,3262,2,2,2,2,5,4,5,5,5,5,5,5,5,5,0,7.0,satisfied
73100,Female,disloyal Customer,10,Personal Travel,Business,2174,2,2,2,2,4,2,4,4,1,1,2,2,3,4,0,0.0,neutral or dissatisfied
50144,Male,Loyal Customer,41,Business travel,Business,109,2,3,4,3,5,3,3,1,1,1,2,2,1,2,0,0.0,neutral or dissatisfied
80366,Female,disloyal Customer,42,Business travel,Business,368,5,5,5,3,1,5,1,1,4,5,4,5,4,1,10,1.0,satisfied
108117,Female,Loyal Customer,36,Business travel,Business,3340,4,5,4,4,5,4,4,4,4,5,4,3,4,4,0,0.0,satisfied
115700,Male,disloyal Customer,24,Business travel,Eco,373,2,2,3,3,2,3,2,2,3,2,3,1,3,2,0,0.0,neutral or dissatisfied
125522,Male,disloyal Customer,48,Business travel,Business,226,4,4,4,4,1,4,1,1,5,3,4,3,5,1,51,39.0,neutral or dissatisfied
72060,Female,Loyal Customer,45,Business travel,Business,2486,4,4,4,4,5,3,5,2,2,2,2,4,2,5,0,0.0,satisfied
84221,Female,Loyal Customer,28,Business travel,Business,432,2,2,2,2,4,4,4,4,3,3,3,3,1,4,0,9.0,satisfied
90190,Male,Loyal Customer,41,Personal Travel,Eco,1127,2,4,3,2,4,3,4,4,3,4,5,4,4,4,0,0.0,neutral or dissatisfied
17631,Female,disloyal Customer,29,Business travel,Eco,930,3,3,3,4,1,3,1,1,4,4,3,1,3,1,0,0.0,neutral or dissatisfied
126726,Female,Loyal Customer,64,Business travel,Eco,2402,1,1,1,1,2,3,4,1,1,1,1,4,1,3,2,0.0,neutral or dissatisfied
123571,Female,Loyal Customer,41,Business travel,Business,1773,2,2,2,2,4,4,4,5,5,5,5,4,5,4,0,0.0,satisfied
15693,Female,Loyal Customer,32,Business travel,Business,2068,4,4,4,4,2,2,2,2,5,4,5,4,4,2,0,0.0,satisfied
6927,Female,Loyal Customer,38,Business travel,Eco Plus,265,5,1,1,1,5,5,5,5,1,1,5,1,2,5,41,82.0,satisfied
11460,Female,Loyal Customer,19,Business travel,Eco Plus,458,3,5,5,5,3,3,3,3,1,5,4,2,3,3,1,0.0,neutral or dissatisfied
56452,Male,Loyal Customer,58,Personal Travel,Eco,719,2,5,2,2,2,2,2,2,3,3,5,3,4,2,0,0.0,neutral or dissatisfied
84582,Female,Loyal Customer,56,Business travel,Business,1572,5,5,4,5,5,4,4,5,5,5,5,3,5,5,0,0.0,satisfied
48849,Female,Loyal Customer,15,Personal Travel,Business,109,3,5,3,3,4,3,4,4,4,4,4,3,2,4,111,110.0,neutral or dissatisfied
129041,Male,Loyal Customer,48,Business travel,Business,1846,3,3,3,3,4,3,5,5,5,5,5,3,5,4,6,11.0,satisfied
30155,Female,Loyal Customer,27,Personal Travel,Eco,234,2,3,2,4,3,2,3,3,4,3,3,4,3,3,2,9.0,neutral or dissatisfied
54784,Female,Loyal Customer,52,Business travel,Business,2742,4,4,4,4,3,5,4,4,4,4,4,4,4,4,0,0.0,satisfied
48955,Male,Loyal Customer,64,Business travel,Eco,86,4,1,1,1,4,4,4,4,5,1,1,1,4,4,0,29.0,satisfied
106872,Female,Loyal Customer,49,Business travel,Business,704,1,1,1,1,2,5,5,5,5,5,5,4,5,3,16,0.0,satisfied
35730,Female,Loyal Customer,11,Personal Travel,Eco Plus,2446,2,5,1,1,1,4,4,5,5,4,5,4,4,4,16,60.0,neutral or dissatisfied
73280,Male,Loyal Customer,60,Business travel,Business,3177,1,1,1,1,5,5,5,5,5,5,5,3,5,4,0,4.0,satisfied
104705,Male,Loyal Customer,41,Personal Travel,Eco,159,1,5,1,3,5,1,5,5,3,3,4,3,4,5,0,0.0,neutral or dissatisfied
65350,Female,Loyal Customer,57,Business travel,Business,432,5,5,5,5,3,4,5,5,5,5,5,3,5,4,0,0.0,satisfied
96297,Male,Loyal Customer,63,Personal Travel,Eco,546,2,3,2,3,3,2,3,3,1,5,3,3,4,3,0,0.0,neutral or dissatisfied
20922,Male,Loyal Customer,44,Business travel,Eco,689,4,5,5,5,4,4,4,4,5,1,1,5,2,4,0,0.0,satisfied
14098,Female,Loyal Customer,45,Personal Travel,Eco,201,3,5,0,3,2,2,3,1,1,0,4,5,1,5,0,0.0,neutral or dissatisfied
113354,Male,disloyal Customer,25,Business travel,Business,414,3,0,3,4,4,3,4,4,3,4,5,5,5,4,0,0.0,neutral or dissatisfied
28573,Male,disloyal Customer,46,Business travel,Business,1355,5,5,5,2,1,5,1,1,1,1,3,4,5,1,87,59.0,satisfied
49641,Female,Loyal Customer,35,Business travel,Eco,190,5,4,4,4,5,5,5,5,4,4,5,2,2,5,63,55.0,satisfied
35301,Female,Loyal Customer,33,Business travel,Eco,1076,2,1,1,1,2,2,2,2,2,4,3,4,3,2,0,0.0,neutral or dissatisfied
125703,Female,Loyal Customer,36,Personal Travel,Eco,899,0,4,0,4,5,0,5,5,4,5,1,1,3,5,0,0.0,satisfied
84581,Male,Loyal Customer,57,Business travel,Business,1572,2,2,2,2,3,4,5,5,5,5,5,4,5,5,1,37.0,satisfied
75041,Male,Loyal Customer,43,Personal Travel,Eco,236,4,2,0,2,2,0,2,2,1,1,1,1,2,2,0,0.0,neutral or dissatisfied
116674,Male,disloyal Customer,38,Business travel,Eco Plus,447,1,1,1,2,2,1,2,2,2,1,3,3,3,2,0,0.0,neutral or dissatisfied
5603,Female,Loyal Customer,57,Business travel,Business,685,2,2,2,2,5,4,5,4,4,4,4,4,4,4,0,0.0,satisfied
127458,Male,Loyal Customer,48,Business travel,Business,1814,3,3,3,3,3,5,4,5,5,5,5,3,5,5,5,10.0,satisfied
84601,Male,disloyal Customer,32,Business travel,Business,669,3,3,3,4,1,3,1,1,3,5,4,3,5,1,19,20.0,neutral or dissatisfied
40926,Male,Loyal Customer,43,Business travel,Eco Plus,501,2,5,5,5,2,2,2,2,2,5,1,3,2,2,0,0.0,satisfied
49263,Female,Loyal Customer,30,Business travel,Eco,89,5,5,5,5,5,4,5,5,4,1,3,3,5,5,0,0.0,satisfied
34138,Female,disloyal Customer,24,Business travel,Eco,1189,2,2,2,4,2,2,2,2,4,5,1,5,3,2,0,7.0,neutral or dissatisfied
87155,Female,Loyal Customer,40,Business travel,Business,3631,3,3,3,3,3,5,5,5,5,5,5,4,5,5,0,0.0,satisfied
92679,Female,disloyal Customer,10,Business travel,Eco,507,2,3,2,3,4,2,4,4,3,2,3,2,3,4,0,0.0,neutral or dissatisfied
111656,Female,Loyal Customer,30,Personal Travel,Eco Plus,1290,2,5,3,2,2,3,2,2,5,2,4,4,5,2,19,14.0,neutral or dissatisfied
127972,Male,disloyal Customer,36,Business travel,Business,1149,2,2,2,5,1,2,1,1,4,5,5,3,5,1,0,0.0,neutral or dissatisfied
67385,Male,Loyal Customer,46,Business travel,Business,3926,5,5,5,5,4,5,5,5,5,5,5,3,5,5,0,0.0,satisfied
35682,Male,Loyal Customer,43,Business travel,Business,2475,2,2,2,2,3,2,2,2,5,1,3,2,4,2,2,16.0,neutral or dissatisfied
80020,Male,Loyal Customer,34,Personal Travel,Eco,1076,3,4,3,2,5,3,5,5,4,1,1,5,1,5,0,8.0,neutral or dissatisfied
35644,Female,Loyal Customer,47,Personal Travel,Business,2465,1,2,1,2,1,4,4,2,5,2,2,4,3,4,0,20.0,neutral or dissatisfied
59965,Male,disloyal Customer,41,Business travel,Eco,668,3,2,3,3,3,3,3,3,1,3,3,3,2,3,293,264.0,neutral or dissatisfied
86389,Male,Loyal Customer,41,Business travel,Business,760,4,4,4,4,3,4,4,5,5,5,5,3,5,3,0,0.0,satisfied
17285,Female,Loyal Customer,48,Business travel,Business,629,2,2,2,2,2,3,3,2,2,2,2,4,2,1,0,0.0,neutral or dissatisfied
49012,Male,Loyal Customer,40,Business travel,Eco,156,4,5,5,5,4,4,4,4,1,3,5,4,5,4,0,0.0,satisfied
4991,Female,disloyal Customer,28,Business travel,Business,502,0,0,0,1,5,0,5,5,3,2,5,4,5,5,0,0.0,satisfied
73505,Female,disloyal Customer,54,Business travel,Business,1197,4,4,4,4,5,4,5,5,5,3,4,3,5,5,88,67.0,neutral or dissatisfied
120749,Female,Loyal Customer,57,Business travel,Business,678,3,3,3,3,5,5,4,5,5,5,5,4,5,3,24,23.0,satisfied
46293,Female,Loyal Customer,49,Business travel,Eco,637,5,4,4,4,1,3,3,5,5,5,5,2,5,4,21,27.0,satisfied
93634,Female,Loyal Customer,23,Personal Travel,Eco,704,2,5,2,3,1,2,1,1,5,3,5,5,4,1,0,0.0,neutral or dissatisfied
60979,Female,Loyal Customer,50,Personal Travel,Eco,888,1,1,1,1,2,2,2,1,1,1,4,3,1,4,0,3.0,neutral or dissatisfied
31569,Female,Loyal Customer,30,Personal Travel,Eco Plus,853,3,2,2,4,4,2,4,4,4,5,3,3,3,4,0,32.0,neutral or dissatisfied
29686,Female,Loyal Customer,8,Personal Travel,Eco Plus,680,2,4,2,3,5,2,5,5,4,4,5,5,3,5,12,21.0,neutral or dissatisfied
69328,Male,Loyal Customer,59,Business travel,Business,1096,3,3,3,3,4,5,4,3,3,3,3,4,3,3,0,0.0,satisfied
92856,Female,Loyal Customer,34,Personal Travel,Eco Plus,2125,2,1,1,4,4,1,4,4,4,2,4,2,3,4,0,0.0,neutral or dissatisfied
53699,Female,Loyal Customer,51,Business travel,Business,3802,5,5,5,5,3,5,4,5,5,5,5,2,5,4,0,5.0,satisfied
40945,Male,Loyal Customer,30,Personal Travel,Eco Plus,590,3,5,3,4,1,3,1,1,5,3,4,5,4,1,0,0.0,neutral or dissatisfied
112010,Female,disloyal Customer,28,Business travel,Business,680,5,5,5,1,1,5,1,1,3,4,5,5,4,1,0,0.0,satisfied
71319,Male,Loyal Customer,57,Business travel,Business,1671,2,2,2,2,2,4,5,4,4,4,4,3,4,3,88,81.0,satisfied
6455,Female,disloyal Customer,24,Business travel,Business,296,4,5,4,1,2,4,2,2,5,4,5,4,4,2,0,0.0,satisfied
127785,Female,Loyal Customer,45,Personal Travel,Eco,1037,2,2,2,3,5,3,3,3,3,2,5,4,3,2,0,16.0,neutral or dissatisfied
16492,Male,Loyal Customer,42,Business travel,Eco,143,2,4,4,4,2,2,2,2,3,3,4,2,4,2,0,0.0,neutral or dissatisfied
41643,Female,Loyal Customer,57,Personal Travel,Business,347,3,4,3,4,5,5,5,5,5,3,4,5,5,3,0,0.0,neutral or dissatisfied
58978,Male,disloyal Customer,23,Business travel,Eco,1369,1,1,1,1,4,1,4,4,5,5,5,3,4,4,4,0.0,neutral or dissatisfied
113372,Male,Loyal Customer,49,Business travel,Business,2456,0,0,0,2,2,5,5,5,5,5,5,3,5,5,0,3.0,satisfied
43440,Male,Loyal Customer,45,Business travel,Business,2439,2,2,2,2,1,2,5,5,5,5,5,1,5,3,0,0.0,satisfied
100317,Male,Loyal Customer,30,Business travel,Business,1053,1,5,5,5,1,1,1,1,1,2,1,1,2,1,17,7.0,neutral or dissatisfied
51755,Male,Loyal Customer,41,Personal Travel,Eco,370,5,4,5,2,3,5,3,3,4,1,1,3,4,3,0,0.0,satisfied
14993,Female,Loyal Customer,65,Personal Travel,Eco Plus,476,2,3,2,3,4,4,4,5,5,2,5,1,5,1,55,48.0,neutral or dissatisfied
100682,Female,Loyal Customer,45,Business travel,Eco,677,4,1,2,2,4,3,4,5,5,4,5,3,5,4,0,0.0,neutral or dissatisfied
116857,Female,Loyal Customer,46,Business travel,Business,1960,0,0,0,1,4,5,5,1,1,1,1,4,1,5,25,18.0,satisfied
75591,Female,Loyal Customer,71,Business travel,Eco,337,5,4,4,4,4,3,1,5,5,5,5,4,5,4,0,0.0,satisfied
115664,Male,Loyal Customer,50,Business travel,Business,362,5,5,5,5,4,4,4,4,4,4,4,4,4,4,0,0.0,satisfied
36949,Female,Loyal Customer,31,Business travel,Eco Plus,718,3,3,3,3,3,2,3,3,1,4,4,4,4,3,0,0.0,neutral or dissatisfied
125379,Male,disloyal Customer,21,Business travel,Business,1440,0,0,0,3,5,0,5,5,3,4,5,5,5,5,0,0.0,satisfied
64500,Male,disloyal Customer,32,Business travel,Business,469,1,0,0,3,5,0,5,5,1,2,2,3,2,5,83,94.0,neutral or dissatisfied
91136,Female,Loyal Customer,12,Personal Travel,Eco,271,3,5,3,4,1,3,1,1,3,4,5,5,5,1,5,0.0,neutral or dissatisfied
124509,Male,Loyal Customer,35,Personal Travel,Eco,930,4,4,4,3,3,4,3,3,4,4,5,5,4,3,0,0.0,neutral or dissatisfied
33639,Female,Loyal Customer,41,Personal Travel,Eco,399,4,5,4,4,3,4,3,3,4,5,4,3,5,3,26,34.0,neutral or dissatisfied
28476,Male,Loyal Customer,69,Business travel,Eco,221,4,5,3,3,4,4,4,4,3,2,1,1,2,4,0,0.0,satisfied
9620,Female,Loyal Customer,58,Business travel,Business,2183,0,0,0,4,4,4,4,3,3,3,3,4,3,4,42,36.0,satisfied
109607,Male,Loyal Customer,44,Business travel,Business,3214,2,5,5,5,1,3,2,2,2,2,2,3,2,4,29,37.0,neutral or dissatisfied
86963,Male,Loyal Customer,48,Business travel,Business,3457,4,3,4,4,2,5,4,5,5,5,5,5,5,4,0,2.0,satisfied
107585,Female,Loyal Customer,40,Business travel,Business,1859,3,3,3,3,3,5,4,5,5,5,5,3,5,3,1,15.0,satisfied
84504,Female,Loyal Customer,50,Personal Travel,Business,2486,2,3,2,3,3,3,3,1,1,2,1,3,1,1,21,5.0,neutral or dissatisfied
52239,Female,Loyal Customer,31,Business travel,Business,2306,5,5,5,5,5,5,5,5,1,4,5,3,5,5,0,2.0,satisfied
72784,Male,Loyal Customer,29,Business travel,Business,3053,1,1,1,1,1,1,1,1,1,5,1,1,2,1,0,8.0,neutral or dissatisfied
83863,Female,Loyal Customer,48,Personal Travel,Eco,425,1,2,1,2,4,1,3,4,4,1,4,2,4,2,0,4.0,neutral or dissatisfied
54775,Female,Loyal Customer,53,Personal Travel,Eco Plus,787,2,1,2,4,4,4,3,5,5,2,5,4,5,4,0,0.0,neutral or dissatisfied
74548,Male,Loyal Customer,59,Business travel,Eco,1205,4,3,3,3,4,4,4,4,4,3,2,1,2,4,4,0.0,neutral or dissatisfied
12735,Female,Loyal Customer,67,Personal Travel,Eco,689,3,2,3,4,4,3,4,4,4,3,4,4,4,1,0,0.0,neutral or dissatisfied
91222,Male,Loyal Customer,7,Personal Travel,Eco,271,2,0,2,5,5,2,5,5,5,5,4,3,5,5,0,0.0,neutral or dissatisfied
62187,Female,Loyal Customer,68,Business travel,Business,925,2,3,3,3,2,4,4,2,2,2,2,4,2,4,0,0.0,neutral or dissatisfied
102302,Female,Loyal Customer,39,Business travel,Business,223,3,3,3,3,5,4,4,4,4,4,4,5,4,5,29,24.0,satisfied
28001,Female,Loyal Customer,44,Business travel,Business,2253,5,5,4,5,1,5,1,4,4,4,4,5,4,1,0,0.0,satisfied
100524,Male,Loyal Customer,38,Personal Travel,Eco,759,0,4,0,3,2,0,2,2,3,4,4,4,4,2,0,0.0,satisfied
14570,Male,Loyal Customer,40,Business travel,Business,986,3,3,3,3,2,5,4,5,5,5,5,3,5,1,0,0.0,satisfied
561,Male,disloyal Customer,23,Business travel,Business,247,4,5,4,5,5,4,5,5,4,2,4,3,4,5,80,76.0,satisfied
61464,Male,Loyal Customer,20,Business travel,Business,2442,1,1,1,1,5,5,5,5,4,3,4,4,5,5,0,0.0,satisfied
65462,Male,Loyal Customer,47,Business travel,Business,1067,5,5,5,5,4,5,5,5,5,4,5,4,5,5,0,0.0,satisfied
88631,Female,Loyal Customer,38,Personal Travel,Eco,404,4,5,4,1,3,4,5,3,4,5,5,3,5,3,0,0.0,satisfied
104791,Female,disloyal Customer,22,Business travel,Eco,587,2,0,1,2,2,1,3,2,4,3,4,4,5,2,8,0.0,neutral or dissatisfied
44647,Male,Loyal Customer,54,Business travel,Business,67,4,4,4,4,3,3,1,5,5,5,4,1,5,1,3,0.0,satisfied
25668,Female,disloyal Customer,20,Business travel,Eco,361,2,0,2,2,1,2,1,1,4,4,3,2,2,1,0,0.0,neutral or dissatisfied
80405,Male,Loyal Customer,45,Business travel,Business,1416,2,2,4,2,3,4,4,5,5,5,5,4,5,5,29,9.0,satisfied
67958,Female,disloyal Customer,22,Business travel,Eco,1235,4,4,4,3,5,4,5,5,3,5,5,3,5,5,0,0.0,neutral or dissatisfied
42560,Female,disloyal Customer,22,Business travel,Business,626,5,0,5,2,2,5,2,2,3,3,3,3,5,2,0,16.0,satisfied
80255,Male,Loyal Customer,16,Business travel,Business,1969,2,1,1,1,2,2,2,2,2,4,3,3,4,2,0,4.0,neutral or dissatisfied
64949,Female,disloyal Customer,68,Business travel,Eco,190,3,1,3,2,3,3,3,3,2,4,3,3,2,3,0,0.0,neutral or dissatisfied
24936,Female,Loyal Customer,69,Personal Travel,Eco,2106,3,1,3,3,5,3,4,4,4,3,4,1,4,1,0,0.0,neutral or dissatisfied
68247,Male,Loyal Customer,45,Business travel,Business,2900,4,4,4,4,3,4,3,5,5,5,5,4,5,5,25,39.0,satisfied
96720,Male,disloyal Customer,23,Business travel,Eco,696,2,2,2,2,2,2,2,2,3,4,5,2,2,2,0,0.0,neutral or dissatisfied
106366,Female,disloyal Customer,29,Business travel,Business,674,2,2,2,2,2,2,2,2,5,3,4,5,4,2,116,115.0,neutral or dissatisfied
26330,Male,Loyal Customer,25,Business travel,Business,3371,1,1,1,1,5,5,5,5,1,5,4,5,5,5,30,30.0,satisfied
71634,Male,disloyal Customer,20,Business travel,Eco,1012,1,1,1,4,1,1,1,1,3,1,4,1,4,1,0,0.0,neutral or dissatisfied
94408,Female,Loyal Customer,57,Business travel,Business,1985,1,1,1,1,5,5,4,4,4,4,4,5,4,4,59,61.0,satisfied
105504,Male,disloyal Customer,39,Business travel,Business,611,2,2,2,2,4,2,1,4,1,1,2,1,2,4,0,0.0,neutral or dissatisfied
44275,Female,disloyal Customer,25,Business travel,Eco Plus,118,4,0,4,1,4,4,4,4,4,5,1,1,5,4,0,6.0,neutral or dissatisfied
67465,Female,Loyal Customer,8,Personal Travel,Eco,592,3,3,3,3,2,3,2,2,3,1,4,5,4,2,3,0.0,neutral or dissatisfied
21514,Female,Loyal Customer,55,Personal Travel,Eco,377,3,2,3,3,4,3,4,4,4,3,4,2,4,4,0,1.0,neutral or dissatisfied
119244,Female,Loyal Customer,45,Business travel,Business,2272,5,5,5,5,5,5,5,5,5,5,5,5,5,3,0,0.0,satisfied
116973,Male,Loyal Customer,45,Business travel,Business,3438,5,5,5,5,4,5,4,5,5,5,5,5,5,4,16,6.0,satisfied
41494,Male,Loyal Customer,45,Business travel,Business,715,2,2,2,2,4,2,5,4,4,4,4,4,4,2,0,17.0,satisfied
61182,Male,Loyal Customer,52,Business travel,Business,2300,3,3,3,3,5,5,5,5,5,4,5,4,5,3,0,0.0,satisfied
39264,Female,Loyal Customer,17,Business travel,Business,268,2,1,1,1,2,2,2,2,3,3,4,4,3,2,53,57.0,neutral or dissatisfied
58423,Female,Loyal Customer,33,Business travel,Business,733,3,5,5,5,5,3,4,3,3,3,3,3,3,3,0,0.0,neutral or dissatisfied
75380,Male,Loyal Customer,50,Business travel,Business,2585,1,1,1,1,2,4,5,5,5,5,5,4,5,3,0,0.0,satisfied
67666,Female,Loyal Customer,41,Business travel,Business,1431,1,1,1,1,2,5,4,4,4,4,4,3,4,5,20,12.0,satisfied
53981,Male,Loyal Customer,35,Business travel,Eco Plus,1117,4,4,4,4,4,4,4,4,3,2,5,3,2,4,6,0.0,satisfied
125499,Male,Loyal Customer,46,Business travel,Business,666,2,2,2,2,2,5,4,4,4,4,4,5,4,5,0,0.0,satisfied
96015,Male,Loyal Customer,47,Business travel,Business,1069,5,2,5,5,4,4,5,5,5,5,5,3,5,5,34,24.0,satisfied
54802,Male,Loyal Customer,58,Business travel,Eco,934,3,3,5,3,3,3,3,3,1,3,4,2,1,3,0,0.0,satisfied
419,Male,Loyal Customer,58,Business travel,Business,309,5,5,3,5,4,4,4,4,4,4,4,3,4,4,0,1.0,satisfied
54504,Female,Loyal Customer,51,Business travel,Eco,925,2,1,1,1,5,3,2,2,2,2,2,3,2,3,47,29.0,neutral or dissatisfied
125510,Female,Loyal Customer,19,Personal Travel,Eco,666,2,1,2,3,4,2,4,4,2,3,3,4,3,4,5,17.0,neutral or dissatisfied
10815,Male,Loyal Customer,57,Business travel,Business,312,1,1,1,1,1,3,3,1,1,1,1,1,1,3,79,75.0,neutral or dissatisfied
75188,Male,Loyal Customer,24,Business travel,Business,1829,2,1,1,1,2,2,2,2,1,3,3,1,3,2,25,23.0,neutral or dissatisfied
55152,Female,Loyal Customer,44,Personal Travel,Eco,1635,2,4,2,4,2,4,1,4,4,3,4,1,4,1,132,134.0,neutral or dissatisfied
86754,Female,Loyal Customer,56,Personal Travel,Eco,821,1,3,1,3,1,3,3,2,2,1,2,4,2,1,0,0.0,neutral or dissatisfied
42743,Female,disloyal Customer,52,Business travel,Eco Plus,536,3,3,3,5,1,3,1,1,2,1,3,5,5,1,0,0.0,neutral or dissatisfied
27483,Male,Loyal Customer,69,Business travel,Eco,679,5,1,1,1,5,5,5,5,3,2,5,1,4,5,0,0.0,satisfied
8912,Female,Loyal Customer,26,Business travel,Eco Plus,510,2,5,5,5,2,2,3,2,3,5,4,2,3,2,0,28.0,neutral or dissatisfied
40843,Female,Loyal Customer,39,Business travel,Eco,158,4,3,2,2,4,4,4,4,4,4,4,4,3,4,0,0.0,neutral or dissatisfied
30780,Male,Loyal Customer,21,Business travel,Eco,895,4,1,1,1,4,4,5,4,2,3,3,1,3,4,20,26.0,satisfied
112275,Male,Loyal Customer,38,Business travel,Business,2133,4,4,4,4,4,5,4,5,5,5,5,2,5,1,30,25.0,satisfied
54684,Male,Loyal Customer,22,Business travel,Business,965,5,5,5,5,5,5,5,5,2,2,4,4,4,5,0,0.0,satisfied
57782,Male,Loyal Customer,67,Personal Travel,Eco,2704,1,4,1,4,1,3,3,3,5,5,4,3,5,3,0,0.0,neutral or dissatisfied
112623,Female,Loyal Customer,37,Personal Travel,Eco,602,2,4,2,5,2,2,2,2,3,5,5,5,5,2,24,12.0,neutral or dissatisfied
113173,Male,Loyal Customer,14,Personal Travel,Eco,628,1,3,2,2,3,2,3,3,5,3,5,4,5,3,1,0.0,neutral or dissatisfied
129778,Male,Loyal Customer,62,Personal Travel,Eco,447,3,5,3,2,1,3,1,1,5,5,4,5,5,1,0,0.0,neutral or dissatisfied
115198,Female,Loyal Customer,30,Business travel,Business,2794,2,3,3,3,2,2,2,2,3,3,4,4,4,2,38,38.0,neutral or dissatisfied
62719,Female,Loyal Customer,52,Business travel,Business,2367,2,2,2,2,5,5,5,5,5,5,5,5,5,3,101,93.0,satisfied
44226,Male,Loyal Customer,44,Business travel,Eco,222,3,4,4,4,3,3,3,3,1,2,3,5,3,3,0,9.0,satisfied
74091,Male,disloyal Customer,20,Business travel,Eco,641,2,3,2,4,5,2,3,5,3,3,3,2,3,5,0,0.0,neutral or dissatisfied
54674,Female,disloyal Customer,27,Business travel,Eco,787,2,2,2,4,1,2,5,1,1,4,3,1,4,1,36,22.0,neutral or dissatisfied
27411,Male,Loyal Customer,42,Business travel,Eco,672,2,5,5,5,2,2,2,2,5,4,3,1,5,2,0,3.0,satisfied
65296,Male,Loyal Customer,50,Personal Travel,Eco Plus,551,1,3,1,4,5,1,5,5,1,3,3,3,4,5,0,0.0,neutral or dissatisfied
54606,Female,Loyal Customer,26,Business travel,Eco,965,5,1,1,1,5,5,4,5,2,4,4,1,5,5,34,35.0,satisfied
93200,Male,Loyal Customer,25,Business travel,Business,496,5,5,5,5,5,4,5,5,4,2,4,3,3,5,0,9.0,neutral or dissatisfied
89757,Male,Loyal Customer,15,Personal Travel,Eco,1089,4,3,4,3,3,4,3,3,4,1,4,3,3,3,30,13.0,neutral or dissatisfied
4297,Male,Loyal Customer,65,Personal Travel,Eco,502,3,4,3,3,1,3,1,1,3,5,5,4,4,1,0,0.0,neutral or dissatisfied
62400,Male,Loyal Customer,38,Personal Travel,Eco,2704,3,3,2,5,1,2,1,1,4,3,4,3,5,1,32,0.0,neutral or dissatisfied
106906,Male,Loyal Customer,48,Business travel,Business,577,5,5,5,5,5,4,4,4,4,4,4,3,4,4,7,0.0,satisfied
71150,Female,Loyal Customer,44,Business travel,Business,3857,4,4,4,4,4,4,5,4,4,4,4,4,4,3,0,0.0,satisfied
76981,Male,Loyal Customer,7,Personal Travel,Eco,1969,2,5,2,3,3,2,3,3,4,4,4,4,4,3,41,42.0,neutral or dissatisfied
9525,Female,Loyal Customer,43,Personal Travel,Business,292,3,5,2,3,5,5,5,5,5,2,5,3,5,5,0,0.0,neutral or dissatisfied
71412,Male,Loyal Customer,23,Personal Travel,Eco,334,3,5,5,4,3,5,3,3,4,5,5,3,5,3,23,32.0,neutral or dissatisfied
20599,Female,Loyal Customer,40,Personal Travel,Eco Plus,565,4,5,4,3,5,4,5,5,3,4,4,4,5,5,0,0.0,neutral or dissatisfied
114450,Female,disloyal Customer,44,Business travel,Business,362,3,3,3,1,1,3,1,1,4,2,5,4,4,1,0,0.0,neutral or dissatisfied
67633,Female,disloyal Customer,37,Business travel,Business,1431,2,2,2,2,4,2,4,4,3,5,4,5,5,4,25,53.0,neutral or dissatisfied
76520,Male,Loyal Customer,45,Business travel,Business,547,1,1,5,1,4,4,4,3,3,3,3,3,3,5,0,31.0,satisfied
104169,Male,Loyal Customer,27,Business travel,Business,3424,1,1,1,1,4,3,3,4,4,5,4,3,4,3,181,,satisfied
51540,Female,Loyal Customer,29,Business travel,Business,2700,2,2,2,2,5,4,5,5,2,3,2,3,4,5,0,0.0,satisfied
54744,Male,Loyal Customer,47,Personal Travel,Eco,965,2,4,2,4,1,2,5,1,3,2,4,5,5,1,18,16.0,neutral or dissatisfied
12151,Female,Loyal Customer,35,Business travel,Eco,1214,4,2,2,2,4,4,4,4,2,3,1,3,5,4,0,0.0,satisfied
18351,Male,Loyal Customer,51,Business travel,Eco,632,2,3,3,3,2,2,2,2,2,5,4,3,3,2,0,32.0,neutral or dissatisfied
28875,Female,Loyal Customer,26,Business travel,Business,605,1,1,1,1,2,2,2,2,3,4,1,5,1,2,0,0.0,satisfied
86178,Female,Loyal Customer,23,Business travel,Business,1789,3,4,4,4,3,3,3,3,3,4,4,4,4,3,0,0.0,neutral or dissatisfied
94238,Male,Loyal Customer,31,Business travel,Business,2125,1,1,1,1,4,4,4,4,4,3,4,4,5,4,126,122.0,satisfied
52802,Female,Loyal Customer,38,Business travel,Eco Plus,1874,4,1,1,1,4,4,4,4,4,2,3,5,1,4,0,0.0,satisfied
4134,Male,Loyal Customer,66,Business travel,Business,544,2,4,4,4,4,3,3,2,2,3,2,4,2,4,0,0.0,neutral or dissatisfied
71612,Female,Loyal Customer,46,Business travel,Eco,1120,3,3,3,3,4,3,4,3,3,3,3,1,3,1,2,0.0,neutral or dissatisfied
60050,Female,disloyal Customer,14,Business travel,Eco Plus,1023,3,1,3,4,2,3,2,2,4,2,3,2,4,2,0,0.0,neutral or dissatisfied
50830,Male,Loyal Customer,24,Personal Travel,Eco,109,3,5,0,3,5,0,5,5,4,3,5,3,4,5,47,55.0,neutral or dissatisfied
93853,Male,disloyal Customer,27,Business travel,Eco Plus,391,2,2,2,4,1,2,2,1,3,1,3,4,3,1,0,0.0,neutral or dissatisfied
24286,Male,Loyal Customer,20,Personal Travel,Eco,170,1,2,1,4,3,1,3,3,3,5,4,4,3,3,19,16.0,neutral or dissatisfied
108983,Female,Loyal Customer,54,Business travel,Business,1676,5,5,5,5,5,4,4,5,5,5,5,4,5,3,1,1.0,satisfied
61284,Male,Loyal Customer,36,Personal Travel,Eco,967,1,2,1,3,1,1,1,1,2,2,3,2,3,1,23,41.0,neutral or dissatisfied
10979,Female,Loyal Customer,56,Business travel,Eco,458,4,1,1,1,1,5,3,4,4,4,4,5,4,1,0,0.0,satisfied
91925,Male,disloyal Customer,35,Business travel,Eco,2586,3,3,3,3,4,3,4,4,1,5,3,3,4,4,0,0.0,neutral or dissatisfied
54023,Female,Loyal Customer,38,Personal Travel,Eco,1091,4,1,4,4,5,4,5,5,3,2,3,3,3,5,60,41.0,neutral or dissatisfied
116323,Male,Loyal Customer,45,Personal Travel,Eco,296,4,4,4,4,3,4,3,3,2,3,4,1,4,3,7,4.0,neutral or dissatisfied
39989,Female,Loyal Customer,43,Business travel,Eco,508,4,3,3,3,5,3,5,4,4,4,4,1,4,5,6,0.0,satisfied
87677,Female,Loyal Customer,29,Business travel,Eco,591,2,1,1,1,2,2,2,2,1,2,4,2,4,2,18,4.0,neutral or dissatisfied
126495,Female,Loyal Customer,33,Personal Travel,Eco,1849,1,1,1,2,2,1,2,2,3,3,2,4,2,2,0,2.0,neutral or dissatisfied
90842,Male,Loyal Customer,42,Business travel,Business,3434,4,4,4,4,4,4,4,5,5,5,5,4,5,5,4,0.0,satisfied
96449,Female,disloyal Customer,21,Business travel,Eco,302,3,5,4,3,5,4,5,5,3,5,5,5,5,5,0,0.0,neutral or dissatisfied
125125,Male,Loyal Customer,39,Personal Travel,Eco,361,2,5,2,4,5,2,5,5,3,2,4,3,5,5,0,0.0,neutral or dissatisfied
36042,Female,Loyal Customer,47,Business travel,Business,399,5,5,5,5,4,5,5,4,3,1,1,5,4,5,175,191.0,satisfied
127913,Male,disloyal Customer,49,Business travel,Business,1671,1,1,1,2,4,1,1,4,4,5,4,4,5,4,0,0.0,neutral or dissatisfied
17253,Female,disloyal Customer,19,Business travel,Eco,872,5,5,5,4,1,0,4,1,1,1,4,2,3,1,3,1.0,satisfied
103032,Female,disloyal Customer,37,Business travel,Business,460,2,2,2,3,2,2,2,2,3,3,4,5,4,2,0,0.0,neutral or dissatisfied
86042,Male,Loyal Customer,18,Personal Travel,Eco,447,2,3,4,3,4,4,4,4,3,1,2,2,1,4,0,0.0,neutral or dissatisfied
90293,Female,disloyal Customer,15,Business travel,Eco,757,1,1,1,4,2,1,4,2,1,2,3,4,3,2,54,39.0,neutral or dissatisfied
98979,Female,Loyal Customer,43,Personal Travel,Eco,543,4,5,4,3,3,3,4,3,3,4,3,4,3,2,16,20.0,neutral or dissatisfied
95388,Male,Loyal Customer,26,Personal Travel,Eco,239,2,4,0,3,3,0,3,3,5,2,5,5,5,3,2,5.0,neutral or dissatisfied
18369,Male,Loyal Customer,12,Personal Travel,Eco,169,3,5,3,4,3,3,3,3,5,4,4,5,4,3,0,5.0,neutral or dissatisfied
32923,Male,Loyal Customer,60,Personal Travel,Eco,121,0,1,0,1,1,0,1,1,3,4,1,4,2,1,0,0.0,satisfied
58881,Male,Loyal Customer,48,Business travel,Business,2866,2,2,2,2,2,5,4,4,4,4,4,5,4,3,12,27.0,satisfied
114162,Male,Loyal Customer,56,Business travel,Business,3068,1,1,1,1,5,4,5,5,5,5,5,3,5,5,1,0.0,satisfied
91961,Male,Loyal Customer,66,Personal Travel,Eco,2586,2,4,2,3,2,2,2,2,5,3,4,2,3,2,0,0.0,neutral or dissatisfied
128506,Female,Loyal Customer,27,Personal Travel,Eco,651,2,5,2,4,1,2,2,1,4,1,5,1,3,1,0,0.0,neutral or dissatisfied
13494,Female,Loyal Customer,37,Business travel,Business,106,2,2,2,2,4,4,2,5,5,5,4,3,5,2,0,0.0,satisfied
39215,Female,Loyal Customer,54,Business travel,Eco,67,5,5,5,5,3,2,3,5,5,5,5,4,5,3,84,92.0,satisfied
71176,Male,Loyal Customer,29,Business travel,Business,2232,3,3,5,3,5,5,5,5,5,2,5,4,5,5,33,31.0,satisfied
77523,Female,Loyal Customer,52,Business travel,Business,3755,2,2,2,2,3,4,5,4,4,4,4,4,4,5,61,55.0,satisfied
23339,Male,Loyal Customer,29,Personal Travel,Eco,456,3,5,3,3,5,3,4,5,2,4,3,4,4,5,51,46.0,neutral or dissatisfied
4219,Female,Loyal Customer,31,Personal Travel,Eco,888,4,4,4,3,3,4,3,3,5,5,4,3,4,3,0,0.0,neutral or dissatisfied
104622,Male,disloyal Customer,12,Business travel,Eco,861,2,2,2,4,2,2,2,2,3,3,4,1,4,2,0,0.0,neutral or dissatisfied
34277,Male,disloyal Customer,24,Business travel,Eco,496,3,3,3,2,5,3,5,5,2,1,2,1,3,5,0,0.0,neutral or dissatisfied
83617,Female,disloyal Customer,20,Business travel,Eco,409,4,0,4,5,2,4,2,2,4,3,4,4,5,2,0,0.0,satisfied
19279,Female,Loyal Customer,67,Personal Travel,Eco,430,1,4,3,3,5,4,4,3,3,3,4,3,3,3,0,3.0,neutral or dissatisfied
129510,Female,Loyal Customer,59,Personal Travel,Eco,1744,2,1,2,2,5,2,2,1,1,2,1,3,1,4,0,0.0,neutral or dissatisfied
89756,Male,Loyal Customer,29,Personal Travel,Eco,1076,1,4,1,1,4,1,4,4,4,5,4,3,5,4,0,0.0,neutral or dissatisfied
44711,Male,Loyal Customer,31,Personal Travel,Eco,67,2,5,2,5,4,2,4,4,3,5,5,4,4,4,0,17.0,neutral or dissatisfied
32071,Male,Loyal Customer,38,Business travel,Eco,163,4,3,3,3,4,4,4,4,5,3,3,5,4,4,0,0.0,satisfied
83208,Male,Loyal Customer,68,Personal Travel,Eco,1123,1,5,1,1,5,1,5,5,3,4,4,4,4,5,0,0.0,neutral or dissatisfied
79973,Male,Loyal Customer,38,Business travel,Eco,676,2,4,4,4,2,2,2,2,4,3,4,1,3,2,4,10.0,neutral or dissatisfied
93272,Female,disloyal Customer,28,Business travel,Eco,867,2,1,1,4,1,1,1,1,4,4,4,2,4,1,30,22.0,neutral or dissatisfied
98587,Female,disloyal Customer,23,Business travel,Eco,834,4,4,4,2,2,4,2,2,5,5,4,3,4,2,0,0.0,satisfied
21070,Female,Loyal Customer,37,Business travel,Business,3455,2,2,2,2,2,3,1,5,5,5,5,3,5,3,0,0.0,satisfied
94759,Male,disloyal Customer,37,Business travel,Business,239,5,5,5,5,1,5,1,1,5,2,5,4,5,1,2,0.0,satisfied
31572,Male,Loyal Customer,47,Business travel,Eco,771,5,4,1,4,5,5,5,5,4,1,4,4,5,5,11,0.0,satisfied
68139,Female,disloyal Customer,39,Business travel,Business,868,3,4,4,5,2,4,2,2,5,4,4,3,4,2,0,2.0,neutral or dissatisfied
56748,Female,Loyal Customer,39,Business travel,Business,1852,2,2,2,2,2,5,5,4,4,4,4,3,4,3,0,0.0,satisfied
89536,Male,Loyal Customer,44,Business travel,Business,2169,3,3,1,3,5,5,4,2,2,2,2,4,2,3,0,0.0,satisfied
25982,Male,Loyal Customer,35,Business travel,Eco,577,3,3,3,3,3,3,3,3,1,2,5,1,2,3,2,0.0,satisfied
110911,Male,Loyal Customer,43,Business travel,Business,581,2,4,4,4,1,3,3,2,2,2,2,2,2,2,32,39.0,neutral or dissatisfied
31082,Male,Loyal Customer,58,Personal Travel,Eco Plus,641,2,4,2,4,3,2,3,3,5,4,4,5,5,3,0,0.0,neutral or dissatisfied
34260,Female,Loyal Customer,17,Personal Travel,Business,496,5,5,5,3,4,5,4,4,4,2,5,3,4,4,0,0.0,satisfied
21818,Male,Loyal Customer,52,Business travel,Eco Plus,352,4,2,2,2,4,4,4,4,1,4,3,1,4,4,0,0.0,satisfied
92505,Male,Loyal Customer,53,Business travel,Business,419,1,2,2,2,3,4,3,1,1,2,1,3,1,4,0,0.0,neutral or dissatisfied
82334,Male,Loyal Customer,49,Business travel,Business,2020,3,3,3,3,3,5,4,4,4,4,4,3,4,4,0,4.0,satisfied
79664,Male,Loyal Customer,31,Personal Travel,Eco,762,4,4,4,5,1,4,5,1,4,2,4,4,5,1,1,13.0,neutral or dissatisfied
99872,Male,Loyal Customer,53,Business travel,Business,1436,1,1,1,1,4,5,4,4,4,4,4,3,4,5,0,0.0,satisfied
19909,Male,Loyal Customer,43,Business travel,Eco,343,5,2,2,2,5,5,5,5,1,1,5,3,5,5,0,0.0,satisfied
107820,Female,disloyal Customer,38,Business travel,Eco,349,3,3,3,3,5,3,5,5,2,4,3,2,3,5,23,33.0,neutral or dissatisfied
2001,Female,Loyal Customer,51,Business travel,Business,295,2,2,2,2,2,4,4,4,4,4,4,3,4,3,0,0.0,satisfied
116541,Male,Loyal Customer,18,Personal Travel,Eco,337,4,4,4,4,5,4,5,5,5,5,5,4,4,5,0,0.0,neutral or dissatisfied
22894,Male,Loyal Customer,56,Business travel,Eco Plus,302,5,2,2,2,5,5,5,5,5,4,1,3,4,5,9,0.0,satisfied
86584,Male,Loyal Customer,50,Business travel,Eco,1269,2,3,3,3,2,2,2,2,2,3,4,2,4,2,31,25.0,neutral or dissatisfied
16726,Female,disloyal Customer,39,Business travel,Business,1167,5,5,5,1,4,5,4,4,1,1,4,4,1,4,0,0.0,satisfied
16572,Female,Loyal Customer,40,Business travel,Business,3866,1,3,3,3,2,2,3,1,1,1,1,2,1,1,0,0.0,neutral or dissatisfied
69394,Female,disloyal Customer,43,Business travel,Eco,1035,2,2,2,3,4,2,4,4,3,2,2,3,3,4,0,25.0,neutral or dissatisfied
71486,Female,Loyal Customer,50,Business travel,Business,3105,2,2,2,2,1,4,4,2,2,2,2,1,2,3,13,26.0,neutral or dissatisfied
59749,Male,disloyal Customer,25,Business travel,Business,895,4,0,4,3,3,4,3,3,5,2,5,4,4,3,14,12.0,satisfied
97679,Female,Loyal Customer,29,Personal Travel,Eco,272,1,2,1,4,3,1,3,3,4,2,4,2,3,3,22,13.0,neutral or dissatisfied
128200,Female,Loyal Customer,26,Business travel,Business,3846,1,1,1,1,4,4,4,4,3,2,5,4,4,4,16,7.0,satisfied
26710,Female,Loyal Customer,61,Personal Travel,Eco,406,3,4,3,3,4,5,5,5,5,3,5,4,5,5,35,47.0,neutral or dissatisfied
100544,Female,Loyal Customer,29,Business travel,Business,2117,3,3,3,3,4,4,4,4,3,3,4,5,4,4,26,25.0,satisfied
75373,Male,Loyal Customer,52,Business travel,Business,2218,2,5,5,5,5,4,3,2,2,2,2,1,2,3,0,0.0,neutral or dissatisfied
115755,Female,Loyal Customer,40,Business travel,Business,2614,3,5,5,5,1,2,2,3,3,3,3,2,3,2,0,0.0,neutral or dissatisfied
89095,Male,Loyal Customer,55,Business travel,Business,2092,3,3,3,3,2,4,4,3,3,4,3,5,3,5,1,0.0,satisfied
32907,Male,Loyal Customer,48,Personal Travel,Eco,101,2,4,2,4,4,2,4,4,3,4,4,3,4,4,0,0.0,neutral or dissatisfied
95731,Male,Loyal Customer,40,Business travel,Business,1642,0,4,0,4,2,4,4,4,4,1,1,3,4,3,4,0.0,satisfied
83309,Female,Loyal Customer,45,Business travel,Business,1671,4,2,4,4,5,5,4,5,5,5,5,4,5,4,0,0.0,satisfied
72367,Female,Loyal Customer,19,Business travel,Business,3832,4,4,4,4,5,5,5,5,4,3,4,5,4,5,2,0.0,satisfied
35828,Female,Loyal Customer,23,Business travel,Business,2310,3,3,3,3,5,5,5,5,2,4,1,3,5,5,0,9.0,satisfied
116063,Male,Loyal Customer,50,Personal Travel,Eco,337,3,3,3,5,1,3,1,1,2,5,5,5,4,1,0,2.0,neutral or dissatisfied
12993,Female,disloyal Customer,43,Business travel,Eco,374,3,5,3,4,2,3,2,2,2,1,5,1,1,2,0,0.0,neutral or dissatisfied
50590,Female,Loyal Customer,20,Personal Travel,Eco,109,4,4,4,3,5,4,5,5,3,5,5,5,5,5,26,32.0,satisfied
57174,Female,Loyal Customer,55,Business travel,Business,2227,4,3,3,3,3,4,3,4,4,4,4,3,4,1,111,77.0,neutral or dissatisfied
128764,Male,Loyal Customer,42,Business travel,Business,2761,1,5,5,5,5,3,4,1,1,1,1,4,1,3,0,0.0,neutral or dissatisfied
22546,Female,Loyal Customer,45,Business travel,Business,1756,3,3,3,3,3,5,5,5,5,5,5,4,5,5,0,3.0,satisfied
85463,Female,disloyal Customer,40,Business travel,Business,214,1,1,1,3,2,1,2,2,1,2,4,1,3,2,0,0.0,neutral or dissatisfied
101671,Male,Loyal Customer,45,Personal Travel,Eco,2106,2,5,2,4,2,2,2,2,1,5,5,3,3,2,9,0.0,neutral or dissatisfied
50843,Female,Loyal Customer,46,Personal Travel,Eco,109,3,0,3,3,3,4,5,4,4,3,4,4,4,4,17,21.0,neutral or dissatisfied
84966,Female,Loyal Customer,19,Personal Travel,Eco Plus,534,2,2,2,3,3,2,3,3,3,4,3,3,4,3,13,0.0,neutral or dissatisfied
77497,Female,disloyal Customer,25,Business travel,Eco,589,3,1,3,3,1,3,1,1,1,3,3,1,3,1,0,0.0,neutral or dissatisfied
37127,Female,Loyal Customer,45,Business travel,Eco,1046,3,3,3,3,4,3,3,3,3,3,3,1,3,2,12,2.0,neutral or dissatisfied
22937,Male,Loyal Customer,41,Business travel,Eco,489,3,3,1,1,3,3,3,3,3,1,4,1,1,3,0,0.0,satisfied
97402,Female,Loyal Customer,37,Business travel,Business,3560,5,5,5,5,5,5,5,5,5,5,5,4,5,5,48,38.0,satisfied
59369,Female,Loyal Customer,44,Business travel,Eco,2504,2,2,5,2,2,3,2,2,2,2,2,1,2,4,12,2.0,neutral or dissatisfied
106653,Female,Loyal Customer,31,Business travel,Business,1590,1,1,1,1,5,5,5,5,3,3,4,4,5,5,0,0.0,satisfied
115866,Male,disloyal Customer,27,Business travel,Business,358,2,2,2,3,1,2,1,1,2,2,3,3,1,1,0,0.0,neutral or dissatisfied
57060,Female,Loyal Customer,31,Personal Travel,Eco,2133,1,1,2,4,5,2,5,5,3,2,3,3,4,5,12,11.0,neutral or dissatisfied
97808,Female,Loyal Customer,59,Business travel,Business,2960,4,4,4,4,3,4,5,2,2,2,2,5,2,4,54,37.0,satisfied
54393,Male,Loyal Customer,19,Business travel,Business,305,2,3,3,3,2,2,2,2,3,5,3,1,3,2,0,0.0,neutral or dissatisfied
117182,Female,Loyal Customer,39,Personal Travel,Eco,646,1,3,1,2,4,1,4,4,4,3,2,2,3,4,0,0.0,neutral or dissatisfied
11542,Female,disloyal Customer,25,Business travel,Business,657,3,0,3,2,5,3,5,5,5,5,5,3,5,5,2,0.0,neutral or dissatisfied
110805,Female,Loyal Customer,55,Personal Travel,Eco,1128,1,5,1,3,3,3,4,2,2,1,2,4,2,4,0,24.0,neutral or dissatisfied
117169,Female,Loyal Customer,64,Personal Travel,Eco,325,2,3,2,4,3,3,3,1,1,2,1,2,1,1,25,19.0,neutral or dissatisfied
97322,Male,disloyal Customer,37,Business travel,Business,1020,3,3,3,1,5,3,5,5,4,4,4,5,4,5,4,3.0,neutral or dissatisfied
79816,Female,disloyal Customer,37,Business travel,Business,1080,3,3,3,5,3,4,5,3,3,4,4,5,5,5,125,206.0,neutral or dissatisfied
117881,Male,disloyal Customer,38,Business travel,Business,365,3,4,4,1,2,4,1,2,3,2,5,5,4,2,7,1.0,neutral or dissatisfied
109453,Male,Loyal Customer,52,Business travel,Business,1990,3,3,3,3,3,5,4,5,5,5,5,3,5,4,1,0.0,satisfied
122982,Female,Loyal Customer,58,Business travel,Business,328,2,2,2,2,2,4,5,4,4,4,4,5,4,3,0,0.0,satisfied
107381,Female,disloyal Customer,37,Business travel,Business,725,3,3,3,3,5,3,5,5,5,5,5,3,5,5,60,60.0,neutral or dissatisfied
67459,Male,Loyal Customer,62,Personal Travel,Eco,592,3,2,3,3,3,3,3,3,1,2,4,4,3,3,0,4.0,neutral or dissatisfied
58483,Female,Loyal Customer,26,Business travel,Business,3718,1,1,1,1,4,4,4,4,4,4,4,3,4,4,24,11.0,satisfied
116191,Male,Loyal Customer,19,Personal Travel,Eco,362,1,1,1,3,2,1,1,2,2,3,4,1,3,2,0,0.0,neutral or dissatisfied
69441,Female,Loyal Customer,45,Personal Travel,Eco,1096,1,2,1,4,5,4,3,3,3,1,3,1,3,1,0,1.0,neutral or dissatisfied
107743,Female,Loyal Customer,62,Personal Travel,Eco,405,2,1,2,3,2,3,3,2,1,3,4,3,2,3,249,288.0,neutral or dissatisfied
67196,Female,Loyal Customer,24,Personal Travel,Eco,1121,2,4,2,2,2,2,2,2,3,3,4,3,4,2,8,0.0,neutral or dissatisfied
112967,Female,disloyal Customer,26,Business travel,Business,1164,3,3,3,2,2,3,2,2,5,5,5,4,4,2,0,0.0,neutral or dissatisfied
15311,Female,Loyal Customer,57,Business travel,Eco,599,5,4,2,4,3,5,3,5,5,5,5,5,5,5,0,8.0,satisfied
7899,Male,Loyal Customer,43,Business travel,Business,3892,4,4,4,4,2,4,5,5,5,5,5,4,5,4,0,1.0,satisfied
111745,Female,Loyal Customer,59,Business travel,Eco,1154,3,4,4,4,4,2,2,3,3,3,3,4,3,4,6,0.0,neutral or dissatisfied
26516,Female,Loyal Customer,33,Business travel,Business,2232,4,4,4,4,2,5,4,5,5,5,5,1,5,2,7,6.0,satisfied
9447,Female,Loyal Customer,49,Business travel,Business,368,2,2,2,2,2,5,5,4,4,4,4,5,4,3,0,0.0,satisfied
83459,Female,Loyal Customer,35,Business travel,Business,2755,3,3,3,3,4,5,5,5,5,5,5,3,5,3,0,17.0,satisfied
116595,Female,Loyal Customer,24,Business travel,Business,1765,4,4,4,4,4,4,4,4,5,4,4,4,4,4,27,18.0,satisfied
46085,Male,Loyal Customer,41,Business travel,Business,3800,5,5,5,5,4,3,3,4,4,4,4,5,4,5,0,0.0,satisfied
64474,Male,disloyal Customer,21,Business travel,Eco,282,0,5,0,3,2,0,2,2,4,2,5,4,5,2,2,8.0,satisfied
24757,Male,Loyal Customer,45,Business travel,Business,432,3,3,3,3,1,2,1,5,5,5,5,3,5,4,3,0.0,satisfied
41625,Male,Loyal Customer,68,Personal Travel,Eco Plus,1269,1,2,1,4,1,1,3,1,3,3,4,4,3,1,0,0.0,neutral or dissatisfied
19878,Female,Loyal Customer,39,Business travel,Business,2433,5,5,5,5,2,4,1,5,5,5,5,1,5,4,15,17.0,satisfied
53320,Male,Loyal Customer,29,Personal Travel,Eco,901,2,1,2,4,1,2,1,1,2,3,4,3,4,1,0,0.0,neutral or dissatisfied
111735,Female,Loyal Customer,59,Business travel,Business,2171,4,4,4,4,2,5,5,5,5,5,5,4,5,4,10,5.0,satisfied
47688,Female,disloyal Customer,70,Personal Travel,Eco,1464,4,5,4,2,5,4,2,5,3,3,3,3,4,5,15,11.0,neutral or dissatisfied
38397,Male,disloyal Customer,22,Business travel,Eco,898,1,1,1,3,2,1,2,2,2,1,4,4,4,2,0,0.0,neutral or dissatisfied
125117,Male,disloyal Customer,26,Business travel,Business,361,3,2,3,4,5,3,5,5,4,3,4,2,4,5,0,0.0,neutral or dissatisfied
101852,Male,Loyal Customer,50,Business travel,Business,519,5,5,5,5,4,4,4,4,4,4,4,5,4,5,1,0.0,satisfied
40184,Female,disloyal Customer,37,Business travel,Eco,358,2,0,1,2,4,1,4,4,1,1,3,1,2,4,0,0.0,neutral or dissatisfied
87836,Male,Loyal Customer,51,Personal Travel,Eco,214,2,0,2,2,5,2,3,5,3,4,5,3,4,5,38,66.0,neutral or dissatisfied
9062,Female,disloyal Customer,54,Business travel,Eco,160,3,2,3,4,2,3,2,2,4,5,4,4,3,2,0,11.0,neutral or dissatisfied
91809,Female,Loyal Customer,15,Personal Travel,Eco,590,4,4,4,2,5,4,3,5,5,4,5,3,5,5,0,0.0,neutral or dissatisfied
79646,Male,Loyal Customer,45,Business travel,Eco,362,4,1,1,1,4,4,4,4,5,1,4,2,5,4,0,0.0,satisfied
125349,Male,disloyal Customer,11,Business travel,Eco,599,2,4,3,1,1,3,1,1,3,3,5,3,5,1,0,5.0,neutral or dissatisfied
81575,Male,Loyal Customer,57,Business travel,Business,2370,3,3,3,3,3,4,4,5,5,5,5,5,5,4,0,0.0,satisfied
68696,Male,Loyal Customer,7,Personal Travel,Eco,175,4,4,4,2,4,4,4,4,3,2,5,5,5,4,6,0.0,satisfied
80414,Female,Loyal Customer,43,Business travel,Business,2248,2,2,2,2,3,4,4,5,5,5,5,3,5,5,0,0.0,satisfied
2371,Male,Loyal Customer,69,Business travel,Eco Plus,925,3,4,4,4,3,3,3,3,3,1,3,3,4,3,0,4.0,neutral or dissatisfied
49554,Male,Loyal Customer,52,Business travel,Business,2047,4,4,4,4,3,2,5,5,5,5,5,4,5,2,11,27.0,satisfied
25516,Male,disloyal Customer,47,Business travel,Eco,116,3,0,3,1,5,3,5,5,5,3,4,1,5,5,19,4.0,neutral or dissatisfied
129513,Female,Loyal Customer,16,Personal Travel,Eco,1744,4,3,4,3,4,4,4,4,1,2,3,1,3,4,1,0.0,neutral or dissatisfied
122780,Male,disloyal Customer,40,Business travel,Business,599,4,3,3,3,5,3,5,5,5,5,5,3,4,5,0,0.0,satisfied
125276,Female,Loyal Customer,56,Personal Travel,Business,678,4,5,4,2,5,5,5,3,3,4,3,4,3,5,0,3.0,satisfied
93703,Female,Loyal Customer,59,Business travel,Business,689,5,5,5,5,3,4,4,5,5,5,5,4,5,3,55,46.0,satisfied
50482,Male,Loyal Customer,36,Business travel,Eco,262,3,3,3,3,3,4,3,3,3,2,2,4,2,3,0,0.0,satisfied
127091,Male,Loyal Customer,74,Business travel,Business,251,3,5,5,5,2,3,3,3,3,3,3,1,3,4,6,12.0,neutral or dissatisfied
59052,Female,Loyal Customer,36,Business travel,Business,1723,2,2,1,2,4,4,5,4,4,5,4,3,4,3,113,88.0,satisfied
92777,Female,Loyal Customer,33,Business travel,Business,1671,5,5,5,5,5,4,5,2,2,2,2,4,2,5,2,4.0,satisfied
40891,Female,Loyal Customer,59,Personal Travel,Eco,588,2,4,2,4,5,5,4,2,2,2,2,5,2,3,7,0.0,neutral or dissatisfied
53165,Male,disloyal Customer,26,Business travel,Eco,612,1,4,1,1,4,1,2,4,3,5,4,3,1,4,0,0.0,neutral or dissatisfied
119044,Male,Loyal Customer,41,Business travel,Business,2279,4,1,4,4,3,4,5,5,5,5,5,4,5,5,0,0.0,satisfied
127614,Female,Loyal Customer,43,Business travel,Business,1773,5,4,5,5,5,3,5,4,4,4,4,5,4,3,0,15.0,satisfied
87078,Female,Loyal Customer,31,Business travel,Business,3028,3,3,3,3,3,3,3,3,2,3,2,3,1,3,0,0.0,neutral or dissatisfied
96934,Female,Loyal Customer,32,Business travel,Business,3252,1,1,1,1,2,2,2,2,3,5,5,3,4,2,0,0.0,satisfied
85548,Male,Loyal Customer,58,Business travel,Business,2314,0,1,1,2,2,5,4,1,1,1,1,3,1,5,0,0.0,satisfied
102291,Female,Loyal Customer,35,Business travel,Business,258,1,2,2,2,4,4,3,1,1,1,1,3,1,2,10,10.0,neutral or dissatisfied
22930,Male,Loyal Customer,42,Business travel,Eco,817,4,2,2,2,4,4,4,4,3,4,3,1,5,4,0,1.0,satisfied
69664,Female,Loyal Customer,9,Personal Travel,Eco,569,1,4,0,1,1,0,1,1,3,5,4,3,5,1,0,0.0,neutral or dissatisfied
111683,Male,disloyal Customer,22,Business travel,Business,541,1,2,0,4,1,0,1,1,4,5,4,2,4,1,44,44.0,neutral or dissatisfied
23174,Male,Loyal Customer,30,Personal Travel,Eco,223,2,0,2,1,2,2,2,2,4,5,4,3,4,2,49,47.0,neutral or dissatisfied
85727,Female,Loyal Customer,16,Personal Travel,Business,666,1,5,1,4,1,1,1,1,4,3,5,5,4,1,0,0.0,neutral or dissatisfied
113207,Male,Loyal Customer,27,Business travel,Business,197,4,4,4,4,4,4,4,4,4,4,4,4,5,4,1,0.0,satisfied
74054,Female,Loyal Customer,47,Personal Travel,Eco Plus,1194,2,5,2,5,4,5,4,3,3,2,5,4,3,4,0,0.0,neutral or dissatisfied
104973,Female,Loyal Customer,49,Business travel,Eco,314,2,5,2,5,5,4,4,2,2,2,2,3,2,4,11,27.0,neutral or dissatisfied
124067,Female,Loyal Customer,30,Personal Travel,Eco,2153,0,4,0,1,4,0,4,4,3,5,5,4,4,4,5,0.0,satisfied
122188,Male,Loyal Customer,53,Business travel,Business,2561,2,2,2,2,3,4,4,4,4,4,4,4,4,4,0,0.0,satisfied
77476,Female,disloyal Customer,40,Business travel,Business,2125,1,1,1,3,5,1,5,5,5,2,4,3,5,5,3,0.0,neutral or dissatisfied
85107,Female,disloyal Customer,21,Business travel,Eco,731,4,4,4,2,5,4,5,5,3,4,5,3,5,5,1,0.0,satisfied
58474,Male,disloyal Customer,45,Business travel,Business,719,5,5,5,2,3,5,3,3,5,2,4,5,4,3,0,0.0,satisfied
3901,Male,Loyal Customer,25,Personal Travel,Eco,213,2,2,2,4,1,2,1,1,4,1,4,1,3,1,0,0.0,neutral or dissatisfied
100094,Female,Loyal Customer,22,Business travel,Business,3858,5,5,5,5,2,2,2,2,4,3,4,3,4,2,0,0.0,satisfied
10762,Female,Loyal Customer,60,Business travel,Business,308,5,5,5,5,4,4,5,4,4,4,4,3,4,5,0,0.0,satisfied
29097,Male,Loyal Customer,57,Personal Travel,Eco,954,1,4,1,4,2,1,2,2,4,4,4,1,3,2,0,0.0,neutral or dissatisfied
76825,Male,disloyal Customer,24,Business travel,Eco,1851,4,4,4,4,3,4,3,3,3,5,3,5,5,3,6,0.0,satisfied
91390,Male,Loyal Customer,55,Business travel,Eco,2218,1,2,2,2,1,1,1,1,2,5,3,2,3,1,20,7.0,neutral or dissatisfied
119703,Female,Loyal Customer,60,Business travel,Business,1430,5,5,5,5,4,5,4,5,5,5,5,5,5,3,50,42.0,satisfied
52545,Female,Loyal Customer,38,Business travel,Eco,160,5,3,5,3,5,5,5,5,1,3,1,2,2,5,0,0.0,satisfied
70654,Male,Loyal Customer,60,Business travel,Business,946,1,1,1,1,4,5,5,4,4,4,4,3,4,3,0,0.0,satisfied
55218,Female,Loyal Customer,52,Business travel,Business,1009,2,2,2,2,2,4,5,4,4,4,4,3,4,5,16,5.0,satisfied
8484,Male,Loyal Customer,60,Business travel,Business,677,1,1,1,1,4,4,4,4,3,4,4,4,4,4,174,172.0,satisfied
66778,Male,Loyal Customer,47,Personal Travel,Eco Plus,802,4,1,4,4,4,4,4,4,1,1,4,2,3,4,16,17.0,neutral or dissatisfied
118643,Male,Loyal Customer,51,Business travel,Business,1516,5,5,2,5,5,4,5,4,4,4,4,4,4,3,4,4.0,satisfied
117964,Female,Loyal Customer,62,Personal Travel,Eco,365,2,4,2,3,2,4,4,3,3,2,4,3,3,3,12,10.0,neutral or dissatisfied
80670,Female,Loyal Customer,62,Personal Travel,Eco,821,0,2,1,2,1,2,3,2,2,1,2,4,2,3,0,0.0,satisfied
82524,Male,Loyal Customer,38,Business travel,Eco,249,5,2,2,2,5,5,5,5,3,2,5,3,2,5,75,65.0,satisfied
100734,Male,disloyal Customer,34,Business travel,Business,328,3,3,3,1,2,3,5,2,4,2,4,5,5,2,0,0.0,neutral or dissatisfied
106522,Male,Loyal Customer,39,Personal Travel,Eco,271,3,3,1,4,3,1,3,3,4,2,3,4,4,3,24,22.0,neutral or dissatisfied
100608,Male,Loyal Customer,44,Business travel,Business,1670,3,3,3,3,5,4,4,2,2,2,2,4,2,3,0,0.0,satisfied
98995,Male,Loyal Customer,12,Personal Travel,Eco,543,1,5,1,2,3,1,3,3,3,5,5,4,5,3,1,0.0,neutral or dissatisfied
76840,Female,disloyal Customer,47,Business travel,Business,989,3,3,3,1,5,3,5,5,4,2,4,3,5,5,13,15.0,neutral or dissatisfied
88733,Male,Loyal Customer,15,Personal Travel,Eco,545,2,5,2,1,1,2,1,1,1,4,5,4,2,1,20,18.0,neutral or dissatisfied
52769,Female,Loyal Customer,23,Business travel,Eco,1874,3,3,2,3,3,3,4,3,1,3,4,4,4,3,0,0.0,neutral or dissatisfied
66988,Male,Loyal Customer,51,Business travel,Business,3968,2,2,2,2,3,4,4,5,5,5,5,5,5,3,0,0.0,satisfied
72111,Female,Loyal Customer,39,Business travel,Business,2581,3,4,4,4,5,3,4,3,3,2,3,3,3,2,0,0.0,neutral or dissatisfied
126264,Female,Loyal Customer,52,Business travel,Business,468,3,2,2,2,1,4,4,3,3,3,3,1,3,4,0,0.0,neutral or dissatisfied
118038,Male,disloyal Customer,43,Business travel,Business,1044,4,4,4,5,4,4,4,4,3,4,4,3,5,4,19,3.0,satisfied
11920,Male,Loyal Customer,67,Personal Travel,Eco,744,3,5,4,4,2,4,2,2,4,3,5,4,5,2,35,32.0,neutral or dissatisfied
41953,Female,disloyal Customer,22,Business travel,Eco,618,4,5,4,5,2,4,5,2,4,1,4,2,5,2,0,0.0,neutral or dissatisfied
87861,Male,Loyal Customer,23,Personal Travel,Eco,214,3,2,3,3,5,3,5,5,3,1,4,2,4,5,0,0.0,neutral or dissatisfied
122431,Female,disloyal Customer,23,Business travel,Eco,416,3,0,3,3,2,3,2,2,1,5,1,2,4,2,0,0.0,neutral or dissatisfied
100295,Male,disloyal Customer,27,Business travel,Business,1033,3,3,3,3,5,3,3,5,3,4,5,5,5,5,23,23.0,neutral or dissatisfied
18072,Female,Loyal Customer,28,Personal Travel,Eco,488,5,4,5,2,1,5,1,1,1,2,4,2,4,1,10,0.0,satisfied
68264,Female,Loyal Customer,68,Personal Travel,Eco,631,3,4,3,5,4,4,5,2,2,3,2,5,2,4,0,5.0,neutral or dissatisfied
91097,Male,Loyal Customer,49,Personal Travel,Eco,581,1,1,1,3,3,1,3,3,2,1,4,2,4,3,0,0.0,neutral or dissatisfied
91128,Male,Loyal Customer,38,Personal Travel,Eco,270,1,4,1,2,4,1,4,4,5,3,4,5,4,4,3,9.0,neutral or dissatisfied
58011,Male,Loyal Customer,43,Personal Travel,Eco,1162,1,5,0,3,5,0,5,5,3,3,4,5,4,5,0,0.0,neutral or dissatisfied
75807,Male,Loyal Customer,56,Business travel,Business,1679,5,5,5,5,2,5,5,4,4,4,4,5,4,4,0,0.0,satisfied
79466,Male,Loyal Customer,10,Personal Travel,Eco,1183,3,5,4,5,1,4,1,1,3,2,5,5,4,1,0,0.0,neutral or dissatisfied
57601,Female,Loyal Customer,52,Business travel,Business,3302,1,1,2,1,5,4,4,5,5,5,5,4,5,5,0,0.0,satisfied
60938,Female,Loyal Customer,52,Business travel,Business,3297,5,5,5,5,3,5,5,3,3,3,3,5,3,3,5,0.0,satisfied
36385,Male,Loyal Customer,60,Personal Travel,Eco,200,3,4,3,1,5,3,5,5,2,1,5,1,1,5,0,0.0,neutral or dissatisfied
73168,Male,Loyal Customer,52,Business travel,Business,3218,2,2,2,2,1,2,2,4,3,3,4,2,1,2,255,244.0,neutral or dissatisfied
118234,Male,Loyal Customer,44,Business travel,Business,1587,1,1,1,1,2,1,2,1,1,1,1,2,1,4,0,0.0,neutral or dissatisfied
17936,Male,Loyal Customer,53,Business travel,Business,214,4,4,4,4,2,4,2,4,4,4,5,1,4,5,0,0.0,satisfied
15376,Male,Loyal Customer,56,Business travel,Business,1858,3,3,5,3,1,2,1,5,5,5,5,5,5,1,0,0.0,satisfied
77402,Male,Loyal Customer,12,Personal Travel,Eco,532,3,4,3,1,5,3,5,5,5,5,4,4,4,5,0,0.0,neutral or dissatisfied
129069,Male,Loyal Customer,41,Business travel,Business,2342,2,2,2,2,4,4,4,3,3,5,4,4,5,4,3,0.0,satisfied
99918,Female,Loyal Customer,48,Business travel,Business,3175,2,5,5,5,2,2,2,2,4,4,4,2,1,2,334,330.0,neutral or dissatisfied
54925,Male,Loyal Customer,42,Business travel,Business,862,4,4,4,4,4,5,4,5,5,5,5,3,5,4,0,0.0,satisfied
50408,Female,Loyal Customer,25,Business travel,Business,1877,2,2,2,2,4,4,4,4,1,5,1,1,4,4,0,0.0,satisfied
9898,Female,disloyal Customer,19,Business travel,Eco,534,5,0,5,4,1,5,1,1,4,4,5,3,5,1,12,11.0,satisfied
42984,Male,disloyal Customer,33,Business travel,Eco,173,1,0,1,4,5,1,2,5,2,3,1,1,4,5,0,0.0,neutral or dissatisfied
27182,Male,Loyal Customer,10,Personal Travel,Eco,2640,2,4,2,3,2,1,1,4,3,4,5,1,5,1,0,0.0,neutral or dissatisfied
